LEM_wLE/input/small_rando_initial.asc
nrows	100
cellsize	150.0
xllcorner	0
ncols	100
yllcorner	0
NODATA_value	-9999
[rows 51 to 67 of 100, columns 0 to 36 of 100]
8.392818110607037224e-03 1.019178163734456299e-02 1.794482307676259492e-02 1.616288991898997413e-02 2.395860625399583513e-02 3.358420878130942422e-02 3.208174122694409242e-02 4.311684761112410946e-02 4.068166913537722001e-02 4.882809546233553982e-02 5.758429475408002873e-02 5.897738825842202548e-02 6.948331888999359496e-02 7.526589357615470766e-02 8.020631068361436244e-02 8.244735162511826476e-02 8.613571955613838482e-02 8.940575265413268358e-02 9.344049148241137526e-02 1.050822381473586753e-01 1.091772210595831766e-01 1.157588889124463866e-01 1.128015481308730777e-01 1.162347786644022801e-01 1.298144607141116236e-01 1.347857398708960652e-01 1.361510991953826799e-01 1.432928379179184142e-01 1.511509380807935510e-01 1.547978379928212911e-01 1.600589652353213710e-01 1.665299000924300998e-01 1.641410257704884190e-01 1.671880025504471068e-01 1.794888877248913828e-01 1.795172389662764434e-01 1.901540282693688355e-01
9.749586777120887796e-03 8.240093793509711481e-03 1.475128704567839517e-02 1.945447228878623494e-02 2.600984726965771543e-02 3.117431880360144181e-02 3.295489245883525403e-02 4.395076325622754992e-02 4.815938892651139280e-02 4.739018783593527961e-02 5.073505171558179150e-02 5.819047740454085654e-02 6.213736616158962306e-02 7.008351377685119454e-02 7.271000543790372139e-02 8.420079503718372327e-02 8.132445775888075268e-02 8.767750312399846813e-02 1.004315293404549891e-01 1.011525345108058305e-01 1.099755454579292024e-01 1.072619283930785483e-01 1.150148756997240451e-01 1.184806819781483722e-01 1.299853537128619063e-01 1.292965857554212450e-01 1.376112268115677328e-01 1.382071368877480777e-01 1.506107131574406510e-01 1.505714704147886884e-01 1.601209168011807904e-01 1.625075323907660685e-01 1.670677386820153265e-01 1.718444380901436030e-01 1.780300953874603409e-01 1.823305256032209110e-01 1.910877285747196452e-01
8.728394755072454644e-03 1.046172724054728054e-02 1.860211666941394282e-02 1.862992698532384139e-02 2.558038502166252309e-02 3.198392428625276146e-02 3.780772345525379441e-02 3.673743489378162447e-02 4.359827148945057823e-02 4.896960455920904703e-02 5.315930738442350978e-02 5.592586722091723306e-02 6.677853907666564393e-02 7.338141111562920815e-02 7.274919480775439429e-02 8.454843231891009947e-02 8.240716571547322677e-02 9.098094530109591960e-02 9.748168390766426272e-02 9.896948962306641173e-02 1.103634547631897195e-01 1.094944935797627500e-01 1.126737005918149320e-01 1.192597611997815443e-01 1.262205739651637015e-01 1.345438602231765479e-01 1.412550893160713916e-01 1.419560155738432972e-01 1.474630619961299072e-01 1.500330250498350393e-01 1.532957275746519021e-01 1.619616074949108420e-01 1.687940909856940619e-01 1.698788828540569729e-01 1.772580814090571055e-01 1.846126817409166343e-01 1.901035642545349236e-01
2.389047986999138715e-03 1.437111206241992178e-02 1.378032434246883459e-02 1.871591997732740056e-02 2.151954706266227119e-02 3.154836920301840736e-02 3.256582047154268217e-02 4.108788968526184970e-02 4.129721640310685810e-02 5.132411860616625798e-02 5.255112884225390107e-02 6.322448180948327112e-02 6.761579391418379159e-02 6.945084945833372714e-02 8.000649888989856684e-02 7.890091043934215065e-02 8.658742544733664948e-02 9.497685966457676543e-02 9.164936804956516636e-02 9.989733601078724934e-02 1.106162274622743968e-01 1.073921073991340180e-01 1.132497766879401874e-01 1.174116580962242390e-01 1.245122901968748752e-01 1.353057665052623260e-01 1.388488910080364347e-01 1.453360742627784752e-01 1.480939510996550079e-01 1.557193146789101479e-01 1.525409444135477632e-01 1.662726206638056314e-01 1.690270579288028485e-01 1.713974033554747367e-01 1.775651529267096851e-01 1.820757935238648539e-01 1.885070555677786641e-01
9.035844539165390626e-03 1.481189003431794896e-02 1.383168574244061574e-02 1.567100170898592937e-02 2.404656814407993976e-02 2.731199747086344651e-02 3.305931799422949513e-02 4.380792445301421451e-02 4.875100012348108219e-02 5.397130903054795509e-02 5.611954999886274026e-02 5.606648748873176158e-02 6.318950610479152907e-02 6.703736685918482152e-02 8.000488282409953800e-02 8.110919569618797731e-02 8.750338282729296091e-02 8.634558402115900810e-02 9.723969836247545184e-02 1.025019637120021532e-01 1.040512212019814170e-01 1.114807364787485655e-01 1.181063792305586946e-01 1.180962983983318143e-01 1.299440008070210928e-01 1.304208895880235863e-01 1.395037785421114618e-01 1.424865882869994771e-01 1.471746042542427524e-01 1.533237677565161827e-01 1.559059036563653911e-01 1.653630018834917614e-01 1.636225336354658333e-01 1.734112447017567005e-01 1.722765707253378908e-01 1.812419159615782094e-01 1.865148619148177256e-01
9.762552285145669959e-03 1.034448241705565597e-02 1.057781376815116435e-02 1.760532632922382976e-02 2.326976576136002492e-02 3.366909019565983430e-02 3.310825261399842623e-02 3.796805578476466353e-02 4.501402665741801451e-02 5.540796927757751095e-02 5.517803025054066057e-02 6.090222847996747124e-02 6.407132506361574997e-02 7.035059036155995316e-02 7.849252638024951934e-02 8.324524658987907111e-02 8.264694420388676854e-02 8.665469176847191701e-02 9.335492905642447936e-02 1.053639431964784046e-01 1.108735451238670178e-01 1.115713057797141916e-01 1.209496094714114650e-01 1.207613235616351727e-01 1.308525762051429009e-01 1.354262436211183251e-01 1.343433523843942934e-01 1.392959216636208142e-01 1.512404702543659052e-01 1.525712595905404367e-01 1.602673119245670852e-01 1.645753394629549116e-01 1.680332391988045015e-01 1.763663002817218162e-01 1.744579354889600475e-01 1.812935283342814174e-01 1.857598767733749934e-01
8.769847284209264732e-04 6.077332052950700642e-03 1.245411750238913789e-02 2.340656017581654175e-02 2.050403854894231742e-02 3.320350745617983712e-02 3.441787709650978577e-02 3.652821818264179177e-02 4.784147360426042189e-02 5.086150238471420781e-02 5.377346466872694186e-02 6.413446391203986297e-02 7.006058018691950495e-02 7.216536882518773122e-02 7.791084725531331745e-02 7.877562593442195837e-02 9.045731009220386865e-02 9.450067342443632668e-02 1.000575623105433992e-01 1.002616017272894705e-01 1.098984878885411326e-01 1.100141508687074166e-01 1.204287180790705319e-01 1.259645246926709983e-01 1.214558299458016188e-01 1.268250492208915503e-01 1.361683967235317871e-01 1.416137280939533671e-01 1.481295872312765327e-01 1.503098604225434898e-01 1.570724957940568822e-01 1.617719579665310992e-01 1.714220144359540343e-01 1.668702402856973299e-01 1.750065204414850417e-01 1.865597852742506835e-01 1.827023002134549601e-01
6.221065917130529088e-03 8.857454966449849684e-03 1.416541643174277013e-02 1.549629034263808741e-02 2.259753931189343104e-02 2.531589443905707393e-02 4.025025281269482141e-02 3.809414669318220842e-02 4.857568317885815889e-02 5.178048234897500435e-02 5.550063127497730647e-02 5.836938833010164862e-02 6.654671610848808538e-02 6.736235727415988694e-02 7.536984458477649640e-02 7.903586503765450133e-02 8.482558156043659703e-02 8.867564576377350016e-02 9.517785659481092786e-02 9.834017376941825428e-02 1.025294597232019600e-01 1.070902021176713959e-01 1.125914891695424663e-01 1.194973774785944853e-01 1.279422247072751762e-01 1.350328026543179682e-01 1.396057905895349005e-01 1.393185988485110827e-01 1.441101370082553401e-01 1.473453500714720088e-01 1.592548375038055908e-01 1.658835871653049354e-01 1.630394870277216968e-01 1.757803455112361135e-01 1.754124483588820060e-01 1.826162983521151806e-01 1.875472558156333069e-01
9.675647279733478462e-03 7.749222481454940206e-03 1.585495763574422054e-02 1.534078081908554075e-02 2.314284777886827307e-02 2.656761384055255151e-02 3.777846211512585900e-02 4.518845354552345622e-02 4.894153924333700251e-02 5.453023932821871034e-02 5.550162579280409209e-02 6.496317700689946406e-02 6.670089083046001899e-02 7.102504839993092900e-02 7.281254304041365200e-02 7.596265158699787301e-02 8.404091343791689206e-02 8.845334570485255399e-02 9.475701679239530162e-02 1.039441984126519142e-01 1.050871115378145260e-01 1.091990929043936409e-01 1.148497216478898270e-01 1.185464185322122055e-01 1.268346247315607078e-01 1.293856195653682595e-01 1.398417184725250784e-01 1.428512018293213170e-01 1.436385464677879253e-01 1.512237348752789035e-01 1.558490372524922729e-01 1.602832609865779967e-01 1.698082307384501666e-01 1.704276885504328876e-01 1.790304010359480280e-01 1.849009702280136613e-01 1.820956273718512819e-01
8.858006633845233110e-03 1.271569123925431546e-02 1.644568323531322290e-02 2.081606686858951741e-02 2.538217256531307212e-02 3.302788266532748207e-02 3.399268755219762850e-02 3.774285996713842156e-02 4.059909036740775440e-02 5.227939456951727348e-02 5.500396644841717281e-02 5.589506705551448157e-02 6.596287033123841848e-02 6.917863470255616876e-02 7.676046653166643252e-02 8.476623682422618211e-02 8.740923251120037707e-02 8.728312301339694046e-02 9.349884471240527128e-02 1.002650937486083971e-01 1.045653274495577378e-01 1.106371573484429827e-01 1.122277067218043628e-01 1.251223461404673554e-01 1.290219720024480266e-01 1.313067528398011441e-01 1.370522779194032204e-01 1.414177849312391044e-01 1.467139154125225720e-01 1.553617978818045142e-01 1.570015674366483927e-01 1.629285725965022580e-01 1.639944921095340402e-01 1.709077927728101798e-01 1.732418838337149714e-01 1.802095573769450509e-01 1.842623838505127176e-01
1.018086960643932535e-03 1.157482966689447890e-02 1.100638289231098063e-02 2.067885210205908098e-02 2.214913987205283444e-02 2.529727222673361711e-02 3.490671251125851415e-02 4.361608899971497477e-02 4.243902120685200813e-02 5.009250112509196218e-02 6.046292202296934398e-02 6.185138041047601176e-02 7.004291911572771423e-02 6.700635815488686919e-02 7.638353113646174919e-02 7.585098726776808020e-02 9.049247790492136179e-02 8.782762118073193791e-02 9.824287062768921608e-02 9.830193759240836437e-02 1.083144954538999005e-01 1.149526627352950442e-01 1.123137846675924256e-01 1.169124330377500076e-01 1.265786923237372519e-01 1.353655516259202052e-01 1.330522268308948208e-01 1.444946848040820631e-01 1.432301974811590328e-01 1.556148786542792539e-01 1.613200848642089569e-01 1.581217454905444464e-01 1.626444969648331851e-01 1.689303941437248491e-01 1.813732551732999965e-01 1.824883317487205892e-01 1.896191151928294794e-01
2.494342646960768899e-03 7.355540788550989084e-03 1.144829861030965609e-02 1.949764139569904256e-02 2.754751314484666161e-02 3.023808430586479370e-02 3.859902055560587852e-02 3.820496770035725076e-02 4.907754098879772708e-02 5.239131513358302045e-02 5.524877883168823056e-02 6.139929488370242383e-02 6.307145720185407256e-02 6.661076109831155778e-02 7.129975819907864720e-02 8.378708818302479933e-02 8.876631390558883949e-02 9.230187012340970720e-02 9.359736487706778185e-02 1.026594347907134885e-01 1.087737349866946118e-01 1.062685813689587255e-01 1.124360994701192884e-01 1.206994378022815395e-01 1.297169605266636772e-01 1.295731950042536829e-01 1.394296189569095845e-01 1.411431565356934814e-01 1.499320806616184498e-01 1.547517296580477875e-01 1.536200831521466748e-01 1.576722660026125267e-01 1.696058022633999962e-01 1.747999577430820184e-01 1.743236879456979693e-01 1.854847220485418280e-01 1.914323975069074368e-01
6.187401196855389120e-03 7.502838380793358172e-03 1.404725024613047782e-02 1.640027674650306952e-02 2.712311850110436101e-02 2.527916516064570088e-02 3.288044019387834083e-02 4.530554582522503676e-02 4.619666727865174433e-02 4.656507361209832191e-02 5.105753012660427248e-02 5.685644699206046648e-02 6.627195302616585570e-02 7.367375354659708164e-02 7.707192808576920906e-02 8.217851191049642401e-02 8.084265635235010627e-02 9.309953338011414670e-02 9.626309514675751577e-02 9.951488598862480439e-02 1.075734828175102242e-01 1.061682173072421853e-01 1.135128399426983126e-01 1.207941969673853033e-01 1.234049835224346747e-01 1.268668901704440299e-01 1.394900398643824091e-01 1.366198655024581099e-01 1.468192834161790028e-01 1.561423135691985820e-01 1.605051690115710528e-01 1.590592207327525265e-01 1.667101083141575568e-01 1.765157072828068274e-01 1.751304693453752670e-01 1.793562517264853384e-01 1.889086193988019913e-01
2.476637442850607596e-03 1.329305125927048026e-02 1.118627862187334190e-02 1.927944951355196196e-02 2.181327261863550207e-02 2.791279143855026831e-02 3.696534774866848394e-02 3.780478731140634457e-02 4.336848877299440130e-02 5.388024200523908874e-02 5.696788411467307300e-02 5.691439093894330031e-02 7.028049386442078439e-02 6.923729393067802607e-02 7.515360086486044811e-02 7.862829025538319028e-02 8.645794930741811102e-02 9.495145497477770757e-02 9.675982882751404945e-02 9.700277683908041515e-02 1.065712514025412561e-01 1.138722686246501359e-01 1.114960337575183758e-01 1.258960862047093787e-01 1.284622666324462814e-01 1.311089383817944376e-01 1.324667084633147918e-01 1.421981033057012345e-01 1.460179193289229682e-01 1.543788718742242771e-01 1.553277090747946232e-01 1.617199797767611136e-01 1.674039382372164986e-01 1.721423015425472824e-01 1.810870195195134480e-01 1.863376479354360293e-01 1.846970560374258385e-01
6.350445426094172667e-03 9.899543445616994924e-03 1.633000649771469692e-02 1.860903645281692179e-02 2.677079344410787307e-02 3.121507546868922470e-02 3.499177248234787430e-02 3.982715440171569199e-02 4.880263927751980063e-02 4.668196368124048062e-02 5.182401576400540860e-02 6.423091076876542849e-02 6.601412598058305214e-02 7.399561232775932196e-02 7.830929353712928753e-02 8.141118106571224033e-02 9.032911546736359376e-02 9.524554553082653641e-02 9.459539903917174586e-02 9.767555436537066205e-02 1.073939339656152653e-01 1.136301357834490072e-01 1.128230816376935286e-01 1.223129080073092900e-01 1.259183954148637430e-01 1.353931814744152307e-01 1.345460657403164673e-01 1.432524211998284780e-01 1.451707362806955448e-01 1.486522935219951602e-01 1.564277877293616392e-01 1.651589282632000555e-01 1.682195435230716685e-01 1.696152257355888204e-01 1.774172606383158102e-01 1.795043724451090006e-01 1.850896353500113833e-01
3.512071127920179947e-03 1.434012073312423974e-02 1.865526237631585926e-02 1.570882967650515105e-02 2.930137121267227529e-02 2.556419538049801987e-02 3.119693935994103523e-02 3.889365557881919316e-02 4.478909968619936011e-02 4.651451186666598347e-02 5.740144617079077222e-02 6.094492291181044519e-02 6.625748422079429101e-02 6.893333698604099669e-02 7.333496789101344449e-02 7.851740864602030356e-02 8.561943481407793821e-02 8.799620373533986739e-02 9.856927551967251122e-02 9.712814813745322684e-02 1.088348693262546629e-01 1.101514654629293793e-01 1.145593921848486046e-01 1.257299164806678082e-01 1.287607664862930046e-01 1.277173271316149605e-01 1.326514541542684611e-01 1.396484149145198472e-01 1.464636866423253692e-01 1.468211339568371021e-01 1.589559145016584407e-01 1.655310279469139612e-01 1.621529846521824469e-01 1.752155880005897004e-01 1.787313694366705064e-01 1.828815162483866386e-01 1.819050547607501123e-01
8.642982713123801772e-03 1.281124640566263899e-02 1.721612514885944786e-02 1.952404575260212674e-02 2.360321181669051971e-02 2.895644665776002727e-02 3.339621542830393391e-02 3.938518418573143387e-02 4.390839571880698206e-02 5.364252256228435600e-02 5.725590158619089237e-02 6.342949560957916733e-02 6.913708128177424583e-02 7.549643369567807238e-02 7.097204264596965184e-02 7.907363936913350266e-02 8.812002389893422438e-02 9.550703714776237474e-02 9.780323047844990958e-02 1.053359650753887544e-01 1.014450924788029285e-01 1.064031975804586444e-01 1.157301668206648093e-01 1.162913694305411083e-01 1.269441676277711373e-01 1.360013532385748458e-01 1.379407692518644368e-01 1.368558653476308618e-01 1.497290866803606679e-01 1.543419186312481040e-01 1.578612569790072695e-01 1.616892966644776775e-01 1.674227329187040203e-01 1.749449764420860365e-01 1.721574006459246908e-01 1.796291804884612986e-01 1.826543337921503751e-01
