LEM_wLE/input/small_rando_initial.asc
nrows	100
cellsize	150.0
xllcorner	0
ncols	100
yllcorner	0
NODATA_value	-9999
[rows 17 to 33 of 100, columns 37 to 73 of 100]
1.933233535832816485e-01 1.927655406427900564e-01 2.003448535953447074e-01 2.067824106294621211e-01 2.107307279234865716e-01 2.162558107626228743e-01 2.207407825482946007e-01 2.309913091060465384e-01 2.309331409887720454e-01 2.354094453131631848e-01 2.449710755766525139e-01 2.431233642439900589e-01 2.483431287715147096e-01 2.582804312603664276e-01 2.665003177031597947e-01 2.642049324292611856e-01 2.776626872794512590e-01 2.741493303046346197e-01 2.866616550638299010e-01 2.925771242916486714e-01 2.971122008887355226e-01 2.961801158640339771e-01 3.025206343048335578e-01 3.034269371409531457e-01 3.167251578248059252e-01 3.148635067927825770e-01 3.240950752253554112e-01 3.277335793111761375e-01 3.290313212124731934e-01 3.413801908466974622e-01 3.445641732029690041e-01 3.454284127483825961e-01 3.563565285409994732e-01 3.575769459614406842e-01 3.591421623051457290e-01 3.715032952744160011e-01 3.757505040771751403e-01
1.880774778108216527e-01 1.998119290365831247e-01 2.001660114809951374e-01 2.034937828857793229e-01 2.100757722495570357e-01 2.177637230604116958e-01 2.181220243130610748e-01 2.283174920282717013e-01 2.311559163059500044e-01 2.352198644321706056e-01 2.450719751841630989e-01 2.425458149669864061e-01 2.566400873315397568e-01 2.582145063516012584e-01 2.577478595647762494e-01 2.626388198113004946e-01 2.699702884737072983e-01 2.754695550874167731e-01 2.832527430076584585e-01 2.848799653645150420e-01 2.909860874814630405e-01 3.000666494725984235e-01 3.025594879501607992e-01 3.124995705363109444e-01 3.168440818841495310e-01 3.218311196324429857e-01 3.210871470657812865e-01 3.272955316397115899e-01 3.308638234469225003e-01 3.410976623529751728e-01 3.403395115935011206e-01 3.515867783145305570e-01 3.537323982036754133e-01 3.596988681880344263e-01 3.610901847592099534e-01 3.661048697789486273e-01 3.719142679530287876e-01
1.954842397916053132e-01 1.976259621723797100e-01 1.980308662231777816e-01 2.068884531540882143e-01 2.168113164212890354e-01 2.129471771016247794e-01 2.220370755356995129e-01 2.245649140326261561e-01 2.372592806283134181e-01 2.352216443661027112e-01 2.433444585218213774e-01 2.466122096345592374e-01 2.483342409650843852e-01 2.546986912755356824e-01 2.621974442551779361e-01 2.640628604231310961e-01 2.714557894853517062e-01 2.769829009361330918e-01 2.848901330967918977e-01 2.903183571307181854e-01 2.964956040021137218e-01 3.001483844790653888e-01 2.993403465911437245e-01 3.087710831413732482e-01 3.172256343740704199e-01 3.159614780283808155e-01 3.253645048414046670e-01 3.329986693575876511e-01 3.329026383093396935e-01 3.425361370031758668e-01 3.482077543158004218e-01 3.515727329543430479e-01 3.531197224293859960e-01 3.584550426334264794e-01 3.653805103041654623e-01 3.647928323180264498e-01 3.711881373230560555e-01
1.875665436813692133e-01 2.016853335143614367e-01 2.008797156236446779e-01 2.089949451123172264e-01 2.087150781843689074e-01 2.135801929063149140e-01 2.253146532860758888e-01 2.255177324161855290e-01 2.338307580376249029e-01 2.412990069683792205e-01 2.468325055863521411e-01 2.486243925388379183e-01 2.526420053016606437e-01 2.533688951820991520e-01 2.670521534815225029e-01 2.629343731510168647e-01 2.742296825611880151e-01 2.738257557781038631e-01 2.806486105370299966e-01 2.864676961330368532e-01 2.947315522195729232e-01 2.964764885915552872e-01 3.016301351237238859e-01 3.061693016912989118e-01 3.108732681309999135e-01 3.216892063802038182e-01 3.228227702239754304e-01 3.270556193297366465e-01 3.347266975172928927e-01 3.356605011851981346e-01 3.462577905182356308e-01 3.481248764875469193e-01 3.582419161923993678e-01 3.599179284354608321e-01 3.612720615774795418e-01 3.729643854503250089e-01 3.777410012097113801e-01
1.883509729011198786e-01 1.964008998639515946e-01 2.031008475450391537e-01 2.083375082671281575e-01 2.083286288664818464e-01 2.195817905022718897e-01 2.258277492403285847e-01 2.293361167023512948e-01 2.342243854666327119e-01 2.378260254324151557e-01 2.463123531432491464e-01 2.432363227182438303e-01 2.478249309305684822e-01 2.600076958135143501e-01 2.626397191993788960e-01 2.708296411922166969e-01 2.687531081079643225e-01 2.753111898499944754e-01 2.814668369944864357e-01 2.838052881886901080e-01 2.907037987993307815e-01 3.019048448832437059e-01 3.077862976229606695e-01 3.104958607236782409e-01 3.126088669096643291e-01 3.222852298019553419e-01 3.241049953342305390e-01 3.271262330384643313e-01 3.363333060146167508e-01 3.351094270746693971e-01 3.390778458092990610e-01 3.484006691013391555e-01 3.548623003714630464e-01 3.621445798810358219e-01 3.665051196626434860e-01 3.663324959134386938e-01 3.769912504979714418e-01
1.940089435876432566e-01 2.011567692565333076e-01 2.045940510625598729e-01 2.073300009276947409e-01 2.078198988987911000e-01 2.220336823690645112e-01 2.261998833249920793e-01 2.316192918294342762e-01 2.303598234822517854e-01 2.339011710484502071e-01 2.420576159675292272e-01 2.524205918187528153e-01 2.573660397752732254e-01 2.594812509730312078e-01 2.651729006802854283e-01 2.655741757462482533e-01 2.764003746971210873e-01 2.776201185439122754e-01 2.811595141098710005e-01 2.917527590350283972e-01 2.956016925282670682e-01 2.947783508766949612e-01 2.997285758430219271e-01 3.113420079068980884e-01 3.134024952971696254e-01 3.212827474128151506e-01 3.255427709296894179e-01 3.280524733747287036e-01 3.298329858028010153e-01 3.427271848090232553e-01 3.419348980939122540e-01 3.452716506699049503e-01 3.513111095502916004e-01 3.548489725507655845e-01 3.632243235326438335e-01 3.727048767559015263e-01 3.697375978788302597e-01
1.918253694937008813e-01 2.001624474308491552e-01 2.046660726638969696e-01 2.050645586091248418e-01 2.160285188278327495e-01 2.136112782756172668e-01 2.257155827912437907e-01 2.311504269911169029e-01 2.294165330051767260e-01 2.335574518460372395e-01 2.382613873263930426e-01 2.467346911824647160e-01 2.530915160814694587e-01 2.541964069473590659e-01 2.587077893315243848e-01 2.631686705665025050e-01 2.729401812878032296e-01 2.798083283382123421e-01 2.831426213968066818e-01 2.868519250254195629e-01 2.928135425560938199e-01 3.021108803100063245e-01 3.051824086287485138e-01 3.108437810290550773e-01 3.112394876630653617e-01 3.176881117954166722e-01 3.218234112003404701e-01 3.326604151106146157e-01 3.312754528892671302e-01 3.415373446137263680e-01 3.430279633272949047e-01 3.467866683478421641e-01 3.570632299335819160e-01 3.558685976084978719e-01 3.608440085218819204e-01 3.702777115828947418e-01 3.766603294012570990e-01
1.899303188159114086e-01 1.980937114815769784e-01 2.009252167948236689e-01 2.053576510033194302e-01 2.095953867680947491e-01 2.178667344932540273e-01 2.258526011621741492e-01 2.315874306400804161e-01 2.292604468785288674e-01 2.385850938622079420e-01 2.448404211654973683e-01 2.455002620210403608e-01 2.573354232779014872e-01 2.565444392800489970e-01 2.642730550933177214e-01 2.699282188995751341e-01 2.730770488635983484e-01 2.767317898409611954e-01 2.874425100172157133e-01 2.882634303236040196e-01 2.903968527253896204e-01 2.982577709677852185e-01 3.001966705752707187e-01 3.040456924482219936e-01 3.168484272650891609e-01 3.202538777085058852e-01 3.278828214095970139e-01 3.313775577706534192e-01 3.300112669553484923e-01 3.376296997180057158e-01 3.394999604434021379e-01 3.457153223744295900e-01 3.581991040244908442e-01 3.596747889516459518e-01 3.674567531965646228e-01 3.679999402719366097e-01 3.762825866508522354e-01
1.967255242044504138e-01 1.977153331397232539e-01 2.053300988492723633e-01 2.060169663126358020e-01 2.144948647804887920e-01 2.207833347118946521e-01 2.243337930494786192e-01 2.320203552361450317e-01 2.303998798733828124e-01 2.380332753516772315e-01 2.442415480606584532e-01 2.491943614350967395e-01 2.569401467776751824e-01 2.580484856083471445e-01 2.598271827491567265e-01 2.686015877532700324e-01 2.692823945724071022e-01 2.769476484023402629e-01 2.843529107954681501e-01 2.835264482581625889e-01 2.888813394856437067e-01 3.013112669019925027e-01 3.046530215675429254e-01 3.042330756035011574e-01 3.087238792604240500e-01 3.216492456128731692e-01 3.241662033743505367e-01 3.258858057601614067e-01 3.349036482284260541e-01 3.343457486349715735e-01 3.430787330195267937e-01 3.521058404582796952e-01 3.571710605334857402e-01 3.630716298095738592e-01 3.635773326068275635e-01 3.729117896653326159e-01 3.701405549803902240e-01
1.876637481328240209e-01 1.991632680039584768e-01 1.973972624546838917e-01 2.045232032540976463e-01 2.150117363536857840e-01 2.178603972768817787e-01 2.193612389430219800e-01 2.260158129182046893e-01 2.350878643987348027e-01 2.409447593287011857e-01 2.469934170687929365e-01 2.452421719591711402e-01 2.521364552509829937e-01 2.550013018840638912e-01 2.586848342174705717e-01 2.686162366722241179e-01 2.749143892542701972e-01 2.802131110703489636e-01 2.801779377147370909e-01 2.839205881498324535e-01 2.931155837273894949e-01 2.930890721995288994e-01 3.025747082726623072e-01 3.042484253709903941e-01 3.094902172567035592e-01 3.222065624410714313e-01 3.266935202993820342e-01 3.253618877952492161e-01 3.297022050206263044e-01 3.391051172205763464e-01 3.424904452892099660e-01 3.434580003121471825e-01 3.522763232759002494e-01 3.634093777614720300e-01 3.648610405432423653e-01 3.730577152620627723e-01 3.755869450624426120e-01
1.870149973209983829e-01 1.954431017456569331e-01 1.998725448359791323e-01 2.070573278356904190e-01 2.153815070017721378e-01 2.123543557472387655e-01 2.217708355494910633e-01 2.233562305746305265e-01 2.366742673994889357e-01 2.388007076261608463e-01 2.441892741330022876e-01 2.471570778840758154e-01 2.482411744724631886e-01 2.545448667021599221e-01 2.665777055528045780e-01 2.654749408644705988e-01 2.771807119453404966e-01 2.738082555097249848e-01 2.837100457167510137e-01 2.920127568925661166e-01 2.937776921708343814e-01 2.930771692966752107e-01 3.020469039775891540e-01 3.041265308556897473e-01 3.141872808314869481e-01 3.141860448252335458e-01 3.215704482716616464e-01 3.248986263886525228e-01 3.359025981708721464e-01 3.406658535609781158e-01 3.435997347486511311e-01 3.472886549662874689e-01 3.494478170361239311e-01 3.577715027805876136e-01 3.658893271472384301e-01 3.647677578422750533e-01 3.779656854552024270e-01
1.925618187357101829e-01 1.995721311353603755e-01 2.015234959437441353e-01 2.077034289938719247e-01 2.091172238848438558e-01 2.175421036968323563e-01 2.212920716282907319e-01 2.321796373779383416e-01 2.297461462560553558e-01 2.417407793690356244e-01 2.380141403423275959e-01 2.466942811210244835e-01 2.515567807778558707e-01 2.607107466587654798e-01 2.635396256466961962e-01 2.673097384894504991e-01 2.773490069779233069e-01 2.810817496678786331e-01 2.852317354159621954e-01 2.857043707927215959e-01 2.904420498131398687e-01 2.952702935580492904e-01 3.076675712162910137e-01 3.033757547229403162e-01 3.131482715536461625e-01 3.168859240302261404e-01 3.209824682399189943e-01 3.272508321855324698e-01 3.333461565620643441e-01 3.367590296775020420e-01 3.467876040955733541e-01 3.466606419412960327e-01 3.531372800286645131e-01 3.598316778056148690e-01 3.665131887023647672e-01 3.659906971189364477e-01 3.712841551442241927e-01
1.908771220368572774e-01 2.002882665514844895e-01 1.983028009982985285e-01 2.118948594674001928e-01 2.095286311108000288e-01 2.219094737595874722e-01 2.193597621035530965e-01 2.286865008010003641e-01 2.338307384962417523e-01 2.372693869602886252e-01 2.446987993450256416e-01 2.494664894018460977e-01 2.509664215613134908e-01 2.549144097106769147e-01 2.633768096570791584e-01 2.670198155924248806e-01 2.720704289319395563e-01 2.775230936543154336e-01 2.866965850506873470e-01 2.872781923702102946e-01 2.965745059830395269e-01 3.003261307472802621e-01 3.036687929323583224e-01 3.094077917704080027e-01 3.168377093260567601e-01 3.140926768593976237e-01 3.183075776725515227e-01 3.299250262599822126e-01 3.376806782054824763e-01 3.393780501051359977e-01 3.475875105940242626e-01 3.445351765244277220e-01 3.501714544056536149e-01 3.578486108646482533e-01 3.682153912095459947e-01 3.677468665351997235e-01 3.735400359306306761e-01
1.890880889706050005e-01 2.017081701613626377e-01 1.978301526690553758e-01 2.081873951922219301e-01 2.166066506656160184e-01 2.196215169304942538e-01 2.230311467196921804e-01 2.280447636938989220e-01 2.370953400748203321e-01 2.334169421191082672e-01 2.419720270810175045e-01 2.515570488277107386e-01 2.495254685469952272e-01 2.574017238048876277e-01 2.650794769039030441e-01 2.686804703968466712e-01 2.773512052893420954e-01 2.754260386817004580e-01 2.833844312060053716e-01 2.853087991644447929e-01 2.892836122980701474e-01 3.022051951526729674e-01 3.046608681563626742e-01 3.043069133090365863e-01 3.110003839651342972e-01 3.141871264960538479e-01 3.220549137620434821e-01 3.233618470306309778e-01 3.313877035970216878e-01 3.412360034768673334e-01 3.427194046483502676e-01 3.469018242556655141e-01 3.570082428876930614e-01 3.611465456209476121e-01 3.643956393189768384e-01 3.699589227277181314e-01 3.708647548744825606e-01
1.901767906063015212e-01 1.998670637928830762e-01 2.067266628468489853e-01 2.081253269965243069e-01 2.138771352693027983e-01 2.205007224147916001e-01 2.233731671063663715e-01 2.289713360600650338e-01 2.298509642749351489e-01 2.382421254819865053e-01 2.464530169436028317e-01 2.506534907563805481e-01 2.481154129220804749e-01 2.562062747085159797e-01 2.577338708573826964e-01 2.681427731883959664e-01 2.685958951508387593e-01 2.796271837723114384e-01 2.788951789213300891e-01 2.926861214093318675e-01 2.977043522987053437e-01 3.016108777487173098e-01 3.015379100531274670e-01 3.063201989687165949e-01 3.155290627616245680e-01 3.162781698985841494e-01 3.243576650645108028e-01 3.234729634408747279e-01 3.287972687496821256e-01 3.413226897124059800e-01 3.445974581480299448e-01 3.458964258561258998e-01 3.495584181674775692e-01 3.597498941025180086e-01 3.614206858244264353e-01 3.654532150022294923e-01 3.703367008461274645e-01
1.968526967748307488e-01 2.014454435905398966e-01 1.974694326606952488e-01 2.054354854749397274e-01 2.136549381376087187e-01 2.215530269179891432e-01 2.201357470524384352e-01 2.308939541161605935e-01 2.328406475237325690e-01 2.324552565427097373e-01 2.421766628635017848e-01 2.464253940567732171e-01 2.511152418473986958e-01 2.611119623376652044e-01 2.664311869018716195e-01 2.711678209816939522e-01 2.717271732358904068e-01 2.777561332447667786e-01 2.828709047532906862e-01 2.849109050890597516e-01 2.972349329991689770e-01 2.996275237975694061e-01 3.016836539295186248e-01 3.039848174929788982e-01 3.134222744147737161e-01 3.191251589425795898e-01 3.217652588047196782e-01 3.298918250638461225e-01 3.342543586695870816e-01 3.432862541183456795e-01 3.480898315170717905e-01 3.447028311482838170e-01 3.489079114947806759e-01 3.589762852953515271e-01 3.663893845010692263e-01 3.720984755012456402e-01 3.732704781579622155e-01
1.890855194580965404e-01 1.993679206948151539e-01 1.995570115980664638e-01 2.073208234549320517e-01 2.108082004213772398e-01 2.154126464624708803e-01 2.208115116994140148e-01 2.242165620045001861e-01 2.288211499921607439e-01 2.361142539324655176e-01 2.461915700631447934e-01 2.441427475106213163e-01 2.478032337375504490e-01 2.531604722532380669e-01 2.668316856187875619e-01 2.669751634765730186e-01 2.733056151408819190e-01 2.820528377914851004e-01 2.786837812739605957e-01 2.916826154611464883e-01 2.914529200916571861e-01 2.967212325307723164e-01 3.057353988942785317e-01 3.032115545117698985e-01 3.140109348131168154e-01 3.166328420911590502e-01 3.264937947992808676e-01 3.251185005794186567e-01 3.351511679948133704e-01 3.338538674043870502e-01 3.469739557187084267e-01 3.509680607278399256e-01 3.561502653611056113e-01 3.556839635074339756e-01 3.590885755557178816e-01 3.683670852309634536e-01 3.705529573040349800e-01
