LEM_wLE/input/small_rando_initial.asc
nrows	100
cellsize	150.0
xllcorner	0
ncols	100
yllcorner	0
NODATA_value	-9999
[rows 51 to 67 of 100, columns 37 to 73 of 100]
1.910338704463715176e-01 1.939170073009622575e-01 2.016897704675349179e-01 2.087283569914576975e-01 2.093467644590581989e-01 2.171023771570015359e-01 2.220075523763476166e-01 2.222971024259566275e-01 2.354818602979161790e-01 2.336123946954469788e-01 2.395494777217411220e-01 2.494699404934642983e-01 2.537543625392340019e-01 2.616433710050528605e-01 2.622974982759707085e-01 2.725693565550033060e-01 2.694436660211335099e-01 2.733471163749935928e-01 2.783640505614695670e-01 2.903534965530139567e-01 2.888319303714272368e-01 2.939123389952590926e-01 3.032610626239668483e-01 3.044040651116272644e-01 3.083352378136087757e-01 3.213530490652606875e-01 3.221748021060792389e-01 3.282799979453456807e-01 3.322245088395567314e-01 3.419510917647475834e-01 3.430646300899733436e-01 3.499548796213077795e-01 3.564271186379483480e-01 3.565782100099895158e-01 3.638351426321659865e-01 3.670677470032938650e-01 3.688226570237267410e-01
1.931681059277118861e-01 1.956398907893024119e-01 2.052471992776734311e-01 2.067745028660664119e-01 2.154457122100142397e-01 2.150693831413124923e-01 2.260347346043801164e-01 2.293319699800627498e-01 2.339492098055049318e-01 2.408964466637660562e-01 2.400012499855963821e-01 2.514690480394303762e-01 2.568611710664415737e-01 2.617688717324423986e-01 2.645253732006993541e-01 2.670346637563711933e-01 2.763291649011092033e-01 2.821288092948731063e-01 2.864593278515262242e-01 2.871047841825527525e-01 2.921080382804976394e-01 3.018970373197618629e-01 3.027487411047018462e-01 3.068304415932777696e-01 3.156814610532407417e-01 3.203577619963981493e-01 3.207816479174450675e-01 3.285877996576482274e-01 3.343186540800180961e-01 3.347564044203110156e-01 3.434444061105869639e-01 3.507185079074396916e-01 3.562798285154361033e-01 3.548599739497669270e-01 3.599136572647283483e-01 3.718347608407878147e-01 3.708185020292065759e-01
1.913746754701451391e-01 1.958825231038643089e-01 2.003166463151597743e-01 2.058100016116284070e-01 2.155507426084033729e-01 2.184886953973769474e-01 2.241538589985750674e-01 2.258831147160912101e-01 2.327337317322853427e-01 2.403940217109674926e-01 2.402340279899261855e-01 2.512906263059727086e-01 2.537995350162955410e-01 2.558818638424129044e-01 2.624882858330026547e-01 2.668387112920582172e-01 2.775577654657066518e-01 2.767382247778195636e-01 2.843933488718407010e-01 2.841563762915112479e-01 2.896175358572005698e-01 3.028948995542528055e-01 3.043973049523684415e-01 3.066051558126777210e-01 3.121723959509004054e-01 3.224146330920150127e-01 3.185419269005006493e-01 3.301992729998750598e-01 3.358106353824390489e-01 3.417116871657697730e-01 3.446640088038610550e-01 3.464539150516389165e-01 3.552977788468637543e-01 3.618605866613071598e-01 3.599590327750101237e-01 3.705204877006527675e-01 3.755013067186153131e-01
1.892673881466566121e-01 1.932401247471570160e-01 2.021388955638925566e-01 2.108800119286743102e-01 2.121580867720658237e-01 2.220552021226509798e-01 2.218056324507540200e-01 2.313856102139280613e-01 2.296756192321614265e-01 2.413736727641352942e-01 2.409578828638880288e-01 2.433242144829425302e-01 2.502448860210050863e-01 2.579719411457408462e-01 2.590735737269978523e-01 2.688332379215613854e-01 2.683209449792431367e-01 2.807142776168877751e-01 2.813505055209600259e-01 2.884842879850335606e-01 2.885073449700228942e-01 2.939734822919181645e-01 2.991754034429791598e-01 3.091556061097514019e-01 3.104843513160550628e-01 3.163762319879744322e-01 3.230024057238896074e-01 3.312074823743619834e-01 3.346336490670443475e-01 3.365641922530939190e-01 3.409849206756508933e-01 3.495789341110403514e-01 3.523519192686833668e-01 3.566829831066227752e-01 3.642896883572182554e-01 3.676137291306861843e-01 3.714348190831227026e-01
1.888912557440350914e-01 2.000701244768476328e-01 1.996895743583092520e-01 2.077286126773567609e-01 2.086819640071717608e-01 2.165100982752130865e-01 2.256866419487235098e-01 2.265921962062180106e-01 2.355003578648655338e-01 2.369085339693940417e-01 2.456794056221726918e-01 2.454929949750454254e-01 2.485496377436175186e-01 2.609886111982825940e-01 2.658588332955668099e-01 2.629885765190539404e-01 2.770152251307065328e-01 2.790625207954036124e-01 2.780253434660834300e-01 2.878202677673910581e-01 2.909845935236532455e-01 3.012242994623057224e-01 3.017671576002656786e-01 3.127934458620770797e-01 3.087336292101499069e-01 3.164278835156794645e-01 3.258715384428809703e-01 3.258969897962490925e-01 3.366239893274611261e-01 3.364906455622192483e-01 3.464662634725348411e-01 3.510754716673585851e-01 3.508484211502898020e-01 3.555782286515816737e-01 3.641720066862294547e-01 3.707920818547016384e-01 3.737777319718375013e-01
1.912182215596437695e-01 1.934098932426920880e-01 1.975666518330770061e-01 2.095310150875467348e-01 2.141392022422150543e-01 2.192546255630186125e-01 2.215803510859840897e-01 2.319572942971808438e-01 2.364013768727481479e-01 2.402776045724783482e-01 2.469930162753647684e-01 2.487244709469305648e-01 2.574308619731687231e-01 2.559276658290958184e-01 2.634727033703151977e-01 2.697894725515233016e-01 2.684457337894122220e-01 2.773346068546339027e-01 2.786874007036145851e-01 2.870737104179059695e-01 2.943094759650954351e-01 2.958923758763843948e-01 3.067736906152130905e-01 3.087031492654041531e-01 3.143033856103137902e-01 3.175917262110269368e-01 3.208236335520492366e-01 3.240552892735307222e-01 3.379323167152598617e-01 3.416672249027432051e-01 3.474687234015485515e-01 3.462962968372691464e-01 3.498861642530242122e-01 3.558625664348602502e-01 3.616165512503560220e-01 3.717739333091560350e-01 3.708345865962607846e-01
1.941880819093824984e-01 1.949567410798515310e-01 2.067774573292193163e-01 2.090744820981660645e-01 2.106658228463366700e-01 2.160820607150819028e-01 2.219487062246294495e-01 2.321345226449044175e-01 2.310581966123682052e-01 2.382625665033411833e-01 2.438388813661731269e-01 2.482489830070084835e-01 2.480540261714402339e-01 2.575919054956021803e-01 2.672594299803455198e-01 2.632974694901643598e-01 2.677369531316144413e-01 2.765256398237349589e-01 2.836908094253796642e-01 2.850938249003554525e-01 2.896932243970897214e-01 2.970571506685070751e-01 3.001081385382720068e-01 3.080706835928292975e-01 3.130197614396872385e-01 3.180115802813202608e-01 3.279149023322261991e-01 3.328103648154410732e-01 3.336120080868588689e-01 3.333652510868698182e-01 3.458245759375383477e-01 3.527208253915637970e-01 3.505323847944915583e-01 3.569995021184023676e-01 3.614923020231877171e-01 3.674383511838995031e-01 3.744429353356722445e-01
1.950760062576018528e-01 2.014523765295319069e-01 2.042497142390277687e-01 2.037091001348845798e-01 2.110593441766955014e-01 2.172996123779600275e-01 2.184485858868929764e-01 2.223611909802781783e-01 2.311426169973132549e-01 2.367402292490634608e-01 2.380489599446106996e-01 2.432209526975796787e-01 2.560993592786994788e-01 2.572475574682661081e-01 2.584931010228888604e-01 2.626630053289991662e-01 2.771501577136245564e-01 2.770901304904270224e-01 2.811996756505661943e-01 2.859271897771967774e-01 2.906029421926400458e-01 2.934296698984273921e-01 3.077867056895061126e-01 3.045883018916553109e-01 3.100505243029529900e-01 3.196988810932583358e-01 3.262013170479349244e-01 3.331828415081480310e-01 3.375777986556420251e-01 3.425516542136527454e-01 3.458875442678708279e-01 3.468540823963667252e-01 3.488856445637149584e-01 3.570271430118110989e-01 3.605136502511554486e-01 3.655487962154082004e-01 3.764919893100283632e-01
1.903989842528002463e-01 1.927669676445744884e-01 2.069648176084165070e-01 2.074582339293430944e-01 2.138950795633001167e-01 2.180893834997953695e-01 2.220654419060369977e-01 2.271286020575772890e-01 2.290748942307610225e-01 2.361796265969442477e-01 2.467543269737844103e-01 2.460785492724633927e-01 2.529270912639547397e-01 2.617129903937426283e-01 2.611222011236866702e-01 2.721472818598815180e-01 2.729373633605851057e-01 2.818026542143994284e-01 2.844023500548494288e-01 2.833200767083384197e-01 2.886692488185470529e-01 3.009688975663898369e-01 3.059646309756406946e-01 3.103052100138302127e-01 3.096624579508904240e-01 3.210233315870867910e-01 3.224271288816777381e-01 3.250249536567897946e-01 3.381486853279316307e-01 3.392643414021652704e-01 3.456990907438737826e-01 3.447376570649058891e-01 3.555803549358340643e-01 3.610070882649592527e-01 3.658642172480405241e-01 3.637279523330140818e-01 3.699547675544431757e-01
1.897480507691825802e-01 1.976792500955586174e-01 2.027973074591052360e-01 2.071871451586773660e-01 2.163631311305919958e-01 2.158576423989621018e-01 2.244743452127537231e-01 2.237207037997655801e-01 2.354438993068979080e-01 2.404624865137562628e-01 2.453177355484764399e-01 2.492066444881501086e-01 2.499958141229230157e-01 2.590984972995378222e-01 2.606123558245737049e-01 2.638887862718558019e-01 2.768200451801503537e-01 2.789609296163093055e-01 2.805114519335538126e-01 2.839186083334366284e-01 2.930609923566391273e-01 2.971190298502224270e-01 3.053291362084563643e-01 3.125034850839865097e-01 3.106430149776098215e-01 3.196104451599701135e-01 3.275893556094640613e-01 3.320442849068510616e-01 3.318878123968008187e-01 3.392911887114023473e-01 3.416644583002675373e-01 3.495122068066223164e-01 3.567183510579229333e-01 3.625418498942893919e-01 3.626671952423760614e-01 3.710299435561613124e-01 3.737890784571988312e-01
1.890692476215175277e-01 1.951248636000993131e-01 2.067636339714078453e-01 2.101677952517501113e-01 2.081411855754685958e-01 2.161371661007024936e-01 2.172025379168304460e-01 2.306510106024774187e-01 2.285606520220687388e-01 2.377358600914022402e-01 2.401495115385505474e-01 2.487780280678150435e-01 2.547238052264654273e-01 2.558356854776440703e-01 2.619794433235725362e-01 2.648587973551241315e-01 2.709181552339605115e-01 2.742767803293555962e-01 2.825973289014531153e-01 2.921154828346584353e-01 2.881189717805782147e-01 3.015962546146206957e-01 3.024008356405720743e-01 3.035743785289414798e-01 3.111204947504762064e-01 3.131634079155309336e-01 3.253717243516364155e-01 3.277747642748776169e-01 3.324229905384979422e-01 3.335759806725535626e-01 3.439568701615636770e-01 3.453647614397195587e-01 3.485054763030218106e-01 3.611180069766321554e-01 3.650901091944098731e-01 3.672892274378483646e-01 3.714643959740921431e-01
1.936096185375602297e-01 1.993577260413001151e-01 1.986329525321081646e-01 2.033967661197075560e-01 2.149973230834797133e-01 2.186420385342215111e-01 2.243698696006641846e-01 2.321344867188962768e-01 2.291843625344349433e-01 2.353868389282739726e-01 2.440229883700138491e-01 2.457867219181707752e-01 2.540411368855976515e-01 2.572315129267376266e-01 2.606817171536947586e-01 2.707858848044200628e-01 2.704436790253285650e-01 2.788648269016376635e-01 2.800981832823011275e-01 2.858575361704059903e-01 2.967823260077626646e-01 2.975320445775607725e-01 3.004782912046702892e-01 3.128157023485244603e-01 3.174041137093028819e-01 3.222991120057198677e-01 3.279029386333989216e-01 3.268084464235495590e-01 3.292726750571273175e-01 3.374616728712729885e-01 3.394110604655695140e-01 3.495897001866070108e-01 3.509821982277468444e-01 3.599797734631328683e-01 3.601621131291645184e-01 3.719613006161298641e-01 3.761209394849570065e-01
1.962071578001444716e-01 1.936662085519349763e-01 2.013513533422723878e-01 2.107909545305532428e-01 2.132520433205252752e-01 2.211858042800622093e-01 2.178590418270790197e-01 2.228147194834777522e-01 2.369656970989232336e-01 2.401148088681097637e-01 2.444147716502029777e-01 2.505376884835215923e-01 2.548030346704673876e-01 2.561555487542230281e-01 2.625746731426156222e-01 2.696381411288562568e-01 2.766656157981172703e-01 2.759893916277924575e-01 2.837224109951783091e-01 2.888614869586000888e-01 2.973651502352114839e-01 3.007932068395554048e-01 3.030298399702489598e-01 3.104189422237680906e-01 3.170544596329933906e-01 3.201014456162895594e-01 3.191909862014312149e-01 3.280209049591184534e-01 3.366422750202406333e-01 3.384242138396502120e-01 3.427896095653942266e-01 3.531408839804181521e-01 3.489338290313893087e-01 3.583749218576548490e-01 3.664945953479665230e-01 3.710604826465114803e-01 3.785986018313210466e-01
1.907236696375624596e-01 1.960061589605263388e-01 1.995956839698081742e-01 2.035805032933677150e-01 2.136241929163196496e-01 2.196223139934203317e-01 2.229605743120597339e-01 2.304495744216906172e-01 2.292113492490915339e-01 2.354243484321423552e-01 2.378080351255398295e-01 2.427408841459912092e-01 2.562516017207452368e-01 2.617225020328584617e-01 2.599239243299841240e-01 2.665094458482582529e-01 2.760458792066968758e-01 2.822375511114764701e-01 2.829212522833043364e-01 2.842388605139163915e-01 2.944273643484862091e-01 2.982039614512095871e-01 3.068067713197714652e-01 3.115618781839724627e-01 3.131789788714948730e-01 3.163451012508061710e-01 3.221192129281392758e-01 3.266204271686660165e-01 3.295411508245323917e-01 3.427855408452026298e-01 3.410187428476486593e-01 3.465946401395762488e-01 3.539950992290577525e-01 3.537694922756099980e-01 3.621363820575921877e-01 3.665092886649738424e-01 3.738253582905048389e-01
1.899197445418005503e-01 1.955466167005835143e-01 1.975960250704272558e-01 2.051149278957890287e-01 2.140393636545792344e-01 2.181643828634362847e-01 2.260675433917083699e-01 2.306507722899086288e-01 2.290105711036334590e-01 2.398085253578168818e-01 2.438859591752950695e-01 2.466864187327279800e-01 2.568520941006521840e-01 2.613654785207427667e-01 2.628494528972367683e-01 2.726181625147350851e-01 2.724548595400549389e-01 2.818476675048038338e-01 2.874116472877569772e-01 2.890666122484885081e-01 2.943236918984872275e-01 2.950884298377411952e-01 3.032685973703462823e-01 3.036596256786862624e-01 3.155023619555336056e-01 3.179019614694920115e-01 3.212711055044541464e-01 3.319959909007045851e-01 3.311578704915552618e-01 3.396560186059050523e-01 3.417478249786072286e-01 3.533434256177598320e-01 3.581247783621439029e-01 3.597169373402787640e-01 3.664962699156436021e-01 3.639538097609190115e-01 3.759061916767166278e-01
1.876008820386069753e-01 1.932465726962104280e-01 2.002886707697051627e-01 2.064401516051971863e-01 2.117847666123001960e-01 2.150872411081222180e-01 2.184807155403823142e-01 2.306887849074397701e-01 2.305299711544241126e-01 2.385507610899670894e-01 2.448377254559822025e-01 2.473336648436181007e-01 2.548623428671917823e-01 2.623004880268500760e-01 2.631616159502002117e-01 2.724423023922634135e-01 2.755791494509600148e-01 2.793814887599533336e-01 2.816464511147414584e-01 2.882832692685060039e-01 2.974686419098441226e-01 2.957683878798443300e-01 3.031000538920884391e-01 3.116353608765459193e-01 3.098712140766098355e-01 3.223503277060907890e-01 3.276317423311744803e-01 3.237294364353460741e-01 3.366156121685609515e-01 3.417998500294962549e-01 3.479708822254600209e-01 3.445016122427801974e-01 3.527468642445066305e-01 3.562641661352685118e-01 3.676142725928973065e-01 3.641773465884018957e-01 3.699918306409457625e-01
1.885315853274900921e-01 2.003324482278095731e-01 1.993721649208375912e-01 2.091448755385038327e-01 2.087885353881048789e-01 2.162413099108884407e-01 2.253378968057026532e-01 2.319499008318300359e-01 2.333989500757651103e-01 2.365957113952142365e-01 2.382784218266836285e-01 2.485434783633684586e-01 2.524315696277376619e-01 2.539973548373482548e-01 2.632778313713777241e-01 2.647439650930382693e-01 2.697318512817283298e-01 2.784275309012306243e-01 2.840921706955523152e-01 2.839941468606823616e-01 2.938595590895925480e-01 3.009700176183913722e-01 3.013531457810429970e-01 3.055395761814905242e-01 3.164557665627897864e-01 3.139456753450889370e-01 3.233650683505424062e-01 3.332322933615858296e-01 3.372713155999111367e-01 3.414566085783877769e-01 3.466716286045304352e-01 3.457148260889676417e-01 3.565354756767746269e-01 3.579665520139172497e-01 3.640744603836002513e-01 3.712274614123108885e-01 3.726582332518759699e-01
