LEM_wLE/input/small_rando_initial.asc
nrows	100
cellsize	150.0
xllcorner	0
ncols	100
yllcorner	0
NODATA_value	-9999
[rows 68 to 84 of 100, columns 0 to 36 of 100]
7.311399400410927181e-03 1.378509331817465502e-02 1.600950788532343877e-02 1.806408157177001594e-02 2.532473112168318746e-02 2.593707553350062603e-02 3.483688860600091947e-02 4.418534388694174420e-02 4.475892462453295167e-02 5.167857852264511748e-02 6.015579437030049714e-02 6.118862049834929845e-02 6.908434433767907112e-02 7.002704202838487546e-02 7.734828006545811652e-02 7.911765230856918074e-02 8.866784756617948626e-02 8.843827945515173039e-02 9.824373694858815065e-02 1.054008188228369308e-01 1.061075229962966798e-01 1.124826231375479768e-01 1.184069553537937386e-01 1.231554400168014818e-01 1.221761914476533900e-01 1.342745712699829341e-01 1.357903266672635112e-01 1.389867944126222388e-01 1.503338500461870453e-01 1.513352758359248484e-01 1.550516301451149159e-01 1.568059992267599179e-01 1.671137182446723324e-01 1.761472826576844786e-01 1.783989670541543393e-01 1.799150611690408241e-01 1.897832287101521020e-01
8.304378570984571536e-03 1.137888423631130963e-02 1.918139637251334642e-02 1.576418154267747798e-02 2.130573242391721814e-02 3.311634666122421911e-02 3.905667762356346273e-02 3.954430682587304485e-02 4.350460168345639256e-02 4.598028789288498980e-02 5.994798344531222789e-02 6.141484022297896000e-02 6.985024857386212815e-02 7.512677707996509580e-02 7.736696316545234320e-02 7.578833145217482581e-02 8.905542685401397762e-02 9.437978470743449422e-02 9.515889413274128406e-02 1.026070996457625339e-01 1.073227612013444160e-01 1.124506283004898660e-01 1.197708096381700088e-01 1.167627792524636166e-01 1.213868880300200126e-01 1.356317069253193675e-01 1.358712948260925590e-01 1.380526858475878416e-01 1.452923179572283841e-01 1.528530091070740005e-01 1.549720047265383538e-01 1.657233050449747613e-01 1.628498952439991487e-01 1.671572760360423571e-01 1.811324328692517083e-01 1.862217838156697836e-01 1.906202121790565029e-01
8.037589590134858880e-03 6.838996017463602577e-03 1.473590172388794528e-02 1.989201826424055741e-02 2.499692899493847695e-02 3.435316548424252603e-02 3.652386143578809780e-02 4.241331249319355012e-02 4.878514009449427119e-02 4.868745634565966457e-02 5.102992598384334388e-02 6.340847047557270078e-02 6.811817107394385618e-02 7.488956306242817995e-02 7.316635894957096431e-02 8.067664601710933248e-02 8.505564636424579883e-02 9.252966866195076745e-02 9.411255422912581659e-02 1.054703089631117835e-01 1.092448358207747938e-01 1.137062015313632796e-01 1.202091394120042428e-01 1.248682009755778116e-01 1.225292489726339529e-01 1.304469149117750970e-01 1.343910747821416285e-01 1.443211108975440971e-01 1.449034192288568279e-01 1.488584101950044258e-01 1.569684977624540290e-01 1.651477134346913955e-01 1.671816565989970582e-01 1.683165487515762837e-01 1.721419113591069472e-01 1.843646850184111619e-01 1.909875599475054642e-01
8.866319943247203544e-03 1.418957317993272890e-02 1.181721622513830401e-02 2.386252849868435166e-02 2.383229577630128701e-02 3.295954748521360417e-02 3.804225258652403630e-02 3.771706050708163727e-02 4.093417293333830725e-02 5.364721731022069340e-02 5.086171407204723161e-02 6.477700729449442640e-02 6.727417954935313582e-02 7.121200947166296535e-02 8.030948727411651999e-02 7.579285991455625426e-02 8.714517013832320802e-02 8.643463650287379341e-02 9.191108224508526270e-02 9.749914199859274766e-02 1.038071757861179362e-01 1.090767620220354645e-01 1.189314050648452858e-01 1.205911124843472848e-01 1.294857632499274436e-01 1.351511789865033619e-01 1.359168576796125905e-01 1.418563458112429843e-01 1.465777116165572214e-01 1.532323630500762035e-01 1.587844826179563296e-01 1.617197973697234725e-01 1.691326801362771637e-01 1.674384852506485000e-01 1.766831611261880652e-01 1.809843845828877640e-01 1.842879567853393796e-01
4.238120735784241429e-03 1.167042386965992315e-02 1.452673816673828548e-02 2.436663568710204994e-02 2.285128495711910568e-02 2.982882824047552311e-02 3.602009733544314640e-02 4.305590087038400904e-02 4.967086311992343489e-02 5.127151737546443988e-02 5.140605700070646072e-02 6.331622687213123157e-02 6.967415204687288366e-02 7.065560214859900601e-02 7.801216636289219630e-02 7.627716127262644530e-02 8.362388686255374515e-02 9.392165261634334572e-02 9.886132866754132609e-02 1.032019779456134073e-01 1.019679772746168861e-01 1.120029735183614011e-01 1.208580199937190347e-01 1.231825046104806504e-01 1.276338787055321111e-01 1.278118056279320958e-01 1.339357414735962148e-01 1.461810711025450515e-01 1.513334303083711807e-01 1.549889720080773747e-01 1.605291714202879416e-01 1.632911484684387571e-01 1.665408877374778551e-01 1.741931843693981241e-01 1.742999873213736672e-01 1.846425591433925595e-01 1.881778520392591580e-01
1.555317930585579152e-03 7.869668814671989393e-03 1.142413860358949471e-02 1.557606985940702959e-02 2.585415061974807860e-02 3.234453678667190829e-02 3.830046836851802583e-02 3.981586063485650223e-02 4.212831333105659937e-02 5.231959250528259164e-02 5.798806495132202005e-02 5.870787617617700960e-02 6.533763815118648344e-02 6.924021105448709135e-02 7.584931000734745909e-02 7.748351750689747020e-02 8.341952549798517524e-02 9.279853263604014024e-02 9.240290862257474758e-02 9.854418841210237090e-02 1.024934317606445711e-01 1.138947311927613754e-01 1.201390152364101571e-01 1.251783994532871536e-01 1.293544916454050231e-01 1.297764344955898430e-01 1.322641962829014806e-01 1.413862274342077840e-01 1.447687700661114962e-01 1.518846363849443437e-01 1.523750094452153703e-01 1.607168553061172900e-01 1.625153163327429651e-01 1.721237610182907440e-01 1.743275259404905297e-01 1.833774499896949350e-01 1.828612554294172521e-01
4.786148573735438333e-04 5.628008791797212314e-03 1.371008687805171100e-02 2.067998306223267288e-02 2.295237279293366878e-02 2.739026133749131869e-02 3.815254578503042560e-02 3.678816849577016407e-02 4.942824454722433147e-02 5.452395634152790160e-02 5.717339423020122852e-02 5.824622602850131753e-02 6.565064569686820950e-02 7.499519897557929693e-02 7.479166915721163766e-02 8.354434268883710601e-02 8.512233706993344029e-02 9.351592700888439191e-02 9.763595509962420815e-02 1.013800644041697174e-01 1.027073304041668106e-01 1.160288111540642292e-01 1.135142823521829020e-01 1.209899942088359659e-01 1.254717354044921906e-01 1.299797575149549966e-01 1.389379896606579012e-01 1.459800720598889989e-01 1.507899094936791251e-01 1.515227069490307499e-01 1.577640653330510956e-01 1.653004076276937961e-01 1.681413188412061444e-01 1.744211977013091497e-01 1.753921332082534201e-01 1.808077764100995966e-01 1.832186322947005064e-01
1.415922250553260878e-03 9.917739399759310792e-03 1.834096680152618591e-02 2.042293502972043068e-02 2.760756770933640164e-02 2.564129970255207142e-02 3.977795732513390164e-02 3.685056393173274936e-02 4.992097510186872117e-02 5.043375950898155297e-02 5.139901413863516566e-02 6.335183509078698427e-02 6.064221484026388609e-02 7.040035551769503741e-02 7.305334847136633891e-02 8.183232162918438468e-02 8.377235910197727842e-02 9.166947130262691201e-02 9.926354767979923832e-02 9.836282320279278457e-02 1.087506241352771824e-01 1.148823858684021731e-01 1.188049910238565959e-01 1.164255130798013682e-01 1.218508556250269548e-01 1.344991944531897798e-01 1.345863666575286832e-01 1.463589238292160033e-01 1.424803397888320111e-01 1.539487494462600248e-01 1.549925138482686759e-01 1.619320166871060507e-01 1.650361732100662504e-01 1.670824216599272605e-01 1.732306930744721696e-01 1.819685906360966887e-01 1.833364821670105393e-01
5.113348591224673584e-03 6.391979224108041910e-03 1.424133667762654890e-02 1.666716785168607592e-02 2.884813201750904832e-02 3.258337693363222431e-02 3.964850947636631984e-02 4.102251833767442402e-02 4.796640892579996651e-02 5.434017760805710112e-02 5.455266249912991278e-02 5.771606770775566247e-02 6.908051168492529426e-02 6.685729832655100402e-02 7.992868061130610491e-02 8.203239590837184403e-02 8.295090042778549555e-02 8.805876131544755625e-02 9.446303571832374846e-02 9.978742010810850993e-02 1.091618057616594861e-01 1.086377601721764258e-01 1.186085232339287310e-01 1.192561108613464510e-01 1.229671054120249490e-01 1.262639768396763285e-01 1.368792818032080472e-01 1.378781126338071428e-01 1.509377168767470356e-01 1.530283124102170544e-01 1.579571736576771690e-01 1.600080009744128673e-01 1.633741834955433070e-01 1.696252702294435422e-01 1.763210365558957882e-01 1.793899650840221904e-01 1.858278473710613110e-01
3.630678512830589656e-03 8.614970293633292600e-03 1.143267453873785672e-02 1.703617741203724764e-02 2.992895605549374116e-02 3.342196953296589640e-02 3.624362282055056811e-02 3.792449552192191098e-02 4.537088048209370755e-02 5.102500790633507366e-02 5.875824343866966476e-02 5.693489663490507863e-02 7.036344683291316515e-02 6.907223307344166618e-02 7.526385171865922208e-02 8.369826561557273947e-02 8.269010409068026923e-02 9.347595285514807839e-02 9.173264285194737688e-02 1.010034234349102417e-01 1.046100040857790570e-01 1.067374553177597302e-01 1.172286521605240134e-01 1.179254088878205348e-01 1.293437952825642612e-01 1.321798620710189498e-01 1.379804475210699710e-01 1.398765883730541670e-01 1.511487067833739706e-01 1.535976794478461915e-01 1.523747612689901609e-01 1.569983318925700644e-01 1.713127255641987978e-01 1.723476100921917387e-01 1.795817240217250366e-01 1.833598503183416495e-01 1.869457023938488338e-01
3.897887252982968069e-04 1.487704178182624321e-02 1.416130628047169299e-02 2.258471442066717697e-02 2.944826136111466930e-02 2.998878286452857922e-02 3.307452655620384679e-02 4.524396992113876442e-02 4.626919936377760223e-02 5.481261757735281237e-02 5.124461957064088691e-02 6.366084368955174377e-02 7.013059558163108054e-02 7.051498043350500067e-02 7.304071824062301210e-02 8.005222254172841834e-02 9.046219826298848576e-02 9.200271813362941031e-02 9.676121437826143423e-02 9.888159534329787892e-02 1.077012147863012359e-01 1.134244327973330246e-01 1.191522825622069598e-01 1.165298270810159742e-01 1.260743153438750042e-01 1.283207025918478850e-01 1.407613633206949710e-01 1.372444387420540812e-01 1.470502904786381293e-01 1.555135557551548253e-01 1.571943974110882603e-01 1.589683617610070654e-01 1.656634425440995095e-01 1.692172996268830887e-01 1.810711856391371000e-01 1.843899776063972207e-01 1.915020649667618924e-01
9.894987445105475968e-03 1.000639270864328578e-02 1.733244676925448091e-02 2.453187206923067645e-02 2.033429272037700145e-02 3.461125265348559410e-02 3.605710415931868973e-02 4.324677982683042265e-02 4.414566469613415145e-02 5.261548130623881769e-02 5.653539018610202055e-02 6.026860720645898367e-02 6.369229660234233814e-02 6.581878525115783529e-02 7.276005430988850831e-02 8.253466157559538607e-02 8.967280137788490035e-02 8.713144842037345850e-02 9.701800817532500731e-02 9.721406220716485858e-02 1.064459071845211963e-01 1.088828893630029021e-01 1.203084001654549234e-01 1.209712631311279374e-01 1.299482576065935091e-01 1.341745426844832556e-01 1.332053236376881389e-01 1.405074210561372827e-01 1.428753243498052938e-01 1.475150106109477388e-01 1.575647928750012194e-01 1.630259824642496524e-01 1.675689514264254165e-01 1.704035586106604772e-01 1.745045030180672752e-01 1.864371578799837725e-01 1.828283579030490491e-01
2.758038052605161963e-03 1.362718902046376745e-02 1.863666311195161934e-02 1.983665583343382013e-02 2.591603539372580242e-02 2.608531604902722054e-02 3.930017113208756491e-02 4.159676500077922473e-02 4.612423750507709669e-02 4.793574489193557636e-02 5.292780595386158138e-02 6.307972098363458235e-02 6.452366273031524824e-02 7.378929941181956720e-02 7.844804315119591198e-02 8.502927305394854252e-02 8.205796474118048911e-02 9.011450791154983209e-02 9.908803557108093740e-02 1.041994943417491881e-01 1.013656222955058028e-01 1.108364378719849525e-01 1.118891284769929217e-01 1.165377936122668906e-01 1.245679048099350289e-01 1.291716941877507907e-01 1.359960563037050651e-01 1.448914807406696814e-01 1.430005072300454261e-01 1.517510202840763600e-01 1.564805579021488480e-01 1.599520567120454595e-01 1.710044186990312409e-01 1.742652184456423836e-01 1.745869279490591675e-01 1.806305193221497130e-01 1.834155998082745154e-01
7.097940694151796438e-03 1.419078525144758240e-02 1.181941741841770893e-02 2.131367620328169024e-02 2.818553193045661778e-02 3.305265522151205893e-02 3.094108451410081118e-02 3.871471578750917963e-02 4.367504299998377360e-02 4.945986444662668624e-02 5.676318438149833417e-02 6.326374541940744944e-02 6.817084123206693103e-02 6.632525064959460259e-02 7.493547014011890661e-02 7.651443476276846567e-02 8.608798262189659711e-02 9.178973683785345006e-02 1.007828710445664022e-01 9.956733326734089340e-02 1.059925629702929278e-01 1.152009479626922156e-01 1.163963222390533570e-01 1.250091440657974950e-01 1.304635585007391241e-01 1.303765333629267886e-01 1.409290041093262946e-01 1.395148554715647249e-01 1.479141040196482737e-01 1.518666568657679738e-01 1.532009935573819814e-01 1.569720365521397598e-01 1.680419345975612544e-01 1.677679890823265130e-01 1.795862887769099636e-01 1.844514064831435929e-01 1.868171877073713516e-01
8.907212727516041623e-03 7.447072342520847515e-03 1.202381032536225212e-02 1.812932038583614514e-02 2.283872475488956527e-02 2.576982536146223829e-02 3.283831489396164122e-02 3.562105414422132160e-02 4.186772442873110817e-02 4.898785156966169174e-02 5.947001586345963819e-02 6.099130602588875849e-02 6.125982163119598339e-02 7.460532722658655413e-02 7.529009775066652921e-02 8.166438737485384736e-02 8.084315282046991569e-02 8.679292406280672556e-02 9.452726777588449369e-02 1.036992135177629004e-01 1.060329526054669680e-01 1.064673516275403686e-01 1.208309095897165952e-01 1.257310186648060712e-01 1.236958787013965888e-01 1.298616979346474964e-01 1.332930801580689828e-01 1.412141121049245995e-01 1.485260337203533343e-01 1.521016917358229414e-01 1.593008165384408870e-01 1.659093647247767700e-01 1.707076926076898093e-01 1.671297109527401792e-01 1.740142463541557993e-01 1.802425620300406595e-01 1.844497620130177984e-01
4.556156782696869564e-03 1.329271022253577378e-02 1.356742342293692366e-02 2.132558059200050787e-02 2.490228706344753060e-02 3.058767988161572443e-02 3.825810946633245030e-02 3.871365535207553499e-02 4.190480824354531758e-02 5.451197072350234818e-02 5.141584138724702990e-02 6.433079405387068239e-02 6.901501899056641798e-02 6.575813801306966411e-02 7.763413893331840010e-02 8.239629510781905364e-02 8.345493667215303502e-02 9.378466086219591769e-02 9.315097926845379572e-02 9.596190661881021100e-02 1.019065056910495592e-01 1.144246100134105742e-01 1.174001597537090019e-01 1.244147877326266943e-01 1.247660484385079149e-01 1.346155965256149722e-01 1.346852399986383786e-01 1.395146408862981413e-01 1.510973225255995145e-01 1.485612865422145656e-01 1.580075168700169341e-01 1.637115520043163353e-01 1.695747804927702496e-01 1.743800083629580833e-01 1.721293404654379855e-01 1.858876975297392709e-01 1.879048887103667853e-01
9.004134676422023004e-03 1.464953781857252640e-02 1.973781530517269497e-02 2.067522589825324802e-02 2.526557739236626882e-02 2.682056671384999008e-02 3.862301611427493980e-02 3.765513648999981727e-02 4.722939543191341516e-02 5.514926756394647467e-02 5.141328373072420743e-02 5.631240466344868134e-02 6.907860978082844272e-02 7.152048412138856115e-02 7.716987898887137098e-02 8.462351880226968992e-02 8.758868068625974557e-02 9.438583711317308222e-02 9.973955713480492369e-02 1.003815893150302729e-01 1.100520687008005455e-01 1.156814346040618002e-01 1.196658564626375265e-01 1.259111898141597741e-01 1.264909637096704176e-01 1.283673927565289752e-01 1.404961914384754984e-01 1.419918910012371027e-01 1.510898917653738516e-01 1.480530512269583321e-01 1.536374796657324904e-01 1.635721727999328301e-01 1.641449553693707097e-01 1.674005815184964052e-01 1.740273533284887597e-01 1.769402595871097383e-01 1.864793365837285888e-01
