LEM_wLE/output/LEM_wLE_example/elevation_000006.asc
nrows	100
cellsize	150.0
xllcorner	0
ncols	100
yllcorner	0
NODATA_value	-9999
[rows 0 to 16 of 100, columns 37 to 73 of 100]
1.421896976858385244e+02 1.464510887171131515e+02 1.311213496964777505e+02 1.218556614334253112e+02 1.135856569932451663e+02 1.181056468047402888e+02 1.233799419674504207e+02 1.033479861741891170e+02 1.033479861741891170e+02 1.065699662930700100e+02 9.826883017422331079e+01 1.042820299894687679e+02 1.113280348495549958e+02 1.196589727724750105e+02 1.286211017307714144e+02 1.402482150795260054e+02 1.279788130695276180e+02 1.196494914353323509e+02 1.279788130694881971e+02 1.275715246699004410e+02 1.359269057311472295e+02 1.249048338301724499e+02 1.165566894181655897e+02 1.228648835948317242e+02 1.299611041625987014e+02 1.383534743958472006e+02 1.473988468349936340e+02 1.591140978899470610e+02 1.544035370448550566e+02 1.442717750250201618e+02 1.358889715202786874e+02 1.386597617733704340e+02 1.302773576336509507e+02 1.386597617733704340e+02 1.382171325168891656e+02 1.298411420426917857e+02 1.382171325168891656e+02
1.319951635100973419e+02 1.356109733661096186e+02 1.132753275038865155e+02 1.007470794817885178e+02 9.299895553689019323e+01 9.775681476455712016e+01 1.121620134618193418e+02 1.033479861741891170e+02 8.337183632548089918e+01 9.071395969363985046e+01 7.828052077647426188e+01 8.433850126681022630e+01 9.139892205564866856e+01 1.002796226905216486e+02 1.117677201935676976e+02 1.318757371315558657e+02 1.180033284598582526e+02 9.976388181714021641e+01 1.180033284598473813e+02 1.075730762397259923e+02 1.170828373054233680e+02 1.087691274833724151e+02 9.670222428375419099e+01 1.029166220739559208e+02 1.098899614255449677e+02 1.187948676430038120e+02 1.304177105971475328e+02 1.507112729675014862e+02 1.460313564884081927e+02 1.257465865521499069e+02 1.156560099139362734e+02 1.257724907171074449e+02 1.101267587850549603e+02 1.285718218230435639e+02 1.281437888842398252e+02 1.097254141494144903e+02 1.281437888842398252e+02
1.234440508935927738e+02 1.325636197403811423e+02 1.311059117679810697e+02 1.181056468047402888e+02 9.775681476455712016e+01 8.348852587255190372e+01 9.650132899048497848e+01 9.207732217044831202e+01 8.794919474667037207e+01 7.067769840773675583e+01 9.071395969363985046e+01 1.042820299894687679e+02 9.982072297240038949e+01 1.080767568666955611e+02 1.180348025901246842e+02 1.213607770673647508e+02 1.097066866262362481e+02 8.990295714024175311e+01 1.097066866262362481e+02 9.615778369998204766e+01 1.019789195651054428e+02 8.897243961966634629e+01 1.087691274833724151e+02 1.156437938783589487e+02 1.209646693840618639e+02 1.280519746063263824e+02 1.364439087579140732e+02 1.465572870879571781e+02 1.544035370445029116e+02 1.442717750323523092e+02 1.257724907171074449e+02 1.056880106838869864e+02 1.002368891073677304e+02 1.137245019996728388e+02 1.197832780960531096e+02 9.982828694285332460e+01 1.098057825194568267e+02
1.105822467032976277e+02 1.279251834200301516e+02 1.275832374152934534e+02 1.193341764013281079e+02 1.121620134618195976e+02 9.650132899048497848e+01 7.636165924204492228e+01 7.196907667282873433e+01 6.788051303920465784e+01 6.641380120403135834e+01 8.644221456187148078e+01 8.986018698907547275e+01 7.989966593938692085e+01 8.987082301535211570e+01 1.097706547526196488e+02 1.130571337457168966e+02 9.318834339861410854e+01 8.327445523985753084e+01 9.522240502534447160e+01 9.772314437456677183e+01 8.214306583439601184e+01 8.650696731703885689e+01 9.105316652038212055e+01 9.582118023338287571e+01 1.010557762440471379e+02 1.080060482742973846e+02 1.179523334971623996e+02 1.381516157154906068e+02 1.400965802324207061e+02 1.316662706982251052e+02 1.341545742450145156e+02 1.257724907171074449e+02 1.137245019996728388e+02 9.388025871201172379e+01 1.077412375238794766e+02 1.037831369360144862e+02 8.998389345826987551e+01
1.098068893349744144e+02 1.306304073296686852e+02 1.193341764013281079e+02 1.001078860411139004e+02 1.057391361105590164e+02 1.048760108691795097e+02 9.650132899048497848e+01 9.207732217044831202e+01 8.235393191676392632e+01 6.235620164259202625e+01 8.134867873757684720e+01 6.989894012846545479e+01 8.986018697859988436e+01 1.080763713908603023e+02 1.180332177148822979e+02 1.109310155937305638e+02 9.683433436014026086e+01 7.692822003614718085e+01 7.528848978886388466e+01 7.785055897563626104e+01 9.774962247662048753e+01 1.062975867937847596e+02 1.108361038881203484e+02 1.156437938783589487e+02 1.209646693840043667e+02 1.172659535927464134e+02 1.364439087579140732e+02 1.465572870877925880e+02 1.316662706982247073e+02 1.114250377693017668e+02 1.173535576346056928e+02 1.232991681131588706e+02 1.149711756583149764e+02 1.077412375238818640e+02 8.795073458458634263e+01 8.397684699830691102e+01 9.839254759767908354e+01
1.082128570631463731e+02 1.280503679665789605e+02 1.166730119889924850e+02 1.057391361105589596e+02 8.682309756763361008e+01 1.057391361105590164e+02 1.082800642730026084e+02 9.231488819791130140e+01 7.134044817674852368e+01 5.960940277226847428e+01 6.139742450352557057e+01 7.215460053763914061e+01 8.625894606207627646e+01 1.061629151281717185e+02 1.079926053058313187e+02 9.683113368436835344e+01 8.273125177520800833e+01 7.172993269022586560e+01 9.169868726153796956e+01 9.193228370156677443e+01 8.570316263935606571e+01 9.378549381760514336e+01 1.025966738759207146e+02 1.140418903258983789e+02 1.341541236703083655e+02 1.374220673593179356e+02 1.458203079324093494e+02 1.417324873453025589e+02 1.196820232853298052e+02 1.073903585793205906e+02 9.732900048725687725e+01 1.082563703384340812e+02 9.520250187958144750e+01 1.118287521555481447e+02 1.044303132194766306e+02 9.615150539335590452e+01 7.853686236073266969e+01
1.222877374573597962e+02 1.221984608185861418e+02 1.028748516933009540e+02 8.956800732513072205e+01 8.007990202816844771e+01 9.161010948231705697e+01 8.975751245222713237e+01 1.005593289272356259e+02 8.790303257102476664e+01 7.581777353399223784e+01 5.589839423493283022e+01 7.581777353399223784e+01 8.350255706148169565e+01 1.035030137824029595e+02 9.388603547338250621e+01 7.978108522456436447e+01 6.858274874919460729e+01 7.616905467191388368e+01 9.609049797447814001e+01 1.117939201727107275e+02 1.055239909657621666e+02 9.821211232605847385e+01 1.122275660926845688e+02 1.309080678896005168e+02 1.425440091907908027e+02 1.525394312061956441e+02 1.444172889947277554e+02 1.503412020235325031e+02 1.323696016947626504e+02 1.122963173187306438e+02 9.833709448508354001e+01 8.848848634213982223e+01 8.380367344870056456e+01 9.769472727691999125e+01 9.395075501426600795e+01 7.628371338680790359e+01 9.032979081177057878e+01
1.092638686764057496e+02 1.175528347333492718e+02 1.056733127614520242e+02 9.764268568191405961e+01 9.161010948231705697e+01 7.246314377700323917e+01 7.665354084088060915e+01 9.281481651583517589e+01 9.074676572249497042e+01 7.336879551585543879e+01 5.362018754092292738e+01 6.355680784046179355e+01 8.350312317558022812e+01 9.970044967459770646e+01 7.978108539610471439e+01 6.564633020236476568e+01 8.561528247101146860e+01 9.609049804057266897e+01 9.026682926952145181e+01 1.042971402315273934e+02 1.242803203221990316e+02 1.181059735509637534e+02 1.264530519438491041e+02 1.406785377952647877e+02 1.470412239665634502e+02 1.420619427269275832e+02 1.252935123921635778e+02 1.420619427269275832e+02 1.390841187996509518e+02 1.265344786210458494e+02 1.165651978539153362e+02 1.082563703384340812e+02 9.769472727691999125e+01 7.791680381729547378e+01 7.408974515956411722e+01 9.395075501426600795e+01 1.044303132194766306e+02
8.945458551346062848e+01 1.092638686764057496e+02 9.764268568191405961e+01 7.862529257323217280e+01 8.419535805427479147e+01 8.484045738852005059e+01 6.549665403845638423e+01 8.484063483762629687e+01 7.772531348154926434e+01 6.363551493544126458e+01 5.142133484611028393e+01 7.132070795590304613e+01 8.177730550903659434e+01 9.587909379092783979e+01 8.360832709003813079e+01 6.365362180950381799e+01 7.518488075766055090e+01 8.928367876181116003e+01 1.091929481852992154e+02 1.184681271722738103e+02 1.195331228175223544e+02 1.278872947991179814e+02 1.395033279467923819e+02 1.470412239665634502e+02 1.268614978664671327e+02 1.305645466017767546e+02 1.142534349524779600e+02 1.227755040608745816e+02 1.191102265388334160e+02 1.390841187996509518e+02 1.313072701581959905e+02 1.172629873192483245e+02 1.056562900984501709e+02 9.221872310459984590e+01 7.266287831223017690e+01 9.251218852197806086e+01 1.062119743423535567e+02
9.525659022144274957e+01 1.066375295880579159e+02 9.517255507719386287e+01 7.615949210880421560e+01 6.495064136949217470e+01 7.523498291796943249e+01 6.136737593227235266e+01 7.603097394196933578e+01 6.777132480212246435e+01 4.963324511993207011e+01 6.953561456637618221e+01 5.361353052427325139e+01 6.767551725020301490e+01 7.733543172336311500e+01 7.895096235158484888e+01 6.171264549497739438e+01 7.322639380536683973e+01 8.732852725067159838e+01 1.072406824754806394e+02 1.080272477929629247e+02 9.960436268944772564e+01 1.110499738997346810e+02 1.311213197433066000e+02 1.359255142382802717e+02 1.275976144297565611e+02 1.104985827712076514e+02 1.227755040608745816e+02 1.030827396277324084e+02 1.227755040608745816e+02 1.259172413556923544e+02 1.175756250323445755e+02 1.032187044803006728e+02 8.926356086546930158e+01 7.935836600420931575e+01 7.118302241488184734e+01 9.109332338132425377e+01 8.637594523555912929e+01
7.856350180759305601e+01 9.837478938392688121e+01 1.031806401694866793e+02 9.089013262573331531e+01 7.523541759451410371e+01 5.564482209585627004e+01 7.342673013594938425e+01 6.602377269696306428e+01 4.786517792434980834e+01 6.777132480219692923e+01 7.779178648656669282e+01 7.350849251338132717e+01 5.583419198852410403e+01 5.742679588105443855e+01 5.903272320118620087e+01 7.823535642356007713e+01 8.952184585519782445e+01 9.433179408112229680e+01 9.867117202965445699e+01 8.818001394037145246e+01 1.080272477929629247e+02 1.211186460214242686e+02 1.326940369036726679e+02 1.275977674574730543e+02 1.076176291302093659e+02 1.017003775481903745e+02 1.104838384061837360e+02 9.771209053933232269e+01 1.173729768639757793e+02 1.175756250323445755e+02 9.758123892647579112e+01 1.034374590312227014e+02 1.073637890396766892e+02 8.969830777429565671e+01 6.956119678554526331e+01 7.501301423500780174e+01 9.476062833708253663e+01
7.383079080183179599e+01 9.363004631347689610e+01 9.867586375297706525e+01 7.708096885090115791e+01 6.237137043668204939e+01 5.233186712044854971e+01 6.496774446985665463e+01 4.611523009032385545e+01 6.602095763760186742e+01 7.599223454821131440e+01 9.323542918982886363e+01 8.399693428585240440e+01 6.731440901805591182e+01 7.732673121045216647e+01 7.880725144627747625e+01 6.351958223672078674e+01 8.346670210026228176e+01 7.440614704478440444e+01 7.878564411146172120e+01 8.544594993113382486e+01 9.293684980025265929e+01 1.043402354735820836e+02 1.243233444663925837e+02 1.276236850500474276e+02 1.076180657592241232e+02 9.373532592912954442e+01 9.084144012826175185e+01 1.104838384061837360e+02 1.256649670976828617e+02 1.219091598260846325e+02 1.034374590312227014e+02 8.343809988385129373e+01 9.274735190486454428e+01 9.379073836719717860e+01 6.781386354614069489e+01 6.879228268801342949e+01 7.603565249118777558e+01
9.042107406546183768e+01 1.018800402124483213e+02 9.389147600837240759e+01 8.502472114125284008e+01 7.680783913562086695e+01 6.794574746553104205e+01 4.793214515766593564e+01 4.489185436211457869e+01 5.379736007758840799e+01 6.528777280706125907e+01 8.513924996947824297e+01 9.127679675222333344e+01 8.733954419016748716e+01 9.540501422445288426e+01 9.158971526910578120e+01 7.350207303989000707e+01 6.849868411004956670e+01 8.845604132774883510e+01 9.867117202965445699e+01 1.052837830788901812e+02 1.127860911102223156e+02 1.211186460214242686e+02 1.199738173329563011e+02 1.283624337235949042e+02 1.217775592220395424e+02 1.060111931710170552e+02 8.634049661195768977e+01 1.013325661668522741e+02 1.096023186857417073e+02 1.078002977094971442e+02 9.369140369907466948e+01 9.274223935236089744e+01 7.283916742364195329e+01 8.405747399582106993e+01 6.630674003898289470e+01 7.899946998272200460e+01 9.482374305113819446e+01
1.014386790509891654e+02 9.966711099230973048e+01 7.987360427529451101e+01 6.585238696657486912e+01 5.696465743352807465e+01 5.067434444908919744e+01 6.208597306451629549e+01 4.376985537460338804e+01 6.366667588857407623e+01 8.181763193513491217e+01 7.502179899601296142e+01 7.136857161582285869e+01 9.127679675222333344e+01 1.038149856904340993e+02 1.017095616647731617e+02 8.760191366216034226e+01 8.845604132774883510e+01 8.004576907542806907e+01 9.411161233776893198e+01 1.140269745404995234e+02 1.140533958381982131e+02 1.056694301975424821e+02 9.974435904528517938e+01 1.199738173328847637e+02 1.247849364924623359e+02 1.052859247044042093e+02 9.144764825394341301e+01 8.161627975662938184e+01 9.709473025259066503e+01 9.951852844032525525e+01 7.973610364508100190e+01 8.677463046236478306e+01 7.023143333966950763e+01 6.457976381897803719e+01 8.405747399581771617e+01 9.347997195661626790e+01 1.048970639944952126e+02
8.870418189954880006e+01 9.088816037845016638e+01 9.389146937011135208e+01 8.502472233643807442e+01 7.680783913725142042e+01 6.208604669780488194e+01 4.218929092445460327e+01 6.054057436335281039e+01 6.878623288409004033e+01 6.653641567128242684e+01 5.512779899753655855e+01 6.402476846549693335e+01 7.550731776664447636e+01 9.547397144700877902e+01 1.118837121624531505e+02 1.075047337184173841e+02 1.082354548437332227e+02 9.994468687716248212e+01 1.082354548437332227e+02 1.111320182614358743e+02 1.027415006550801166e+02 8.534257385755132930e+01 1.047677575292966026e+02 1.131510746284043591e+02 1.232624612415713017e+02 1.193393172294218374e+02 1.094490323831152239e+02 9.709473025259066503e+01 7.734322122104401842e+01 9.303273289543953695e+01 8.700702393634455234e+01 6.740406922675123269e+01 8.280056222501441709e+01 6.340452128930097331e+01 8.280060615648085331e+01 9.031267081373327699e+01 9.856590413324893518e+01
6.877945611972492657e+01 7.095802490757672842e+01 9.088816086216019130e+01 9.731121584382867695e+01 7.723708198177232020e+01 6.584634181079088933e+01 4.693488998445305782e+01 4.064217940000399665e+01 5.901834027985783138e+01 4.664181495307796155e+01 6.653641567128242684e+01 8.328903500977664009e+01 9.224053325200345910e+01 1.015055560526142813e+02 9.246796314353778712e+01 9.815470436936210774e+01 1.175015159779330958e+02 1.076142525697391648e+02 9.920795686860731166e+01 9.919571151084035421e+01 8.224068054910351577e+01 7.734137492478217268e+01 8.442428689940838638e+01 9.466314107799583155e+01 1.148723739816479537e+02 1.271788435492293416e+02 1.171852883107194145e+02 1.053549603818075013e+02 9.303273289543953695e+01 7.328405196092070639e+01 7.080454017831360147e+01 8.371970295724668176e+01 6.427313448897039905e+01 6.222349533825006063e+01 8.004648950337751501e+01 7.070364873727122301e+01 8.645932372562361934e+01
5.477500807605498068e+01 7.461527318735294045e+01 8.763664885275127858e+01 9.143873926460575774e+01 7.135456292870384232e+01 5.751165058950380171e+01 6.584634021132063708e+01 5.901834021584583923e+01 3.912812025332815580e+01 4.906874464195441732e+01 6.309015898904635122e+01 8.268638682796520811e+01 9.568906985741014637e+01 8.188057278507771741e+01 7.846216218323647240e+01 9.246796314353778712e+01 1.118837121624533353e+02 9.920795686860731166e+01 7.851602972871818054e+01 7.986588149768365952e+01 6.980933009334287931e+01 9.090534664828639677e+01 1.047677575298217221e+02 1.131510746284043591e+02 1.232624612422057027e+02 1.188332535716803022e+02 9.891280084176119658e+01 8.907734640866272002e+01 8.210406782599051212e+01 9.303270841805695568e+01 9.051008793017857101e+01 7.453608660064418245e+01 8.355322867743187487e+01 7.120483346313902473e+01 6.074067272890293623e+01 5.966283844453938912e+01 7.124514290935351823e+01
