LEM_wLE/output/LEM_wLE_example/elevation_000001.asc
nrows	100
cellsize	150.0
xllcorner	0
ncols	100
yllcorner	0
NODATA_value	-9999
[rows 0 to 16 of 100, columns 0 to 36 of 100]
7.773770046158816616e-01 2.077647235894943378e+01 3.994448468931300056e+01 4.326204591739409722e+01 5.149328732392435626e+01 5.222053769631914122e+01 5.507976286146202938e+01 4.685851021984237263e+01 5.085787736944678983e+01 5.512070476652394291e+01 5.970677401966111120e+01 5.969595430485663456e+01 7.955061765259564766e+01 8.621411723443090125e+01 8.621476160884350293e+01 1.060088574323596902e+02 1.016422229001329356e+02 9.381142539387808199e+01 9.489526118956972311e+01 9.489520650506592858e+01 1.142490179366100165e+02 1.288842653963523617e+02 1.208563614428097566e+02 1.124415890063939969e+02 1.135648112118900173e+02 1.213463977113892582e+02 1.233053952893623091e+02 1.175064177580000688e+02 1.221026519951631855e+02 1.198825136427251721e+02 1.279145512008171295e+02 1.407308265402150482e+02 1.522981630463611680e+02 1.503212553505940434e+02 1.437955584240766882e+02 1.481848000512889030e+02 1.415322444753754212e+02
1.667217412783970065e-01 1.171372591985883460e+01 3.171087805120698988e+01 2.326254220858178101e+01 3.483870782708223146e+01 3.222726018097544909e+01 4.151341656708532923e+01 2.685896140421693801e+01 3.086035379260690803e+01 3.512615632879415983e+01 3.971628749217293120e+01 5.970722263408001851e+01 7.357202266495204412e+01 6.623873222396655081e+01 8.621501192743707520e+01 9.677004299556897138e+01 8.850761712187917851e+01 7.396073921766512171e+01 7.506123201038022330e+01 9.489517488393825317e+01 1.115568412345545397e+02 1.113361807664995666e+02 1.074332490929995743e+02 9.010144869178687088e+01 9.352921897956332487e+01 1.101478755175347999e+02 1.029913641973892311e+02 9.698001749064104615e+01 1.017104334969501025e+02 9.756592341591822048e+01 1.088534941023318083e+02 1.236442011181786569e+02 1.455815787726233737e+02 1.397807544034741341e+02 1.245075328968144248e+02 1.389420402918126172e+02 1.220993657592500057e+02
2.375235533300354973e-01 2.023664128185049904e+01 2.749851846658413734e+01 1.171403224344583904e+01 1.483756592979240096e+01 1.808214215416828807e+01 2.151245715561892879e+01 3.565808382704915402e+01 5.085789556386458088e+01 5.512074075668894579e+01 5.970683482970417089e+01 4.756208011622237564e+01 5.359190500705871330e+01 6.773134811430044522e+01 8.769109903270758366e+01 8.417827040145967032e+01 6.779384763365519007e+01 6.246279807003895712e+01 8.235045028738348094e+01 9.814167577031136602e+01 9.270547803861806813e+01 1.006197344128572837e+02 9.175881482231876873e+01 7.800532654935757648e+01 8.177062566513343711e+01 9.354694078882840813e+01 9.704829115713850740e+01 8.241115386005641597e+01 8.711590042816619928e+01 1.077323526886987253e+02 1.146441616602341895e+02 1.319662879191313891e+02 1.425071551974814668e+02 1.326589701969013788e+02 1.129727933924871763e+02 1.212913266301352451e+02 1.121169387369014458e+02
2.578281697790204552e-01 2.025697129254623974e+01 7.497632177000506992e+00 2.749846312225117018e+01 3.483866434785265653e+01 3.808331171944955429e+01 4.151341176257299281e+01 4.974775945695679269e+01 6.383674645146192006e+01 6.204969591232136850e+01 7.007361715799089552e+01 6.754691475731583239e+01 7.357190469507088437e+01 8.171292598041432598e+01 7.880280083169128602e+01 7.066276369156604176e+01 5.614824750809715681e+01 7.608942129317047431e+01 7.144797590546214394e+01 7.854937138824303133e+01 9.815054127587741561e+01 8.889590508221273524e+01 7.171880677542871751e+01 6.890036242428085700e+01 8.873552924569261791e+01 7.303415866833348957e+01 7.651855261754343474e+01 9.701689216997762344e+01 1.077196146990750094e+02 9.911850350348339589e+01 1.181111591730230259e+02 1.350023855937526491e+02 1.214304128677968890e+02 1.330648700451289415e+02 1.212908922674037200e+02 1.016208249156123742e+02 1.143391450467649690e+02
6.835178870107115889e-01 3.457018877363697840e+00 2.345774294054426079e+01 3.575344598848591460e+01 4.468082145474446776e+01 4.340633780778513540e+01 5.161989712498156280e+01 5.487635830885323429e+01 4.983673816914020449e+01 4.246077660105866158e+01 5.634382215355178403e+01 7.582507245766976212e+01 7.014065926009162411e+01 7.385659047217289697e+01 6.567973000743781142e+01 5.072569047319105806e+01 7.061657506939340578e+01 8.417851088260040626e+01 9.118127795993125062e+01 9.814161269099957963e+01 8.554752061532775542e+01 7.726316806326455833e+01 6.026614224732101377e+01 8.059413099589437479e+01 6.825030757684761795e+01 8.873559332699464619e+01 9.701091537066929504e+01 8.812147113476956406e+01 1.024862923332193390e+02 1.181110532877920605e+02 1.258528889866099689e+02 1.273176185503372722e+02 1.064101060985365876e+02 1.147945887050716323e+02 1.138779892684327422e+02 1.095289674857229016e+02 9.479799253871871656e+01
8.765780624806145394e-01 2.087569398412912136e+01 3.135214569548334751e+01 2.504714443665903900e+01 2.491755379413382698e+01 2.346519523929844553e+01 3.617869356875177544e+01 3.495732683625639936e+01 2.980515252821206929e+01 4.529956327378170755e+01 6.725351155289077099e+01 6.293202692520593189e+01 5.014129979510251189e+01 6.422247570410108608e+01 4.574737555567331526e+01 6.567959890923718547e+01 7.880287661279001554e+01 8.886101503133660628e+01 8.064742613861220377e+01 8.231771824750552469e+01 7.405171575140450102e+01 5.702020926831912107e+01 7.726311423964398273e+01 6.396550998465989579e+01 8.440525026364777261e+01 8.039741088274810465e+01 1.014169604001367730e+02 1.015642948738060483e+02 1.168166491524655299e+02 1.311899445858147999e+02 1.279561173719030194e+02 1.201562802444907732e+02 1.146882130222497125e+02 9.478077708058540907e+01 1.050828390918202899e+02 9.004970854123938295e+01 1.095289489171659056e+02
3.336530771559016451e-01 2.033278177267883180e+01 2.211682444356428690e+01 5.047554938851348538e+00 2.364487140571640111e+01 1.190497902045543377e+01 1.617738836990986684e+01 2.078329467015971943e+01 4.079214880046224323e+01 5.801324158574137613e+01 6.164655589178762796e+01 4.967399115786640351e+01 3.603795137952209160e+01 5.599889396551095899e+01 4.242475961795145167e+01 5.650193996150066056e+01 7.651972480424851142e+01 7.722506114629538843e+01 6.048635704392384582e+01 7.103446163109980205e+01 5.388300428967146161e+01 7.405115254459353480e+01 8.515069818729462270e+01 8.440525110591147495e+01 7.263987273409409795e+01 9.286268746221645642e+01 9.686007231410057727e+01 1.200604685504445968e+02 1.296385249208870789e+02 1.344324493107053797e+02 1.143736065044225114e+02 1.002386597241124662e+02 1.069046290080563324e+02 1.012218119384653221e+02 8.559510450311491070e+01 1.050828575607878292e+02 1.172885566197571734e+02
2.692912384917900415e-01 1.965931871398290909e+01 3.747968415028472666e+00 2.374720344260415672e+01 6.354066470790773913e+00 2.635487939633793530e+01 3.617868553555666722e+01 3.495733612625191711e+01 3.713711831487982096e+01 5.704953265141055851e+01 5.236814612200471686e+01 3.421102036045414962e+01 5.417635285671967438e+01 3.788824274285465066e+01 5.784539233479927844e+01 6.132572406457643410e+01 6.953998574997825699e+01 6.616838745270796096e+01 4.891991515427176296e+01 5.092817229825732284e+01 7.100906722901204660e+01 6.550348881934091594e+01 7.718478659695659871e+01 9.776582761136623390e+01 8.506738609240649396e+01 8.658338605206232330e+01 1.128571691429946497e+02 1.205149037538032815e+02 1.418273799364056629e+02 1.331322254804909164e+02 1.131943374393850377e+02 9.913525193084817033e+01 8.788753361611337311e+01 8.172095354647633769e+01 1.012216318883204025e+02 1.129104596327060221e+02 1.224229923127941930e+02
2.740426242073276120e-01 2.027317079963464508e+01 2.831769945151137335e+00 2.283059622278741330e+01 7.306921891314124728e+00 2.145367015546775491e+01 4.144107894424318062e+01 5.487706529203917682e+01 5.704954036111661253e+01 5.236762909809370825e+01 3.240008209643440296e+01 5.057494784782467434e+01 5.881480440242444274e+01 5.784534284444657715e+01 3.992669271138885989e+01 4.137672403634712026e+01 6.133360459334977577e+01 4.615540149067243192e+01 6.616838801743726606e+01 6.251522943911593444e+01 7.928741919986276798e+01 8.582443714146550917e+01 9.415235997964990133e+01 1.061946123684540169e+02 1.021702157708244556e+02 1.120342422781897653e+02 1.096260281843497779e+02 1.333246940325391847e+02 1.401801612702444402e+02 1.268207449080470468e+02 1.190352142936199300e+02 1.126066966379597005e+02 9.305823267401682131e+01 7.926515082512693766e+01 9.543611539501458196e+01 9.543635984917743542e+01 1.036239820745224876e+02
8.627856460739585787e-01 1.538527761828281992e+00 1.967040250473520047e+01 2.812062945484770538e+01 8.263153199462285770e+00 2.826477452295412363e+01 4.202596260373816506e+01 5.027386914697490283e+01 6.175414667188451290e+01 5.966470045167689307e+01 4.382890151690055092e+01 3.060496476565012713e+01 4.879855060679028611e+01 5.704257474467004840e+01 5.988417828754192129e+01 6.133361111234415119e+01 4.345366253091561504e+01 6.341079719770549161e+01 7.438660875461233957e+01 8.269010107578249347e+01 9.095313670192695099e+01 9.472763167214161228e+01 1.025723558051495701e+02 1.134229979725444508e+02 1.246269270550856447e+02 1.218916240919548102e+02 1.285711942422062464e+02 1.357192169876731498e+02 1.326973350789932624e+02 1.105902828298904268e+02 9.837125876992496387e+01 1.068070345869953286e+02 1.066623617650955254e+02 9.543614500525769984e+01 7.589498790642956294e+01 9.222255372666695905e+01 8.397259071936341002e+01
2.490127916613376069e-01 2.024815607132767425e+01 2.935465068389578391e+01 2.211996650400002551e+01 9.222810480680868395e+00 2.678122466196943918e+01 2.212750066837331531e+01 3.363322416141666338e+01 5.355886782968946136e+01 6.982081273207343486e+01 5.513616474432013348e+01 4.704340313513836236e+01 2.882802236495663806e+01 4.293937199386659387e+01 6.293722200356098995e+01 6.567993099331135909e+01 4.577847759083886814e+01 6.567991398968503347e+01 6.896904387644855206e+01 8.871310053661702000e+01 8.382325845212660909e+01 7.401161541525925713e+01 8.464750441573488615e+01 1.055834557522929913e+02 1.153938091723446746e+02 1.092781498883915674e+02 1.177788960595421059e+02 1.300675305851563053e+02 1.297348477129990840e+02 1.209286493465121595e+02 1.033696136697571717e+02 8.705034255532601151e+01 9.762475896809011999e+01 1.033396545073535293e+02 9.222342283649688000e+01 7.266922549729483194e+01 8.918626236511482830e+01
8.485705281016824308e-01 2.084766958422241956e+01 3.620483220259299628e+01 3.625860395245043577e+01 2.922482354796936832e+01 1.058812356765423068e+01 3.059061791802666974e+01 4.623972551483182514e+01 5.245766195077440130e+01 5.355222362007192771e+01 4.530076747430556594e+01 2.707062556791786889e+01 4.522655295599616920e+01 5.642846936898556720e+01 6.791771844528992119e+01 7.357010178635114528e+01 6.567990790003955226e+01 4.915391353235955307e+01 6.898525471861383096e+01 7.490972274338510317e+01 6.367591270641941037e+01 8.382325657853728273e+01 1.022146650106811592e+02 1.123218303034622494e+02 9.971288330764670604e+01 1.153937860655839671e+02 1.269547618251717296e+02 1.259759722448338977e+02 1.137425899944205696e+02 9.770172731571669544e+01 1.129270193042925854e+02 9.761440665058601951e+01 7.816874736362707665e+01 9.761449852866086019e+01 9.427915641996568752e+01 8.631904638355641168e+01 6.963089899114342529e+01
5.097248530424480784e-02 8.555255892525474692e+00 2.548149256304114374e+01 3.891637168162939275e+01 1.982004295003680383e+01 1.156281436149292929e+01 3.094649243391290838e+01 2.695217896208452046e+01 4.624715648118262123e+01 4.530078024263206515e+01 2.532412731304660269e+01 4.524338708178802193e+01 4.960630273030882620e+01 5.256919088025534137e+01 4.884931650225893662e+01 6.791826826308358989e+01 7.710116454358333726e+01 6.898525686619923647e+01 5.266606355132865502e+01 5.520239878836550673e+01 7.490974858331523478e+01 7.717597131631971763e+01 9.541639997387076733e+01 1.103345517066542385e+02 9.369498151500144445e+01 1.027276982489147770e+02 1.207234686164421191e+02 1.156573526716424709e+02 9.617524329286818841e+01 8.338659799063323419e+01 1.035008473432538807e+02 9.033680282505167725e+01 7.288487957081510160e+01 8.533132209005620439e+01 8.353940292057994554e+01 6.676263238432294145e+01 8.631903735092045338e+01
2.550521787762166648e-01 2.025416696380598580e+01 2.593080959141995834e+01 4.425032972984556068e+01 3.803447177739801077e+01 3.156568905979419881e+01 1.295167758525202650e+01 2.749680663290708083e+01 4.903272146936078713e+01 4.426304645609080524e+01 2.409871729718283717e+01 2.691801174222500848e+01 2.980079365190432839e+01 3.277614914992371808e+01 5.256868512066856880e+01 5.709446082386704546e+01 7.647837223387762151e+01 8.049001202081004180e+01 7.242587922025862213e+01 7.490982549837423221e+01 5.932444780367087844e+01 7.887835011740119739e+01 9.092786221017509263e+01 1.055892479116034508e+02 8.794516950863109628e+01 1.055892488776498936e+02 1.187886874947354272e+02 1.073741903345402307e+02 8.655425671194554127e+01 7.460009099482127226e+01 8.667233611268525806e+01 9.479310317728985069e+01 8.532947993919478336e+01 6.584791628702869559e+01 6.397366332397880484e+01 8.353935856055089459e+01 8.631904044311013990e+01
8.916207294569349351e-01 1.503374667062024805e+01 3.503075554548197346e+01 5.276890640849897096e+01 3.440189200165716699e+01 1.435667008025674640e+01 3.284514302837485644e+01 4.100901826752269841e+01 4.949309650942470995e+01 4.127778399654438601e+01 2.287676839639561877e+01 4.241382521443879483e+01 4.960861190554890499e+01 5.256917231697087090e+01 3.735447958282367154e+01 5.709590005854918360e+01 6.650583566974395922e+01 7.438773317532793783e+01 8.548929590308921433e+01 8.680730903930900411e+01 7.887876224086916466e+01 6.371912673089646972e+01 8.310663098893999745e+01 9.525849329021680489e+01 8.326835388702841101e+01 9.380094830049760901e+01 1.117680034337919324e+02 1.083634073432694862e+02 8.901682813660353588e+01 8.666397082192509060e+01 6.652389995243737530e+01 8.628010277382465176e+01 7.832719725273470601e+01 6.121773065275668557e+01 8.081297711788558047e+01 9.151415121207512016e+01 9.660521767836998208e+01
5.108012481754142797e-01 1.205782190691340539e+01 2.620082698658028875e+01 4.622247607910672684e+01 3.535223216514188493e+01 1.535306973766566507e+01 3.534439152439651366e+01 4.492565330485827957e+01 3.972991723549266396e+01 2.130854445902388861e+01 4.127778379326993985e+01 3.355366220522351739e+01 5.347766449518335463e+01 6.505757551536066785e+01 5.709588713784663838e+01 4.234110683526541408e+01 4.691346952492634870e+01 5.833440208205768585e+01 7.767745271607435598e+01 8.912682683432667829e+01 9.092769042032931281e+01 8.310665233974729915e+01 6.838658734059669086e+01 8.756525717822614752e+01 7.901923659755082952e+01 9.215960799399645964e+01 1.105258341684864689e+02 1.031600561440774015e+02 8.334785609935848072e+01 6.931085537950059461e+01 6.174370462737845600e+01 7.587682613021674172e+01 5.867702444572604037e+01 7.833053327357620788e+01 8.880049942686719078e+01 9.659928664054002923e+01 7.697672481692725910e+01
5.195627768054871254e-01 2.051869467092234345e+01 3.680289869401462965e+01 4.682331031179580805e+01 4.358491115811212779e+01 3.535221360176954164e+01 1.677183457077073570e+01 3.676771238059657065e+01 1.975172339155000500e+01 3.972989576494090613e+01 4.947249639230079765e+01 5.347998415603515099e+01 4.765463029606445389e+01 6.753514767695035914e+01 6.764363031179308905e+01 4.809251524449278747e+01 6.650579679428800262e+01 5.502052703687721902e+01 6.199644326149100948e+01 7.569066297486618566e+01 9.494205622293503666e+01 8.754257524106272115e+01 8.756524706063972019e+01 7.347947607638973011e+01 9.236806301446083012e+01 1.040438780287265246e+02 1.018339388175549658e+02 9.358862648977914489e+01 9.717901441253279415e+01 8.910796262362769937e+01 7.587681828921418514e+01 5.613774284906108392e+01 7.365760447310672987e+01 8.168064159899300591e+01 9.481345075076767159e+01 8.688632483505797666e+01 8.050066120900746114e+01
