LEM_wLE/output/LEM_wLE_example/elevation_000005.asc
nrows	100
cellsize	150.0
xllcorner	0
ncols	100
yllcorner	0
NODATA_value	-9999
[rows 51 to 67 of 100, columns 0 to 36 of 100]
8.885398060199247716e-01 2.088853980601956906e+01 9.687579533671774712e+00 2.968757953373513203e+01 2.470446503312696152e+01 4.470446503338912692e+01 6.453574186562305215e+01 6.726913643214220428e+01 5.898049998860140164e+01 5.304281113767150657e+01 3.825141909555478037e+01 1.819821133692195758e+01 3.246253783311866670e+01 3.361960333196360295e+01 1.167339600643932229e+01 7.997860692670125005e+00 8.367347601646546451e+00 8.737091428131463999e+00 1.727553302104383093e+01 2.635968953979113749e+01 1.385263753128531583e+01 1.439423427983614800e+01 1.090291272992299199e+01 1.127581961644390063e+01 1.164892026713114781e+01 1.724888385527388124e+01 3.717582383005709090e+01 3.753640217437626347e+01 3.492699400341935956e+01 2.438515125266488681e+01 3.479502449796616759e+01 1.686964121930587979e+01 3.638728743270403498e+01 3.686196820175324973e+01 1.811851293352816938e+01 2.174424035095169572e+01 4.090249182336839340e+01
1.344321116831868057e-01 3.914076841775467219e+00 2.391407684179385740e+01 2.968757953373513203e+01 4.470446503338912692e+01 3.625147041691988647e+01 5.625147041754008370e+01 7.244200372844566971e+01 5.890522282245093066e+01 3.889346237699847819e+01 2.471009360767691732e+01 3.825141909543759056e+01 4.654016608017916923e+01 4.319776459831980731e+01 2.809700002561682552e+01 1.056655529298971530e+01 1.911950199518855698e+01 2.684302651946944351e+01 9.260957641523070549e+00 9.632650093221952758e+00 1.000445040651923279e+01 1.037648227295121117e+01 3.050212403674705897e+01 3.141145013429193966e+01 1.527079375672843220e+01 3.497666353160672514e+01 3.748866021637168444e+01 1.736776605821659203e+01 1.568514401516127776e+01 1.598046533678706282e+01 1.627030894072234091e+01 1.655600846598479947e+01 1.699372092961043990e+01 1.745299424117272835e+01 3.683144281047823654e+01 4.118677500360399080e+01 2.729446496449863702e+01
8.052006432555327553e-01 2.080520064325517637e+01 2.391407684179386095e+01 4.391407684219972651e+01 5.797185091024888948e+01 5.039360604065133487e+01 6.453574186562305215e+01 6.415453421124790623e+01 4.415506569708290385e+01 3.258637144134874575e+01 4.475477130799076519e+01 5.304278948302312813e+01 5.732782392325981391e+01 3.768447099712948756e+01 3.274796312570124002e+01 1.317742691980927638e+01 3.122296546504382064e+01 1.632651823492524557e+01 3.204507543476169218e+01 3.031618370587161593e+01 1.618541610447914181e+01 1.385079864419415685e+01 3.406993329329506537e+01 4.446539320896881264e+01 3.605536309543595053e+01 4.169190620505462874e+01 3.369316543810659681e+01 1.525817151573167685e+01 3.455915945891098318e+01 2.917120551702091191e+01 3.309961274218772331e+01 3.586513692388616903e+01 1.696564374565057776e+01 2.922479363756000126e+01 4.377012133843757624e+01 5.507357019978785218e+01 4.686738023590513791e+01
2.804825088837598068e-01 2.028048250888340576e+01 2.527598547207284696e+01 3.941812109580330059e+01 5.941812109580259005e+01 7.039360604276777167e+01 7.744019009135406861e+01 5.744018899270000134e+01 4.329848709943949814e+01 5.260783568094532825e+01 6.089390962104074134e+01 6.281617487578348147e+01 4.305385005795362474e+01 3.768530485409813480e+01 1.824748722422522107e+01 1.717984971134755767e+01 3.651350828853836106e+01 3.584204337060695167e+01 2.378761608849143627e+01 4.117720203683830249e+01 3.932801266259167505e+01 3.406977150944520361e+01 4.244456050788727453e+01 5.141337259498618550e+01 4.137072612343511224e+01 3.306293380237298862e+01 1.481718599487910559e+01 2.206659921050521689e+01 3.178475027014401633e+01 4.744447569783176277e+01 4.663611615574025393e+01 3.662419219684759497e+01 1.723641795996235970e+01 1.930569689182686943e+01 4.593986341358089476e+01 5.626929737797697584e+01 6.151587496074669303e+01
7.810880442414250835e-01 8.946053853518614929e+00 2.308818947724931547e+01 4.308818947724860493e+01 6.157901183219871655e+01 6.163733661489120408e+01 6.991451361774697659e+01 7.158533209987177770e+01 5.744018899270000134e+01 7.158533209718100920e+01 6.722007746046141108e+01 5.730110960905727779e+01 4.305385009894185089e+01 2.369728500493730294e+01 3.768530485438904520e+01 2.131737139520991775e+01 4.065369686966092644e+01 4.226413392714676576e+01 4.244232723333502122e+01 3.156230110390868759e+01 4.934319441049115085e+01 5.271134433669811159e+01 4.280743401169957707e+01 3.157633525065931579e+01 2.874994322325212437e+01 1.436259822925903151e+01 2.138830337735934251e+01 3.314649958884894687e+01 4.883253894790997407e+01 5.824891094895158972e+01 3.994175387516393272e+01 2.063297785279738505e+01 1.755054094143370591e+01 3.071896683327085853e+01 3.001306895959796961e+01 4.273517072052358401e+01 6.164540005297922676e+01
7.232205343510359485e-01 2.072322053435068057e+01 3.630480830364577827e+01 3.329474058473782350e+01 5.329474058473711295e+01 4.164983538461182633e+01 5.837550704855841843e+01 7.020151056317506288e+01 7.744019009135406861e+01 7.312648779071869853e+01 5.305141537187886769e+01 3.916499971591402129e+01 2.962443455593460229e+01 4.305385009894185089e+01 4.486322202870297815e+01 2.557327716404573792e+01 4.486322202093158751e+01 6.033705749140533925e+01 5.472864152291218431e+01 3.708554188492053783e+01 5.472864157295187937e+01 4.445276896716433868e+01 2.475548264947753196e+01 1.614854810728695611e+01 1.389766338886187569e+01 3.315278688300199406e+01 2.866571561822142655e+01 4.698613647433872131e+01 6.177996959749930994e+01 5.436255670901452675e+01 3.405894781123519977e+01 3.978403049807597824e+01 3.706691252096261735e+01 1.811117390489896195e+01 3.762012028309133171e+01 4.089103611582129361e+01 5.539668539938223546e+01
9.494692443194679976e-01 8.020537056184881664e+00 1.696480896618388101e+01 3.696480896618317047e+01 5.009754736216895310e+01 3.010460944240482917e+01 4.193546463129640500e+01 6.175519018000876770e+01 7.299166411241654373e+01 7.728718775046006328e+01 5.720784959824142391e+01 4.323223669517110324e+01 3.534074618996677231e+01 5.496509876441787412e+01 4.942494966392098377e+01 3.007177562504990220e+01 4.942494966392098377e+01 6.765823813676088605e+01 4.937104266595245861e+01 4.783631875540726242e+01 6.245426054254695458e+01 5.268720008001879762e+01 4.218347984881756219e+01 3.167026559927670348e+01 1.356527296804477345e+01 2.652029403218155323e+01 4.427373092035553981e+01 4.741844537926369441e+01 6.683672573086762725e+01 6.278967205178192046e+01 5.421794475133290803e+01 4.951347395139125496e+01 3.714055249433261707e+01 1.853455839202385036e+01 2.602360674096807358e+01 4.718538711948056630e+01 6.583145791768558297e+01
2.836664262828419991e-01 2.028366642628248684e+01 3.630480830364577827e+01 4.205223164215463072e+01 3.377227210574297800e+01 2.193980816114467913e+01 3.348612783054628750e+01 5.347747329611871692e+01 5.303096844063158954e+01 6.714306535344341853e+01 7.136998252424339739e+01 6.159802796411053549e+01 4.169924036503246612e+01 6.159802796411053549e+01 5.447054164364987372e+01 3.492977627243293171e+01 4.862837265459439351e+01 6.859355244108053284e+01 6.216684674056517679e+01 6.535451924336624074e+01 7.232478790230381094e+01 4.953225124223660458e+01 3.410784556786251898e+01 2.521401775914054255e+01 1.323228690236910055e+01 3.264695568072633591e+01 4.478195903164288438e+01 5.366642176951304322e+01 6.378171590941438751e+01 6.937135356126447050e+01 4.971375528680749767e+01 4.179741652771051008e+01 2.148310065805429403e+01 2.189473204177594212e+01 1.910815454495808652e+01 4.239838662839122208e+01 4.765253350596768911e+01
1.404418693552202946e-01 2.014044186935486636e+01 3.783943672631855293e+01 2.955721298632505523e+01 1.377486332300888527e+01 1.742634700815720450e+01 3.742197121123246006e+01 4.888808632541271493e+01 3.889885180512904128e+01 5.303096844063158954e+01 7.299166411241654373e+01 6.989835133475239104e+01 5.152405078966738472e+01 6.989835133472884365e+01 6.148588468073926094e+01 4.164349791392645983e+01 5.080850491073120168e+01 7.076474436695725956e+01 8.091562999527343436e+01 7.083021258328743386e+01 6.315704339328502925e+01 4.635732254611729530e+01 1.904818671323073431e+01 1.937619393928659761e+01 1.289877555130750508e+01 1.933627584999416626e+01 2.574131805494456771e+01 3.517134377869627571e+01 5.528469322005931019e+01 6.372592166567864780e+01 4.393425108525256206e+01 2.956437769277266270e+01 2.848263705122320033e+01 3.724352558431115057e+01 1.948897232731333062e+01 2.435550629794893140e+01 2.948673179695407498e+01
6.646099058385387393e-01 2.066460990583818358e+01 2.563575821058974213e+01 9.558493115962972908e+00 2.955721298632505523e+01 3.742197121123246006e+01 2.286965576372132247e+01 2.889985898694176214e+01 4.888808632541271493e+01 5.887732084569640989e+01 7.883409302554564135e+01 7.994758999261577515e+01 7.167200513855367205e+01 7.994758999261563304e+01 6.976224827936104589e+01 5.145544556145795667e+01 6.976224827932654193e+01 7.902144835996217864e+01 7.631269823396040408e+01 5.770779275161586241e+01 4.332894247862781612e+01 4.825835791564018251e+01 3.483477790479143721e+01 1.242499478268635471e+01 2.383986817167578565e+01 3.405933084103100583e+01 4.425524535762198042e+01 5.366642145074202119e+01 6.378171588735135344e+01 6.481513922754740520e+01 4.422350403922587958e+01 4.969244089290562982e+01 3.713581048213494995e+01 4.125401735529116820e+01 1.984512414164663952e+01 2.794802829433990965e+01 4.330440199881273600e+01
6.164072599657668405e-01 3.116407259965761511e+00 5.636170413360598985e+00 1.718313785075766376e+01 2.588782407444107392e+01 4.588412131203509858e+01 4.286140902486433646e+01 3.042885506853433597e+01 4.456461397079439024e+01 6.451827781290171515e+01 7.991970767208459847e+01 8.199674404135389238e+01 7.387685810923998986e+01 7.636693029190055881e+01 7.977457671721005283e+01 7.151632383093607359e+01 7.977456995846611676e+01 7.613886158723202868e+01 6.766776465094153536e+01 6.470770258534915342e+01 4.488311126638645021e+01 3.006755967488256331e+01 3.432106558678219699e+01 1.208490887854386386e+01 1.991017044734385166e+01 2.307681920150174193e+01 3.244134461136907532e+01 4.675335966695235612e+01 6.970712165719899645e+01 7.318243501319291511e+01 6.452051195259198835e+01 5.144034617816252108e+01 5.500710040003365719e+01 4.043963038640009700e+01 2.017700227835296900e+01 3.320965472739315771e+01 4.270148052631820690e+01
7.616414269703414286e-01 2.076164142696998738e+01 1.458042218360099795e+01 3.386324383061694476e+01 3.718225235066595502e+01 5.416564322712742552e+01 5.040890680063075280e+01 5.040890680063074569e+01 4.042705234903902323e+01 5.196086891253036555e+01 7.180075752111277154e+01 7.095532518526165688e+01 5.495090180758295162e+01 5.739245782485701142e+01 6.305060522638308385e+01 7.106601128680868840e+01 8.209893790756544263e+01 6.169017696709193643e+01 4.723658021720095235e+01 5.587181487639065125e+01 5.864031426526784685e+01 4.129088475773203726e+01 2.063244868548727240e+01 2.245317985478757805e+01 1.159677530813199731e+01 3.095809221303382941e+01 4.251916008289176574e+01 5.023877503424100155e+01 5.991820710612348933e+01 7.043529706924826428e+01 7.556042891198603684e+01 6.822759450207097132e+01 5.465587526574025645e+01 3.426915654065798833e+01 2.048709115398046876e+01 3.968971514650186805e+01 5.426402597648905868e+01
8.582653206718614536e-01 2.084920097299448827e+01 3.455819716253953544e+01 3.090212069765588154e+01 5.083123297758029224e+01 6.546507986452286332e+01 7.035087453488840481e+01 6.859087391287967250e+01 5.454768527392589306e+01 6.859087391287845037e+01 7.055395177298679243e+01 6.294995214380718096e+01 4.394499465764386770e+01 4.394499465764386770e+01 4.421996838958984455e+01 6.010616016828665664e+01 7.727844623668346458e+01 7.613891442961877942e+01 5.587181487639067257e+01 3.542564552464822469e+01 4.672800990682389966e+01 4.063987411777401348e+01 3.226292121985485295e+01 3.379895472040790594e+01 2.469922701515750063e+01 1.109827120817914370e+01 3.471215635315501657e+01 2.862293822119039888e+01 4.069991119097474552e+01 6.237987451633213709e+01 6.892284828216543247e+01 5.883109462616376817e+01 5.027820386353378268e+01 4.051607888086783760e+01 2.078122538235433225e+01 4.037921022936572513e+01 4.722475124926462797e+01
9.616989121453964895e-01 1.510383453587647118e+01 3.510383453587717639e+01 5.083123297758029224e+01 4.528698778399169100e+01 5.235797549008507445e+01 6.064128431383741002e+01 7.064063538523531349e+01 7.443248659973716030e+01 6.476810145798893359e+01 5.103125099028211764e+01 5.801149510956414446e+01 5.197743482323342334e+01 3.261090460330200358e+01 3.300187843134365551e+01 5.156999977601059726e+01 5.883069267857739248e+01 7.202164103782592974e+01 6.433959493940446350e+01 4.672801000790900616e+01 2.639517946932548043e+01 2.052813579810166544e+01 1.803917929850573998e+01 2.426833152247221292e+01 1.059339337583474006e+01 1.145498531723726288e+01 1.709289010752759808e+01 4.004082482349673455e+01 5.903912171823348132e+01 7.043583317917043018e+01 6.047234646850991879e+01 4.039496126060709003e+01 3.024905019435455955e+01 2.439876073237620346e+01 2.106805808440133276e+01 4.079895087657735075e+01 2.446392064079510220e+01
2.866789980725219511e-01 2.028667899807216557e+01 3.134280168419495993e+01 3.634278142173045012e+01 2.528713435318943681e+01 3.235820206342366845e+01 4.235819958529059903e+01 6.235775139487963514e+01 7.315166817718248637e+01 5.665230101972341004e+01 3.728709135741738834e+01 3.873134507143907257e+01 5.239028727041068834e+01 4.371951859097745796e+01 2.390429511121975636e+01 4.371951859097745796e+01 4.569649180314890913e+01 5.501899066072732580e+01 4.621565025375312530e+01 5.420321558934594464e+01 4.672800997876220919e+01 4.002540084102184181e+01 1.192749304201974425e+01 1.009766877418731923e+01 2.555989413346182459e+01 2.441620697773420900e+01 3.240941999993351885e+01 3.701351950158980486e+01 5.484175868280562582e+01 6.892705406949099256e+01 6.892290095495012281e+01 5.883673819696989682e+01 5.027992061237140575e+01 4.321185743999316031e+01 2.330337079741803663e+01 2.148807226557455152e+01 2.179973410560758040e+01
7.776801193288799263e-01 2.077768011932852588e+01 1.134286247161890948e+01 1.634286247158852134e+01 2.788986723327613859e+01 4.788967693916897161e+01 6.064128431382408735e+01 7.064063538509158491e+01 6.507462682545623522e+01 4.599124731876912620e+01 3.469981370313180236e+01 2.468062414950038530e+01 3.690439253929637431e+01 3.928869992201900629e+01 1.937976392425571959e+01 3.928869989879569857e+01 3.603994409566178092e+01 4.393029248926415420e+01 2.455684677379834469e+01 3.521861293531355841e+01 2.886455149926609209e+01 3.706997279463985251e+01 3.270385902466274075e+01 9.767298645585210437e+00 2.328708901757294569e+01 3.128546123831976900e+01 3.864460000283443009e+01 4.500534757719344015e+01 4.306193904523693305e+01 6.081875375769736536e+01 7.524152674160873744e+01 7.768587367580141745e+01 6.330335693904330441e+01 4.318235338119143307e+01 2.887410182399305469e+01 4.141271724731740278e+01 4.178277081435066265e+01
5.059075238208947667e-01 4.676195804962373082e+00 1.622319936143224695e+01 3.621963087461074338e+01 4.462652386859441123e+01 5.617310894700955259e+01 6.205624363361025075e+01 6.959074356287864305e+01 5.535933888778750145e+01 4.646233663906210154e+01 5.237110281993458472e+01 3.690439253929637431e+01 1.714426422077630363e+01 3.010662295848990766e+01 1.540780112353716369e+01 2.343602277426016656e+01 3.638277940937009447e+01 2.812813157082548088e+01 1.785745796246045813e+01 1.217770010746070142e+01 7.457533763514146763e+00 2.867046272207489110e+01 4.067046215646239915e+01 9.449971099436778488e+00 1.127581663869562334e+01 1.113362602293608639e+01 3.171020836615172911e+01 2.985726555506754210e+01 4.632037560941382992e+01 4.746980125859835908e+01 6.695542269636084143e+01 6.923122367650587705e+01 4.916298864887141207e+01 3.914595907217776727e+01 4.917153261743323611e+01 5.716858957154548904e+01 4.327985042136363347e+01
