LEM_wLE/output/LEM_wLE_example/elevation_000002.asc
nrows	100
cellsize	150.0
xllcorner	0
ncols	100
yllcorner	0
NODATA_value	-9999
[rows 51 to 67 of 100, columns 37 to 73 of 100]
4.612289483621864150e+01 4.799030980995274831e+01 5.216322623784738965e+01 3.892888313064933925e+01 5.907239323761173466e+01 7.534926925656435515e+01 7.025779407660367326e+01 5.541088923718321979e+01 5.638046787730041132e+01 4.422412315562002050e+01 6.222158239100269128e+01 5.665559721582644670e+01 3.717145253601056254e+01 5.753008352259796965e+01 4.715518390410164074e+01 6.160673425843141615e+01 8.177443165733484420e+01 8.150777884474349833e+01 8.738649188528083300e+01 7.927849509702075181e+01 5.913181822552855493e+01 6.653661739438361167e+01 4.705571568856488085e+01 6.750040444923016025e+01 6.258704970452808425e+01 8.268131303333817073e+01 8.326760934455069219e+01 7.495835661115627602e+01 5.723370594779804321e+01 7.726352313987158027e+01 8.188911262383457768e+01 7.805727331207427255e+01 7.805727331211893727e+01 9.810478892278688079e+01 9.115783831920857949e+01 8.641293894144506282e+01 1.006476371913491903e+02
4.817973997694919319e+01 6.235088510112626636e+01 6.742986716300953276e+01 5.907239324038187078e+01 4.679549871695054009e+01 5.846158363722413753e+01 7.865299050203260833e+01 7.377928134623613232e+01 6.672789665143201887e+01 4.827454391740752726e+01 6.672789706201513127e+01 6.590146773167023753e+01 5.753008352311467632e+01 3.802059632010615786e+01 5.840910369522258350e+01 6.766160550172543253e+01 7.591849203568258986e+01 6.199549036008173886e+01 6.770912953941578394e+01 7.284515077121865545e+01 6.557670769297462243e+01 4.606143710020734972e+01 6.063813881925054972e+01 7.582686249936681122e+01 8.268131302180422892e+01 9.100139774343561783e+01 9.730972303572396243e+01 7.726349205007275600e+01 7.726352314148137168e+01 5.988787771900712187e+01 6.189708645955050770e+01 6.394178296925379357e+01 8.392905467526263408e+01 8.948263163900053030e+01 7.701118727248764628e+01 9.115783830199163162e+01 1.113111073833247957e+02
3.571781569619711405e+01 5.416574556882829228e+01 6.968539362775534585e+01 7.413685690463310607e+01 5.393799643597695592e+01 7.413685372309117838e+01 8.700004891007054653e+01 8.293530554151215028e+01 6.308181455788211167e+01 5.334953220064274149e+01 7.250376447904054089e+01 7.495700867637282272e+01 5.468981309278026970e+01 5.840910369516416978e+01 3.887922774841466378e+01 5.929596007310114913e+01 6.082880427796559530e+01 4.858606209679884103e+01 6.770258069024414738e+01 5.959607148657644160e+01 4.508242864159725372e+01 6.557560011629954033e+01 7.485470419850163637e+01 8.909216967027971634e+01 9.334295036980499560e+01 1.016392170855966697e+02 9.902932924825734062e+01 7.896970182422258233e+01 6.745088576074326170e+01 7.988991031625735673e+01 7.601987777983039507e+01 8.392905467409831033e+01 6.697508946796484963e+01 6.947725387580349832e+01 8.948263164624235344e+01 1.013857116675924885e+02 1.119917397766252236e+02
5.416574556879146485e+01 4.224220195099132980e+01 6.141079136410095884e+01 7.904078228964736752e+01 7.413685872357970652e+01 6.822648662804090236e+01 8.840576027941760628e+01 9.150409900423227327e+01 7.250372126834832898e+01 6.015298516079201363e+01 8.006018619274603054e+01 8.327123615532062217e+01 6.794878145371619382e+01 4.761699483596209603e+01 5.801814780787483983e+01 3.974793903366713010e+01 4.037018345221419224e+01 4.099592959634981071e+01 6.146899693458542657e+01 6.490399725503606021e+01 4.439866190613142294e+01 6.486832184032876114e+01 7.280728730355171763e+01 7.916891227146517451e+01 7.329788673704797475e+01 9.334303869245717067e+01 1.073612087694985178e+02 9.377912747860726483e+01 7.375727404196194925e+01 9.377912747830616524e+01 9.605869897899330567e+01 9.109656625983120648e+01 7.119706078032554331e+01 8.948263163893614092e+01 7.365837552063176474e+01 9.207097023712422867e+01 1.015158824603736178e+02
6.968539283900977921e+01 6.141079136506130709e+01 5.097461494963918938e+01 6.071681116966168190e+01 8.071885712880815333e+01 8.840576041965998400e+01 9.674686407137144784e+01 1.016001477939131235e+02 8.874086366669308745e+01 7.136858104915908996e+01 8.873763559962368674e+01 7.802070790889696639e+01 5.787685774187275456e+01 6.794859724055670824e+01 6.493660475587240910e+01 4.457084654799016477e+01 6.082880427785621436e+01 6.146899693558781763e+01 4.189102423894934191e+01 6.237937736601445948e+01 4.372021676146024305e+01 4.653684063042923924e+01 5.258895723711027870e+01 5.908608099430763616e+01 6.915067929640581212e+01 8.331055694110384024e+01 1.033977704195507670e+02 9.377642380309575287e+01 8.788900818893796441e+01 9.008846794613542386e+01 9.750609704512520182e+01 7.768479136704046084e+01 9.109656630430072255e+01 9.940551438496447645e+01 9.371943570488487296e+01 7.803478995901367909e+01 8.162344638215775205e+01
8.556389315112603811e+01 7.904078282163753499e+01 7.071783414944358981e+01 7.904078265991103081e+01 8.071885713005472951e+01 1.008622712138401454e+02 1.091880816315126168e+02 1.007937527788321574e+02 1.007271834835011077e+02 9.197796114490529362e+01 9.070545423530515450e+01 7.064911143441831598e+01 7.802070821402723766e+01 7.582057641692389893e+01 5.559989027912772031e+01 5.148996771201289135e+01 7.177326016502529171e+01 6.884833792550203668e+01 5.356305227218410181e+01 4.279411688882716902e+01 6.188433048573435968e+01 6.695469925687193324e+01 5.118742169568621847e+01 7.146091990579272135e+01 8.445404203255306186e+01 9.750151971225511716e+01 1.084117627880789172e+02 1.138692427913949246e+02 1.079991360887977123e+02 1.043059993196277304e+02 1.057872285768506089e+02 9.750609704566799962e+01 8.495211096816589702e+01 1.046820005814448535e+02 1.055627024469078918e+02 8.453790198374163367e+01 1.018542573916572849e+02
6.938231919324931596e+01 7.768934582509150744e+01 8.924746236801659904e+01 9.132757148129597624e+01 8.296829458502665489e+01 9.132757133327767463e+01 9.754659298852941163e+01 8.066267046485477010e+01 9.586466638582152200e+01 1.042569717215222909e+02 9.902757903087142211e+01 8.482402894091855217e+01 9.003411385062950956e+01 6.993314056057867845e+01 7.582057256973995152e+01 5.924940638029681139e+01 7.938307265469811114e+01 6.883327725912077710e+01 4.855371078647253569e+01 5.128284699022181314e+01 7.122266362789993366e+01 7.950378856170911490e+01 7.146091992500173262e+01 5.601168307477730934e+01 7.614076871599922924e+01 7.999338912745676566e+01 9.345224912935462669e+01 1.017954549400134709e+02 1.118567895775235002e+02 1.244317038182305311e+02 1.146010077407238299e+02 9.476299176915389921e+01 1.046820005834106553e+02 9.912635487833769332e+01 1.139395262140639744e+02 9.348424027311504858e+01 1.145613396177162997e+02
4.945110715050909533e+01 6.093597356960722067e+01 8.092024190752856327e+01 8.129274940514127934e+01 6.294480805240232968e+01 7.713063348066610558e+01 8.160356292586170923e+01 6.914853117755268386e+01 7.578507944008225650e+01 8.994300459313609508e+01 1.101608279057031012e+02 1.049044732537773399e+02 9.835760341297668674e+01 9.003411311113269733e+01 7.938307430793614117e+01 7.089711604389988509e+01 8.044125216509624465e+01 6.033564987724718520e+01 5.342753063700272520e+01 7.152478542928739103e+01 6.566744321108951965e+01 8.566571336247680790e+01 8.446096034766910066e+01 7.614090841227923079e+01 6.110303277230450192e+01 6.584782710772087455e+01 7.340322281334429988e+01 8.339908763764516664e+01 9.760964821397945457e+01 1.177408397466834487e+02 1.228464859265849185e+02 1.046754264079659151e+02 1.228460998153015709e+02 1.103942487877709198e+02 1.234311671333852019e+02 1.081962175766456511e+02 1.247430854052341971e+02
5.872863821850825872e+01 7.768934548282659591e+01 7.602492756924470996e+01 6.769555757946775998e+01 5.292321465427545490e+01 5.711235219598008683e+01 6.159991580066930794e+01 8.160356293002207906e+01 9.586466638536808205e+01 9.215289425553721969e+01 1.123801585200684059e+02 1.083864462134153968e+02 1.143774856799823425e+02 1.077931032375974922e+02 9.929933718283020028e+01 9.097510886749491021e+01 7.456070105343708576e+01 7.845560847285165096e+01 5.837054570994085623e+01 7.845560847265088000e+01 8.566572064382884832e+01 9.394920048096068399e+01 9.117587876136865077e+01 7.113118886106812511e+01 8.115353382981224684e+01 7.527820178613556834e+01 7.584292158195779621e+01 8.478881204312042996e+01 9.639116387013854137e+01 1.165165289079200903e+02 1.327846751091851729e+02 1.245265932532880271e+02 1.327846207232350366e+02 1.287698461323602999e+02 1.366546424963680408e+02 1.313066411553980402e+02 1.276076150565185969e+02
6.701629284946855591e+01 7.115991698226584106e+01 6.283527397958883398e+01 4.765603539500453678e+01 6.769555740593030180e+01 7.713063348044963163e+01 8.160356292497451136e+01 8.160356292757661834e+01 1.017289406123081932e+02 1.123801587030500571e+02 1.024637674295433385e+02 8.807518307885111142e+01 9.402421412999007089e+01 1.048031990085509619e+02 1.132599491173561859e+02 9.463815842992838157e+01 9.463815843067683886e+01 7.477273725846454511e+01 7.845560856240007297e+01 6.737014623581710282e+01 8.154088863519579888e+01 1.016268752813457468e+02 9.117587888188363365e+01 8.528997663660513240e+01 9.117587887661522927e+01 8.684331553346711985e+01 9.590442218074180403e+01 1.042439466137499693e+02 1.132415409296320234e+02 1.248666898901741860e+02 1.316591919872991809e+02 1.233574260879213540e+02 1.316591921342715068e+02 1.416803539284572082e+02 1.281398763292011722e+02 1.164551337007512188e+02 1.080933929446443216e+02
7.742182687435800403e+01 6.283527398054567215e+01 4.282146588087913841e+01 6.283527397966436467e+01 7.602492753958092919e+01 8.655895032653106114e+01 7.820773800497946127e+01 8.655895439016610737e+01 8.846638326290668886e+01 9.688001451847840428e+01 9.402420975374863588e+01 7.391300397056519955e+01 9.047845994504207567e+01 8.454495906579080611e+01 1.048031990122738506e+02 1.147339344072118337e+02 1.031654421154347716e+02 9.484250693966178858e+01 8.742393623314073636e+01 8.154088863076475491e+01 8.373751354907980726e+01 1.038266366256663389e+02 1.112786382082820325e+02 1.053857039491754790e+02 1.112786381240287028e+02 1.069415735798487077e+02 1.152876999560672147e+02 1.224864788146706900e+02 1.141577124110160213e+02 1.224864791957839003e+02 1.215592622750001937e+02 1.030922767034492864e+02 1.132248515978688772e+02 1.312928838567917467e+02 1.198069049203128458e+02 9.951851119861086659e+01 8.788764031976722890e+01
6.363766774081841504e+01 5.532436059987320931e+01 3.966367587657720151e+01 5.376242787405790580e+01 7.379730726024504861e+01 7.661401862897653814e+01 5.843044478720909041e+01 7.203846847037874568e+01 6.834638813897002763e+01 8.482857328479488501e+01 8.642288203137493952e+01 6.637699980871087746e+01 7.039036527915243369e+01 9.047845999964923180e+01 1.016219473371683790e+02 1.117731313073230694e+02 1.113997225062289829e+02 1.030690312740460683e+02 1.075156162533278348e+02 1.016268700306008697e+02 1.038266366258257563e+02 1.093587427834101646e+02 1.010235237361816019e+02 1.093587128833560342e+02 1.096462364363234343e+02 1.013111166057735772e+02 1.096462490049912049e+02 1.123886954344310851e+02 9.392550445762508105e+01 1.123886956181028438e+02 1.132248492097362913e+02 9.295519758184281045e+01 1.027561499893767234e+02 1.229854694780643030e+02 1.244593205676260652e+02 1.164535641361713516e+02 9.799047045564581992e+01
5.126635110706705944e+01 3.544637679948216658e+01 5.532436060128222977e+01 6.795134332205837779e+01 6.783842769809261597e+01 6.169758906327130887e+01 4.865353031242296566e+01 5.206071733395964429e+01 7.203847380535670197e+01 6.476688491353981192e+01 7.429176236308983050e+01 5.971943284848026678e+01 6.603586336260384826e+01 7.308612190993913771e+01 8.306124586749534444e+01 1.033093717586839233e+02 1.030690312851579336e+02 8.297890360788046848e+01 8.886316571978566969e+01 9.718930369687815585e+01 9.625027517107052688e+01 9.930920836358703241e+01 8.093446048491699685e+01 9.930901517891138042e+01 9.959582072803598862e+01 8.121959534752261334e+01 9.959589519171467487e+01 1.040416114048532990e+02 8.390888661076280641e+01 9.397524958555727892e+01 9.883987553418093341e+01 8.628538801598571695e+01 1.064682985803142259e+02 1.083519475188629713e+02 1.043028688853609083e+02 1.043028688828341899e+02 1.063501101216793359e+02
3.148560248482660384e+01 5.126614416760815374e+01 6.332198738700054008e+01 6.334461957366740137e+01 5.307240946715307217e+01 3.840145919228363169e+01 4.064073135396639458e+01 6.050430832957042071e+01 6.669373987076043875e+01 5.070095317451215777e+01 5.430566796418596454e+01 7.429176239087092881e+01 8.607917197721286584e+01 9.318530753632494168e+01 1.016219461789383018e+02 1.117731307029293504e+02 1.030690321516222667e+02 8.297890360846541569e+01 6.880138470181468335e+01 7.989126423021129142e+01 7.617273446072218235e+01 9.037573252065433849e+01 7.095998264690533119e+01 8.957184357713794043e+01 8.125491306878981845e+01 7.124447094450398765e+01 9.126535577773881869e+01 9.686538001793644526e+01 8.853289415133760087e+01 7.397875852515707606e+01 7.878250860631743535e+01 9.883987569576670751e+01 1.024416433940710363e+02 8.819472976430807876e+01 1.024416430503107165e+02 8.421328026509466724e+01 9.009654921720157006e+01
2.882319369651914442e+01 4.799159583779790950e+01 4.999794629292736658e+01 5.213442080854402860e+01 3.532146234246609851e+01 4.809124255011990101e+01 5.923300946220403773e+01 4.420698537287606200e+01 4.679787638804329220e+01 6.669373987288695105e+01 5.730673285557490715e+01 7.731085966236567231e+01 9.098163420792995737e+01 9.098163471811351144e+01 1.112980269564743594e+02 1.001125406090545482e+02 9.178837737997336887e+01 9.718923332592140696e+01 7.989126416790044516e+01 5.975665480567000998e+01 6.193434128337299427e+01 8.032017093713191969e+01 6.339636446579385876e+01 7.340444112626931883e+01 6.124005892458001910e+01 8.125491306734012653e+01 9.588096647740461265e+01 8.853289406444571341e+01 6.859002171259837155e+01 8.346739955849048442e+01 9.178699391285185527e+01 1.033635526487994127e+02 9.347809955203086929e+01 7.409644739156421167e+01 9.347809799502978478e+01 9.009738436993687571e+01 7.013954502919960987e+01
3.458473090612272927e+01 2.840439728028494670e+01 3.039557212694941768e+01 3.240715430281498755e+01 5.214432226680018090e+01 4.958906701361411251e+01 6.788779438922229303e+01 5.962758531086525693e+01 5.783443514665928120e+01 7.503616921347850166e+01 7.731085966275540500e+01 6.458604745372697664e+01 7.089538758788444284e+01 8.504513307659071586e+01 1.053136190651697603e+02 9.178837734662020864e+01 7.184189813183421336e+01 7.768408638967252955e+01 8.597659674496168236e+01 7.199382497384810620e+01 5.214251963670618295e+01 6.571630024341330056e+01 6.774416146634062841e+01 5.339233031022045139e+01 7.340444112710095226e+01 8.957213157872030251e+01 7.587483964146828441e+01 7.587483898633334434e+01 7.890659705380339517e+01 6.358732240185032936e+01 7.500717646389141180e+01 9.502428272398032050e+01 8.515338773753434509e+01 6.525218691774942670e+01 8.515338787462165726e+01 8.596137634992059873e+01 7.821062299471554979e+01
2.563615089180775186e+01 4.531612810299615290e+01 5.010428437393910883e+01 5.214432250415457304e+01 6.045109704176515919e+01 6.933543106696201619e+01 7.758614914639305482e+01 8.211629830720266909e+01 7.476592273538075517e+01 8.482351060347747307e+01 9.303323673400058169e+01 7.611141170977838044e+01 9.098163422527277078e+01 8.725841403062075585e+01 1.075480653521872938e+02 9.178841424513085201e+01 7.184189818432257368e+01 5.780315055151498171e+01 6.879293157154863536e+01 6.994474734030738716e+01 6.194915563287637639e+01 4.650767897918686344e+01 4.780825322330164795e+01 6.774416146701516084e+01 8.171420815399838489e+01 8.003094506469977887e+01 7.172888380809213515e+01 5.577657305528207843e+01 5.902603417381315865e+01 7.890659706127263462e+01 9.178699411808969444e+01 8.783821263959829651e+01 7.761134252680265888e+01 5.893908850643808961e+01 7.885302008122515360e+01 7.587778948892406561e+01 5.825700755587514124e+01
