LEM_wLE/output/LEM_wLE_example/elevation_000009.asc
nrows	100
cellsize	150.0
xllcorner	0
ncols	100
yllcorner	0
NODATA_value	-9999
[rows 17 to 33 of 100, columns 37 to 73 of 100]
4.531017047909595874e+01 5.640557916312926068e+01 7.644114696630771277e+01 8.987996773212167056e+01 7.884329897905097084e+01 7.043044960255983256e+01 5.577384877870403557e+01 3.483302895509166319e+01 5.577294838264527499e+01 7.332460057706532552e+01 7.877279559165808109e+01 8.726369835909170547e+01 9.251000886889282526e+01 8.731053729393789808e+01 1.050626436567566770e+02 9.578296905160210883e+01 7.608413286598960212e+01 8.185359309037450259e+01 7.877744537588907292e+01 5.889531096807458255e+01 7.878949560458880796e+01 8.680655465315295771e+01 9.177984520422756987e+01 9.539131350230633188e+01 1.163875085883476572e+02 1.258141250440349239e+02 1.160733799422657455e+02 1.079696289124095898e+02 1.011002308598199591e+02 1.061479605684564405e+02 1.056578002470266568e+02 8.612964610091627549e+01 9.184884138272148846e+01 9.434443471939364656e+01 8.470444525294877280e+01 7.509267731802169976e+01 5.502556373845397530e+01
4.016144703625864310e+01 5.423822076260642433e+01 7.450373087691806973e+01 8.528931733154712447e+01 8.186962747484203362e+01 6.954268045196229764e+01 4.866655608596310145e+01 3.378268617339021773e+01 4.431758271335648658e+01 5.910266156377476676e+01 7.935422883684819340e+01 8.303056588522913728e+01 7.477559493624498543e+01 9.251000886889282526e+01 9.513308955811690737e+01 8.698669766810832016e+01 8.185378836562313154e+01 6.198403398283113575e+01 7.123282750694994547e+01 5.529630466716245252e+01 6.077904269943640259e+01 6.684151690165769821e+01 7.446941829695580850e+01 8.937548907519602892e+01 1.115388605878593609e+02 1.195050118410800906e+02 1.108136667924460710e+02 1.112497312878738569e+02 1.030087614431006102e+02 1.112497312873664583e+02 1.137610477112530276e+02 1.056579298544665022e+02 1.024491718905051130e+02 9.313728034919033405e+01 8.025910349590758130e+01 6.914789869987983195e+01 5.390777130343030166e+01
3.583003851945132823e+01 5.283425208236084103e+01 6.776203624067312603e+01 6.669486108826048110e+01 6.107843936216765712e+01 7.284018009041228936e+01 5.361958972449490801e+01 3.273609903281155908e+01 4.757789884809989900e+01 6.822784160528897246e+01 8.302863111706406585e+01 6.500248485112581420e+01 8.303056588522913728e+01 9.535979023061918269e+01 8.372339276631363703e+01 6.718515514951376133e+01 7.573879722518670121e+01 6.753231404023534878e+01 5.098286740454097554e+01 6.542545246585191876e+01 7.490639949272778608e+01 8.680655465315295771e+01 9.485629794140581339e+01 1.040647659276636290e+02 1.091677906867975594e+02 1.107827351333566241e+02 9.053454452355538251e+01 9.633908780558363105e+01 8.332860616812149601e+01 1.013781228313345082e+02 1.085945319876981472e+02 9.859814545982703748e+01 8.279894356299649871e+01 8.012704024008692727e+01 6.623322219987836945e+01 5.294008403974243038e+01 7.310011265633873734e+01
3.162019045386399441e+01 3.898734522945878922e+01 5.645303539499198564e+01 6.456007299907844299e+01 4.582869806991853068e+01 5.444227378687389773e+01 4.500226798161842368e+01 3.168242150302157611e+01 4.664479566719604975e+01 6.818303461805059840e+01 7.087036591070337010e+01 5.917858273808510461e+01 7.003486351019327572e+01 8.792102572662081172e+01 7.555427176425914126e+01 5.541660097722706979e+01 6.392778211437958191e+01 4.700050147897271557e+01 6.753231404023534878e+01 7.941767842122952459e+01 9.340990378162105401e+01 1.029847874602241831e+02 1.109153198532345357e+02 9.874513204111445930e+01 8.738853737069644012e+01 9.726105917830047076e+01 9.633908780558363105e+01 7.651198721707693551e+01 7.340511660427478091e+01 9.316742712435589624e+01 8.869968956064319343e+01 8.724683214532107911e+01 7.009363888054203073e+01 6.284876797376322344e+01 5.196074978716482207e+01 7.217110937864435982e+01 8.127559299697142592e+01
4.958130484395368853e+01 2.950500809333083296e+01 4.959651326828157636e+01 4.996992275517357740e+01 4.915699709298492337e+01 3.469758087469404728e+01 3.017700563143745285e+01 5.091792378697273591e+01 6.016199701080237361e+01 6.456444013399246273e+01 5.183911503028727452e+01 7.011543418582851928e+01 7.179682777918579006e+01 7.849207523490304084e+01 6.880215342290215119e+01 6.052000420974304262e+01 4.307443699460368691e+01 6.392778211438228908e+01 7.573879770123205901e+01 8.948432088977418175e+01 9.756735899733172346e+01 1.058150220161780766e+02 1.048593206134286646e+02 8.413824658465121331e+01 7.201535893328824045e+01 7.575692032313463642e+01 9.085272174818213387e+01 8.569507266671359957e+01 6.586036171120187532e+01 8.569507266671359957e+01 8.869968956064317922e+01 6.690946667317936658e+01 5.724266427736567664e+01 5.100831243173841756e+01 7.122588825999820017e+01 5.516909074740978980e+01 7.527301042416523558e+01
3.999039691594876444e+01 2.801287259128672957e+01 4.679081631014551590e+01 4.376237770459488985e+01 2.816340728951558958e+01 2.865126637089882777e+01 4.960136817104721274e+01 5.379624823676216039e+01 4.015590602048755642e+01 4.484226679755304446e+01 6.411447430222041532e+01 5.928748500804804422e+01 4.691224280592027895e+01 6.315915423295506770e+01 5.475636700608314555e+01 3.957205833220582747e+01 6.052000420974874828e+01 7.216719325004154939e+01 8.627562422686622767e+01 6.990837049884819976e+01 7.818214066193031897e+01 9.428078219432654805e+01 1.055702472321439842e+02 9.777334601684825088e+01 7.594272814409383443e+01 6.093961543185576346e+01 7.381713881921211851e+01 8.083317270815987854e+01 6.111768601150885871e+01 8.087705401565995089e+01 8.204289372247932022e+01 7.950537432282824568e+01 6.219684589308360501e+01 5.032722707572277443e+01 7.058936804284421385e+01 7.527097565021750825e+01 5.837743819467618778e+01
2.610199008674896959e+01 2.653904848270886063e+01 2.700365045483781046e+01 2.747975132836086587e+01 4.778770645734847022e+01 4.916170923252743563e+01 2.943174810721299650e+01 3.374190708066765154e+01 5.119649363634052719e+01 5.760599698276666913e+01 5.762472762257267789e+01 3.943325978609657767e+01 3.359502751614417804e+01 5.447175960965549280e+01 3.673603085930373879e+01 5.720562327493660604e+01 6.880209292254575359e+01 7.851874959988698777e+01 7.038910637962771943e+01 5.831975384822348474e+01 6.657636955504631260e+01 7.796333247644903963e+01 9.748490122214759879e+01 8.755096087258399962e+01 7.884474376017797681e+01 7.380822720928313174e+01 5.361994405679847375e+01 7.315020003989933173e+01 5.681309274396706854e+01 7.033851106681535725e+01 6.203039767375307179e+01 6.851331990467136279e+01 6.913535162108041732e+01 4.963967975027770763e+01 7.002408918760367840e+01 8.071807074157311490e+01 6.070742659881859993e+01
4.630180106200589307e+01 4.816267422237589813e+01 2.997748203667893918e+01 4.365252243710929037e+01 5.588657014893830421e+01 5.752407360980463125e+01 4.561851472570524635e+01 3.021658240798697648e+01 3.076885758983754471e+01 4.844334937926514328e+01 5.155728463876371137e+01 3.284056012208328923e+01 5.234068289842612387e+01 3.434768012602573606e+01 3.488076258258497830e+01 5.575136522585340515e+01 6.483245949829368726e+01 6.369085983448695742e+01 5.006674712703226504e+01 6.460041711014818588e+01 8.416542702196349524e+01 9.428078219432654805e+01 9.173351177408738977e+01 7.813162427981578162e+01 5.862052320047066445e+01 6.422356717651278757e+01 4.940055085276005542e+01 6.692397266530819877e+01 7.033251403794447754e+01 5.072782409286629246e+01 4.728101917678448274e+01 4.797066537834612632e+01 4.865892851876573388e+01 5.361665699299830123e+01 6.404244717468172610e+01 8.408121372788116332e+01 8.071814441113194505e+01
4.586494139315491481e+01 5.886110053303400491e+01 5.081792217266641387e+01 3.425852958874988730e+01 5.507168767239809881e+01 6.808399562848734377e+01 5.965353203273300409e+01 4.300142579599806680e+01 5.179777443963246952e+01 3.153995823523961661e+01 3.207946804500743099e+01 4.736208421891058862e+01 6.077620889123072345e+01 5.519717380260690476e+01 5.575142562152475278e+01 3.566482910679719964e+01 5.647347503391173262e+01 4.296357212699177097e+01 6.369085983448695742e+01 7.700344751517859265e+01 7.052509646928876919e+01 7.879114168169903110e+01 7.260945496711411806e+01 7.017407938881294172e+01 4.966844505118444175e+01 4.309601216794543888e+01 5.265372226403336953e+01 6.503403270683280368e+01 6.613723045702306536e+01 4.630653171838307003e+01 6.700985569716601731e+01 6.851321629161327564e+01 5.251701548764848582e+01 7.184450981418642357e+01 8.340313632535264787e+01 9.224103316886507287e+01 9.215667606882183804e+01
3.954626764811032302e+01 6.079635002054313730e+01 5.983717223084904901e+01 3.906489531882264288e+01 3.996606486999178998e+01 5.835288405341100315e+01 7.408047465265534015e+01 6.626423567960738126e+01 6.388617542942627381e+01 5.325447819738963773e+01 3.497200934841738018e+01 5.022206525681435352e+01 6.888581466553829102e+01 6.947556897840823353e+01 4.904165740036594912e+01 5.655202538400831003e+01 3.645859500805597264e+01 5.734110567035267536e+01 6.039017155357617384e+01 5.974319088038352277e+01 5.104354503995065073e+01 6.887000517649020992e+01 5.848168563284058052e+01 6.231647711387630295e+01 4.219540376325674202e+01 6.276111190134862028e+01 4.401976873385432754e+01 4.468002601679654617e+01 4.534695745373838349e+01 6.613519845155576604e+01 7.522383516357484723e+01 7.563531774793911211e+01 5.620558229998999877e+01 7.563533017373922007e+01 8.956066310102193029e+01 9.940021138200802397e+01 1.060204406392099514e+02
5.978153750789234522e+01 6.948045080215757707e+01 6.485405900973486837e+01 4.416891921021934309e+01 4.426340816897618424e+01 6.485747224753056628e+01 7.942697141858786836e+01 7.513749425404409976e+01 5.254314741630541619e+01 3.980517511676689679e+01 5.572014357760357228e+01 6.454122624598431912e+01 8.348309665738564433e+01 6.947556964907924737e+01 6.947556957730454030e+01 6.566838100133847433e+01 5.735567170754698196e+01 3.726445730220901709e+01 3.783768300010166996e+01 3.842322284649623754e+01 5.232110827308845558e+01 6.057858653385923731e+01 6.144981863467300087e+01 4.130912974962348727e+01 4.610860667213513153e+01 6.676795288150638896e+01 6.952274732518769440e+01 6.552076442157004976e+01 4.916982679099163533e+01 6.088767908379349336e+01 8.128141125242997589e+01 7.563554633519248682e+01 7.563554873462720707e+01 6.177704724985202489e+01 7.156976612881723554e+01 8.556546672073845627e+01 1.051196470597081856e+02
6.919737753598118957e+01 8.721078505212797438e+01 7.016866788536792399e+01 4.958527622743981311e+01 6.485747224753056628e+01 5.071753659961767369e+01 6.964800414809319307e+01 8.358832857984509701e+01 6.574197797431627066e+01 4.404007957362094317e+01 6.574197797431627066e+01 8.126948011202168232e+01 9.190400268696066632e+01 8.934504193346158729e+01 7.577751595203325508e+01 5.583840293389548037e+01 4.790755368640552092e+01 5.494353373108980065e+01 4.086890446419537426e+01 5.879309111958677647e+01 3.925640296647200955e+01 3.984802899143304700e+01 4.044285590151738319e+01 6.145854581966825236e+01 6.094917377273609560e+01 5.349169904202222625e+01 7.378692904009280085e+01 7.545993258503851564e+01 5.466616464514660123e+01 7.545835613434925904e+01 8.938993318156684609e+01 9.527695932424005321e+01 8.143125983514762822e+01 8.143125983514762822e+01 6.914067483437550266e+01 8.889932923186687219e+01 1.068070969544319411e+02
6.919745810682876197e+01 7.889684111096256913e+01 5.842746048542112902e+01 7.016866788551691059e+01 7.853228597346991080e+01 7.111641586078584965e+01 5.778872229137128613e+01 7.807431767487413765e+01 7.450431298529386481e+01 6.574197797431627066e+01 5.101473296461311691e+01 6.182503056833281363e+01 8.328089935801627064e+01 8.958553718097452645e+01 7.005804628947012702e+01 7.575973464529138823e+01 6.510204935073078047e+01 4.537920741393767798e+01 5.549446962812656636e+01 6.753373320592868367e+01 6.303285956063689355e+01 6.086219872959541277e+01 4.340424214978960293e+01 6.362826490526925483e+01 8.097940895455792543e+01 7.378781247744197458e+01 6.134550202997888135e+01 8.134534597579710180e+01 7.557543471257589829e+01 6.500446968493534428e+01 7.671981043887869589e+01 9.631729678350461654e+01 1.010673647364892958e+02 9.700870834735884785e+01 8.061731100444112030e+01 7.909306883938263866e+01 8.896156560720758932e+01
7.749442873650689023e+01 7.889684111096256913e+01 7.296079728257701902e+01 7.296079728257701902e+01 9.322771862829206668e+01 8.635541115809193968e+01 6.954721166658113418e+01 6.648230569857736327e+01 8.669158207646053427e+01 7.829445652781868148e+01 5.681176220386408460e+01 7.829445652781868148e+01 9.190400269794641019e+01 9.748390106381744147e+01 8.958553718097452645e+01 8.232846616468286527e+01 6.801276423460845422e+01 4.865081841067792823e+01 6.795673248914698661e+01 7.548543344123265797e+01 7.670060948741040363e+01 5.281684856817416573e+01 4.640051004741815888e+01 6.677768709252745793e+01 7.966443455671311824e+01 8.706741941952971331e+01 6.723713724551521409e+01 8.706896257294411612e+01 9.312578676427243352e+01 7.671981043887869589e+01 9.312578676427243352e+01 1.044442361752302446e+02 1.114865067882371505e+02 1.083170997482145879e+02 1.002127765251361353e+02 9.870558962435110573e+01 1.068070969544319411e+02
8.777809148025832542e+01 9.906823270343227250e+01 9.322771862829206668e+01 9.322771862829205247e+01 1.014607729139185892e+02 9.795135350615694847e+01 8.972256110296525833e+01 7.325733803167300096e+01 9.340870409885430092e+01 8.588610604863897890e+01 6.441367862238412556e+01 7.439382224209380468e+01 9.565028877249964978e+01 1.008088911547822306e+02 8.174652572180178822e+01 7.444934066955667618e+01 5.568365688872197694e+01 6.801276423460845422e+01 5.470631087211538812e+01 7.142515089740435030e+01 8.424679283268977770e+01 7.239890813262364588e+01 6.088326035920751167e+01 5.109462044711045081e+01 6.568422847328463376e+01 8.578405696918811429e+01 8.134913325992603461e+01 7.795067672434493034e+01 9.753977723222442364e+01 9.631729678350461654e+01 1.044442361752302446e+02 1.057767935623813429e+02 9.198363537499574250e+01 1.057767935623813429e+02 1.057344852819901178e+02 1.116422125430768375e+02 1.128098243614845586e+02
7.963147284253226132e+01 9.322035233585921787e+01 1.045430637262384579e+02 1.050256383298134608e+02 9.704996648435474071e+01 1.050256383299131642e+02 1.009873749615101417e+02 8.093609659051161032e+01 1.009873749615101417e+02 9.448688536671957650e+01 7.523074644706775871e+01 9.448688536671957650e+01 1.041460272522128747e+02 9.514394920915962928e+01 7.619713121248229015e+01 6.314228123269874260e+01 7.444934066955667618e+01 7.754939807457398615e+01 5.900991982879386910e+01 7.204050632872433368e+01 9.085230953965864842e+01 8.912941504389115721e+01 7.506285853334233593e+01 5.477159215844331897e+01 6.664600969391958074e+01 8.656071998130525458e+01 1.008778520746866150e+02 9.187472253044052195e+01 9.399537500502371756e+01 1.133105585848255998e+02 1.019774551573362800e+02 9.388016568101753023e+01 7.797797731459874626e+01 9.698603600243249900e+01 8.568682246841218841e+01 9.155864695956772437e+01 1.020203942313282113e+02
6.553302432765786989e+01 7.680819831501021611e+01 9.633863341375715095e+01 9.522995534954630159e+01 7.731926288318436491e+01 9.522995534954630159e+01 1.091625719800362759e+02 9.518339365422880860e+01 1.091625719800362759e+02 1.050184174464159810e+02 9.654146565021029858e+01 1.050184174464159810e+02 1.073199668473000372e+02 8.806799254488301187e+01 7.479596609952162112e+01 7.619713121248229015e+01 8.969204578574590414e+01 8.203926596998707055e+01 6.352713338613791194e+01 7.648499241977793872e+01 9.545035588234856050e+01 9.513221582929210740e+01 7.886073147987028165e+01 5.876524068733526462e+01 7.886073147987028165e+01 9.474117182080337329e+01 1.053705321871009915e+02 1.112164291250483359e+02 1.133105585848255998e+02 1.077245794889036574e+02 8.814562171981235394e+01 7.398701447656748087e+01 6.882525005958397912e+01 8.783539221773230565e+01 7.126850796642381169e+01 8.733957650039832288e+01 8.642714004257722138e+01
