LEM_wLE/output/LEM_wLE_example/elevation_000004.asc
nrows	100
cellsize	150.0
xllcorner	0
ncols	100
yllcorner	0
NODATA_value	-9999
[rows 0 to 16 of 100, columns 37 to 73 of 100]
1.470871283894639703e+02 1.493141458428071360e+02 1.392527269217779065e+02 1.278107251897957184e+02 1.195747240964229263e+02 1.221401060698779588e+02 1.259660855267482589e+02 1.060639279062632738e+02 1.060639279062632738e+02 1.089719126139390966e+02 1.007109949703093861e+02 1.065490660733730408e+02 1.132013000378046996e+02 1.206706122482403600e+02 1.289035675068744808e+02 1.403340749600785387e+02 1.287390151813019941e+02 1.205149870432650232e+02 1.287389594555605470e+02 1.283424759099335120e+02 1.366001843214000360e+02 1.257273220537618670e+02 1.175106264214590652e+02 1.237318234582557324e+02 1.306809286181079983e+02 1.389489207736720005e+02 1.478212975511054594e+02 1.593614125072707566e+02 1.602584040743209925e+02 1.502134122402628691e+02 1.418795898158606974e+02 1.446739217827644381e+02 1.363449779585843658e+02 1.446739217827635571e+02 1.440929698781659454e+02 1.358373321102377815e+02 1.440929698781662012e+02
1.370738587201061591e+02 1.292860131922334403e+02 1.309789009395919948e+02 1.112262924389913650e+02 9.973578556060758160e+01 1.023136809870123329e+02 1.163490937777909693e+02 1.060639279062632738e+02 8.578158473957917352e+01 9.323624776788851420e+01 8.024055669053215922e+01 8.632539452653871592e+01 9.324459813230775751e+01 1.009086696594828680e+02 1.123351546463413939e+02 1.320570590414723426e+02 1.188385580793682266e+02 1.007364211202305455e+02 1.188385426684748296e+02 1.085909071812175739e+02 1.179566471599082718e+02 1.097441219548292963e+02 9.770984842224147826e+01 1.040586722876176111e+02 1.110258936153096272e+02 1.197646998994527223e+02 1.310946429132872026e+02 1.510111475768941034e+02 1.518761618225961172e+02 1.318833645538944950e+02 1.219242574685522698e+02 1.319019112689377948e+02 1.163477847096924194e+02 1.346591199781699686e+02 1.340926190708346724e+02 1.158077063977320194e+02 1.340926190708346724e+02
1.209829266512708159e+02 1.151138536591555948e+02 1.351521183595070568e+02 1.221401060798020666e+02 1.023136809870126456e+02 8.796064834710139735e+01 1.002132807897243936e+02 9.538332634013642064e+01 9.087703395686259000e+01 7.251962364342742262e+01 9.323624776788851420e+01 1.065490660733730408e+02 1.060824334506889386e+02 1.143510960221868800e+02 1.289035675068738556e+02 1.221396317976792574e+02 1.106257033484308039e+02 9.055737116636926487e+01 1.106257032878427395e+02 9.701688883737620017e+01 1.028519126175619505e+02 8.965005208796456770e+01 1.097441219548292963e+02 1.166396506162179207e+02 1.218892781550626694e+02 1.288186526140958392e+02 1.370746874066023224e+02 1.469840489831906325e+02 1.602579034937322717e+02 1.502238348792593854e+02 1.319019112689377948e+02 1.118711282340984354e+02 1.061923478553056412e+02 1.198075574747668952e+02 1.258225192539848507e+02 1.056219557090148129e+02 1.157240800696428238e+02
1.008146810233726001e+02 1.209829266512708159e+02 1.284370963439491788e+02 1.202005753529891052e+02 1.163490940793402615e+02 1.002132807897244504e+02 7.972152010827767299e+01 7.473290078107288537e+01 7.013845223709755317e+01 6.814166651297701094e+01 8.891653302841380935e+01 9.173116729493202115e+01 8.578667821599158572e+01 1.060824334506889386e+02 1.247352744749685485e+02 1.138914866249710940e+02 9.380499684410803241e+01 8.355160030526437254e+01 9.584806755883248286e+01 9.849199991227202133e+01 8.240263350139107956e+01 8.705149502781807769e+01 9.187376513841681458e+01 9.686968465707779785e+01 1.022486030596258217e+02 1.092088807053679602e+02 1.189571650021484572e+02 1.386801651251545593e+02 1.464046450990259984e+02 1.380594660478666924e+02 1.402108878537415535e+02 1.319019112689377948e+02 1.198075574747668952e+02 9.946695955598343630e+01 1.136734088986006981e+02 1.095647256401385761e+02 9.525708886473141490e+01
1.108988042997285390e+02 1.292897278004276131e+02 1.202005753558961203e+02 1.003161574625089258e+02 1.061401686196671932e+02 1.084755333562125514e+02 1.002132807897244504e+02 9.538332635387052960e+01 8.476155972628244228e+01 6.396878653892970590e+01 8.068376137726424702e+01 7.106336331666624062e+01 9.173116729493202115e+01 1.049459949963696914e+02 1.049459936054712017e+02 1.115838788802337973e+02 9.749220794419566971e+01 7.682503267568189642e+01 7.511902195029158236e+01 7.784255338337189301e+01 9.849200513774367494e+01 1.072625598049885127e+02 1.118444090059088154e+02 1.166396506162179207e+02 1.218599334345680347e+02 1.182765205052083672e+02 1.370746874066379917e+02 1.469838148948570904e+02 1.380592324909432307e+02 1.176435269779507991e+02 1.236225464038675028e+02 1.291929892090585952e+02 1.207856329082627553e+02 1.136746429864793271e+02 9.314630003663356206e+01 8.894331975381066968e+01 1.039514524478039164e+02
1.072071330989914202e+02 1.273248475426669302e+02 1.172930328812141596e+02 1.061401225973176281e+02 8.578620140219967993e+01 1.061401686242765123e+02 1.082166716019355448e+02 1.051263720171438507e+02 8.476155972628245650e+01 8.068376137726424702e+01 5.988822309756340445e+01 8.068376137726424702e+01 9.224075382178196492e+01 8.485724415018826505e+01 1.049459949963696914e+02 9.723332274962321264e+01 8.288305343044530105e+01 7.135639754167947046e+01 9.215481516642316251e+01 9.849200513774367494e+01 8.617245188948254508e+01 9.465223178324372100e+01 1.036727552423534320e+02 1.150619467507433598e+02 1.347860328423941780e+02 1.381312794282434311e+02 1.467107659758667353e+02 1.496964604740905145e+02 1.295359217658906630e+02 1.149707509003841608e+02 1.029457556558937910e+02 1.138754283609738707e+02 1.002323837312330284e+02 1.173698444861725108e+02 1.100548564458858039e+02 1.016491207041456590e+02 8.326883825123044858e+01
1.273248475426669302e+02 1.230929520332084053e+02 1.032477702824813974e+02 8.882761300131102189e+01 7.829144437327781247e+01 9.084336403693487227e+01 8.790563421934524513e+01 1.021889230073545463e+02 9.582766083279686598e+01 7.806376980441385172e+01 5.726986874368537173e+01 7.806376980441385172e+01 7.174391188238607242e+01 9.224075382178196492e+01 9.348778129115879665e+01 8.579710168182144514e+01 6.805050251317642562e+01 7.549904002321794394e+01 9.026706682816218574e+01 1.104449219443406633e+02 1.064426189177513322e+02 9.914499224576221081e+01 1.132137732255426386e+02 1.316351493811285991e+02 1.430689680479676440e+02 1.557634656756035838e+02 1.475596230756309524e+02 1.557634670842150513e+02 1.386343376162453467e+02 1.182339632351299059e+02 1.035417621693335093e+02 9.344044152388264024e+01 8.871353593986430042e+01 1.028269605908053705e+02 9.938949085017924290e+01 8.100092037280433033e+01 9.565789291972423314e+01
1.112498974289849372e+02 1.195902819659568195e+02 1.054567344859605953e+02 9.713735941793007100e+01 9.084336403693487227e+01 7.007355536714759126e+01 7.314565579688441233e+01 9.192057741118544811e+01 8.745684249764424578e+01 6.675428872788558010e+01 5.471822832860950570e+01 6.129199412087738352e+01 8.204117474067597016e+01 9.776294520330870341e+01 7.915958529948866840e+01 6.498494169767518258e+01 8.579710168182144514e+01 9.617702376189113522e+01 9.026706682816218574e+01 1.046238011898529550e+02 1.244983506180365112e+02 1.190000791641876532e+02 1.272286766393616944e+02 1.412439371248352984e+02 1.481615535656970053e+02 1.458796575421010004e+02 1.276849664317176547e+02 1.458796575421010004e+02 1.432660382215406969e+02 1.325954374940889409e+02 1.223234120738125625e+02 1.138754283609738707e+02 1.028269623626094216e+02 8.274484420689817910e+01 7.880700428569613791e+01 9.938949085017924290e+01 1.100548564458861023e+02
9.090407166724723709e+01 1.112498974289849372e+02 9.713735941793005679e+01 7.659081596271963122e+01 8.260875921080614148e+01 7.742400531350857307e+01 6.289547382812390453e+01 8.349812592185080007e+01 7.836030930390417382e+01 6.992086136497800908e+01 5.241476577767395639e+01 7.313009554528451872e+01 8.151862996016900809e+01 9.589914898956216405e+01 8.369211230636759069e+01 6.288630394502747833e+01 7.497606147957510814e+01 8.967775118765756304e+01 1.098923126335374292e+02 1.186891004888293963e+02 1.202032063768205177e+02 1.284048107008358670e+02 1.398017461987535341e+02 1.481615535656970053e+02 1.282075256305117534e+02 1.318691589382083293e+02 1.176716119295653868e+02 1.269685925140394858e+02 1.233058251744957659e+02 1.432660382215406969e+02 1.373172432926253350e+02 1.229463478529633278e+02 1.112601697985741396e+02 9.788039171559724139e+01 7.738960817105549950e+01 9.788039171559724139e+01 1.046865989587942778e+02
9.686322606399905055e+01 1.084625154047246554e+02 9.450551755104102369e+01 7.389972766038569318e+01 6.206460169738982557e+01 5.701368788632488815e+01 7.742400531344102887e+01 7.654295327412742722e+01 6.804269820521822965e+01 4.922295435479385617e+01 5.076583424094778962e+01 5.235176317771621513e+01 6.717088651876322558e+01 7.711245457574906936e+01 7.880974712120770675e+01 6.083701213606559577e+01 7.291275616505839707e+01 8.762861883969253540e+01 1.078976696528705332e+02 1.087734758822504944e+02 1.004063324434059723e+02 1.118850695976429677e+02 1.315659925293307992e+02 1.411953334965357669e+02 1.311800004123224710e+02 1.118024015549600563e+02 1.269685925140394858e+02 1.068160468473168123e+02 1.269685925140394858e+02 1.280416726032445354e+02 1.196956664451359416e+02 1.085754524039103046e+02 9.396824053876213156e+01 8.362750195289530097e+01 7.598689715519505228e+01 9.441879886301248348e+01 8.415195990619217525e+01
7.965115554758887129e+01 1.000860593877020932e+02 1.028376205047771634e+02 9.102377522214969474e+01 7.342113266276857075e+01 5.306753143486887581e+01 6.899786299012059487e+01 6.626918373730070755e+01 4.750515087047547524e+01 6.808067983028401216e+01 6.545718181970055127e+01 7.312145309839782215e+01 5.465994317046369844e+01 5.631421769769826824e+01 5.800542058957115188e+01 7.880570112932535665e+01 9.005254197170444286e+01 9.480369289684364276e+01 9.928143365717326674e+01 8.863781360826712330e+01 1.087734758822504944e+02 1.216544817884217906e+02 1.327935388949921958e+02 1.329222909100500090e+02 1.128677754994769487e+02 1.026222561091630041e+02 1.146187067538743065e+02 1.012776216738508452e+02 1.215829795357327043e+02 1.196956664451361547e+02 9.933148799493916670e+01 1.052960177697080013e+02 1.127010397609659691e+02 1.042201996263690518e+02 9.440780410198613026e+01 7.404366269087897479e+01 9.441927943249312705e+01
7.474685654676144964e+01 9.522285142655113077e+01 9.832840302501664098e+01 7.861405330697522231e+01 6.714345066511494053e+01 6.899786299043277893e+01 4.870528191927029127e+01 4.592176698830152759e+01 6.626918373730070755e+01 7.657074342970842906e+01 8.614904021786853150e+01 8.395376853899279013e+01 7.547218213310716806e+01 6.674835502370575568e+01 7.871134393287985631e+01 6.271779373944823277e+01 8.351905838301925655e+01 7.413477169725182137e+01 7.875063314261662129e+01 8.578757640846501431e+01 9.363253628846750587e+01 1.052308974756952153e+02 1.247552396960174690e+02 1.411953334965357953e+02 1.311800293194468452e+02 1.146187067538743065e+02 9.411986143719236964e+01 1.146187067538743065e+02 1.298677770319709168e+02 1.217749165244408545e+02 1.052960177697079587e+02 8.480462100677119963e+01 9.434290547494211410e+01 9.938585194188927119e+01 9.103281411381033195e+01 7.270640569482466731e+01 8.438014663751260969e+01
9.077694256751397006e+01 1.036127006742188712e+02 1.064392791952924000e+02 9.193421727106959906e+01 8.051424699930610984e+01 7.107728021608103575e+01 6.348718768312545535e+01 4.497767499037234984e+01 5.632418019797290043e+01 7.093821181043881552e+01 9.151041758771563650e+01 1.005651121996940134e+02 9.588869043486410249e+01 8.150638798825632136e+01 9.177618237149729907e+01 7.319155060315165429e+01 6.793349988071867074e+01 8.871177955649493185e+01 9.928143365717326674e+01 1.060157991240361213e+02 1.135209070319485107e+02 1.216544817886073417e+02 1.205128415503906893e+02 1.298008872528602637e+02 1.254186059803649158e+02 1.051208086227730405e+02 9.048760054190265123e+01 1.063945055017169494e+02 1.147648853000531233e+02 1.073870696655997534e+02 9.299632126476946326e+01 9.434281744026777972e+01 7.396636577237737242e+01 8.922424577417972102e+01 7.083029037370658898e+01 9.109515308920032339e+01 1.015635970650940578e+02
1.022303085848287765e+02 1.034627743681555074e+02 1.064047188073248975e+02 7.908834721574858406e+01 5.930983073606218170e+01 4.968346224358565166e+01 4.368540335221677395e+01 6.155407304651586742e+01 6.213352013017225772e+01 8.178007165219470664e+01 8.362338733502072330e+01 7.981582153862153461e+01 1.005651121607956782e+02 1.019491116058355544e+02 1.021650275925942992e+02 8.791764376871792308e+01 8.871177955649493185e+01 8.005950211926653992e+01 9.466027679356280089e+01 1.147042148763896563e+02 1.141592840552254557e+02 1.058176151709479171e+02 1.000706019215467535e+02 1.204763698228128987e+02 1.274326079422113196e+02 1.073335638109957983e+02 1.063945055017169494e+02 8.579827037378514376e+01 1.020039160983106541e+02 9.897272503434354007e+01 7.856778004493276057e+01 8.606611578328393364e+01 6.762285444355107700e+01 6.895678432481268771e+01 8.922251443239683510e+01 9.954937049515829983e+01 1.110127613606437933e+02
9.343839423971080294e+01 8.462358245746669638e+01 9.946292753989732205e+01 9.363312451692601712e+01 8.122745585940754154e+01 6.937306376291064680e+01 4.276708709223395743e+01 4.544526081977080167e+01 6.231316923160044752e+01 7.282403402676040116e+01 6.202468070957306168e+01 7.753039322738531780e+01 9.833317635919080146e+01 1.090821027268613932e+02 1.097833380817237838e+02 1.081602476729501916e+02 1.087986008758972361e+02 1.005310103363395768e+02 1.087986008760231584e+02 1.110939130192873421e+02 1.029174255586828082e+02 8.620808522353985381e+01 1.046373396350018794e+02 1.131389244667913516e+02 1.230086491209354733e+02 1.274749868433317914e+02 1.147638658573258823e+02 1.020039160983106541e+02 8.144444577487006143e+01 9.776331648653480499e+01 8.606720379639646978e+01 6.578792196207383824e+01 8.427870609196284590e+01 8.921686213862550119e+01 9.764241211261101228e+01 9.064492888823292560e+01 9.064492888823292560e+01
7.321899112827793488e+01 7.145588071529905960e+01 9.116821419282089778e+01 9.502931356902385573e+01 7.646390975893186237e+01 7.591367043939402492e+01 6.085807667425907397e+01 4.140539332272376072e+01 6.044185508505529469e+01 5.002507910272962732e+01 7.282403402676040116e+01 9.213724873920993730e+01 1.030652826186184399e+02 8.869062646039481024e+01 8.939719770796469334e+01 9.536817870373735673e+01 1.157082037397620553e+02 1.077029798548390431e+02 9.955476494007226052e+01 9.955476494007199051e+01 8.340136757544219392e+01 7.882926670504805600e+01 8.533675560213647771e+01 9.509555523033294833e+01 1.147150206871096572e+02 1.264328252938330195e+02 1.162767493106213834e+02 1.079065346046845235e+02 9.776331648653480499e+01 7.729243912400215777e+01 9.384056358982951451e+01 6.503704022449679201e+01 6.408454517406491391e+01 8.269938193386474268e+01 8.159510237102072949e+01 7.034892597998826602e+01 8.836526651435362112e+01
5.912978066365716501e+01 7.914111718807218665e+01 9.348414282336061376e+01 9.110968824915127584e+01 7.124209015540228052e+01 5.733887681348749510e+01 6.054112728681647582e+01 4.469914101374335758e+01 3.995700665485060910e+01 5.179138607532925676e+01 6.818009676762788729e+01 8.946283986494491103e+01 9.288983998573043266e+01 7.428344410891716620e+01 7.498580718045337790e+01 8.939719782949100590e+01 1.097834017110133686e+02 9.955476494007226052e+01 8.006721760259648590e+01 8.006721760259648590e+01 7.218173392298712088e+01 9.164982422853854871e+01 1.049051985589476459e+02 1.131389244488337908e+02 1.230095509572115873e+02 1.181035071716583928e+02 9.770963881440739840e+01 8.735551160071626953e+01 8.053437760558190917e+01 7.447009460527253566e+01 8.768971707085296430e+01 6.725933732917673069e+01 8.269938193386474268e+01 6.252275830887084140e+01 6.143107825307195924e+01 6.034280741224515054e+01 7.728809675713968375e+01
