LEM_wLE/output/LEM_wLE_example/elevation_000007.asc
nrows	100
cellsize	150.0
xllcorner	0
ncols	100
yllcorner	0
NODATA_value	-9999
[rows 34 to 50 of 100, columns 37 to 73 of 100]
6.378322061109876273e+01 7.840276823199577905e+01 9.856492157290303169e+01 8.742213066012503475e+01 6.791814994636905567e+01 8.742213066012503475e+01 1.028466341989309285e+02 1.172687831907037577e+02 1.072898724310098686e+02 9.892434531594317093e+01 1.072898724302153539e+02 1.065791571040178809e+02 1.142496928471821462e+02 1.029206783252546700e+02 9.476492468016365933e+01 9.730540191716205811e+01 9.574339115139065370e+01 7.597328704607210170e+01 6.725100921601624293e+01 7.597328704607210170e+01 9.574339115139065370e+01 8.794943857115727326e+01 6.862625119249847216e+01 7.408109255758938616e+01 6.862625152918482740e+01 7.843275453517610174e+01 9.186881997938976951e+01 1.110652504126836959e+02 1.128312501324201378e+02 1.048831926973292923e+02 1.025719033628156467e+02 8.533152645244219059e+01 6.483833305311792117e+01 7.162374244894975561e+01 7.485683155636402830e+01 6.637683880596058827e+01 6.668837201682354987e+01
8.430812622222447317e+01 9.270195683461341218e+01 9.442128685518608222e+01 8.092080207751703824e+01 6.071400666149510528e+01 7.484975997634084877e+01 9.431725368519013841e+01 1.025056570718526672e+02 9.716591023947377437e+01 7.865498316057292527e+01 9.228640536498291169e+01 8.582672678669686661e+01 1.006473296650837739e+02 9.904946384769013434e+01 9.904946384769210965e+01 1.074142002183048419e+02 1.039100225232109125e+02 9.526881410502193148e+01 7.877751788059549654e+01 8.710543712714054720e+01 1.039100225232109125e+02 9.430016173472226626e+01 7.524799224402740094e+01 9.329939762304563544e+01 8.236747988466906634e+01 8.236747988466906634e+01 1.014347754605372387e+02 1.113555143686221243e+02 1.018364578930596451e+02 8.589961921825553759e+01 9.377549627053241466e+01 7.418705505374700238e+01 7.223563395806424126e+01 5.655805059323424189e+01 5.759347647822266936e+01 5.860888277906283861e+01 7.218337083168346169e+01
8.548527680879438151e+01 9.161705038395675160e+01 8.623175425442710207e+01 6.571606054885550918e+01 5.334822347676632148e+01 7.509601694021736762e+01 7.427956180490791382e+01 9.220240966358110768e+01 8.878966423825796994e+01 6.824711883492498998e+01 7.181256194418284622e+01 7.153318778437147785e+01 8.887857218681044458e+01 7.870768052592788422e+01 7.870768052592788422e+01 9.904946384769210965e+01 9.419825225843214866e+01 1.025660878405509351e+02 9.848158637858581699e+01 1.066461255327479023e+02 1.149769495197875671e+02 1.022898863491974168e+02 8.626104951660852294e+01 9.079470902565853407e+01 1.014347754605372387e+02 1.014347754605372387e+02 1.094931235502757687e+02 1.034144813683045214e+02 8.443156151657861130e+01 7.463471057299578604e+01 8.468323197412586012e+01 7.008921836986728238e+01 5.508020524436143717e+01 7.636280600889553227e+01 7.253157306292150963e+01 7.942343514919289760e+01 6.003616225650014115e+01
6.514747398772937004e+01 7.164902809398203942e+01 8.562901358738434965e+01 6.948076048846736796e+01 4.638190169202314195e+01 5.638847179181723135e+01 7.795654677525638476e+01 7.198313915955709774e+01 8.619217678049766107e+01 7.780921184518361144e+01 5.635846514536183349e+01 7.780921184518361144e+01 6.817340405629856548e+01 6.380996387279038373e+01 8.466565091944519850e+01 9.085834153673154390e+01 7.388808336075884142e+01 8.729057060313844829e+01 8.729057060313844829e+01 1.075133803924763640e+02 1.192259781089300787e+02 1.133481479977493507e+02 1.052817932485392589e+02 1.098976376075127632e+02 1.179925905941583011e+02 1.148000475613573172e+02 1.064481160056344038e+02 1.113555128211556564e+02 1.018364587595363986e+02 8.529702658481423327e+01 6.540732228114298152e+01 7.532198424513984492e+01 5.400457145477475507e+01 7.548174144632545790e+01 9.299044695095422242e+01 8.862635487450994276e+01 7.392245401803181437e+01
5.218483034144756516e+01 5.631738148840661751e+01 7.749752641583160084e+01 6.431569843666309794e+01 4.020190122229724494e+01 6.431569843666309794e+01 6.419276908221713995e+01 5.622392769087117870e+01 7.790522637954067875e+01 7.246753941503175156e+01 5.028041476764913398e+01 6.529310332040149945e+01 5.232784651041961155e+01 7.423780739611791546e+01 7.233422509923056509e+01 7.633239579444565948e+01 6.165118079752289759e+01 6.684783145850965980e+01 8.729057060313844829e+01 1.026857550116534981e+02 9.896842469886820481e+01 1.192259781089301640e+02 1.189782876568212941e+02 1.106486417123198578e+02 1.156633923566347022e+02 1.030590903587935543e+02 8.604069159649057497e+01 1.030590903587935543e+02 1.044435488240662977e+02 8.529651518751025208e+01 7.796397622993494281e+01 5.731317402617278844e+01 5.290515928731276318e+01 7.536403292761616513e+01 9.505345898548360140e+01 1.006001025660779646e+02 8.964721739667757561e+01
4.142671558141507404e+01 6.410202658720665170e+01 7.863655864333392742e+01 5.975861898754780555e+01 3.519040316142415747e+01 5.351828578092011668e+01 4.032389977735141429e+01 5.497401289656323087e+01 7.678582298986684407e+01 8.096915458944596367e+01 6.529310332040149945e+01 4.213440986548837230e+01 6.283992765798968350e+01 6.671467619859167542e+01 5.021003895321843657e+01 5.480158767365627170e+01 7.633239579444565948e+01 8.729057060313844829e+01 7.532820392629119510e+01 8.248407580758554047e+01 9.675053251208240113e+01 1.170146496658198600e+02 1.106486417123198578e+02 9.025275377124847864e+01 9.622657104086739821e+01 8.693229115205043911e+01 7.420472053028083792e+01 9.466588403132178087e+01 9.083835295497543427e+01 8.239590367060178266e+01 7.332831828133772945e+01 5.132674841795293474e+01 7.213397520703077248e+01 6.503758885129376210e+01 8.024185058801279524e+01 1.015283747311492419e+02 1.021981012081234041e+02
3.469793348973290392e+01 4.836279834965767321e+01 7.032926508581699920e+01 6.850715756660721922e+01 5.351828578092011668e+01 2.890524965961411752e+01 4.677936702940030500e+01 6.978744749300390993e+01 8.508111860710224050e+01 7.814904693157386362e+01 6.132862284674256159e+01 3.786017273609655831e+01 3.954308016073704835e+01 4.379135469294276106e+01 6.671467619859167542e+01 7.633239579444565948e+01 7.633239579444565948e+01 9.676815099811891230e+01 9.554338283337756366e+01 9.554338283337757787e+01 1.110544065898917125e+02 1.213225057562253255e+02 1.010062872283497200e+02 9.622657104086739821e+01 7.576416786242205603e+01 8.528895646889924365e+01 6.624241392689586405e+01 7.767937734266388361e+01 7.827255031231054261e+01 6.130462870729309799e+01 7.112279842157499843e+01 5.019765442818943768e+01 7.096126642534848372e+01 8.613464110286770392e+01 8.647652916159456993e+01 1.075282866662758323e+02 1.032334311582489477e+02
2.969527490816729198e+01 5.255828665727696603e+01 6.385042807799232634e+01 5.416493513531745663e+01 4.501605297604761802e+01 2.564076768599751688e+01 4.305235596058442837e+01 6.639512661203291088e+01 7.540700978842397717e+01 6.258825905953298019e+01 4.702769206953637138e+01 3.393167070097021565e+01 5.742352063452855049e+01 6.671467619858613318e+01 6.954260877300615107e+01 6.954260877300615107e+01 9.083557085896063654e+01 9.175455094376911802e+01 1.002703203293260259e+02 1.106094489553225486e+02 1.241150277986676116e+02 1.154237333349751253e+02 9.503438551620223507e+01 8.067658809621043758e+01 8.528895646889924365e+01 6.457046876137573577e+01 7.602336708789593445e+01 5.621101601233928591e+01 6.726231754311648103e+01 4.745266817328702302e+01 4.859471416045744263e+01 6.386876825082929798e+01 5.991163250628035541e+01 7.213647885078826505e+01 8.669033629159577004e+01 1.071745705692885480e+02 9.900932603126469189e+01
2.537553010598681524e+01 4.258040147229146299e+01 4.242149079645189858e+01 4.495232443872146888e+01 2.167038146637746365e+01 4.383684203988695316e+01 5.579792875481367531e+01 6.821506725068816479e+01 6.673999057222849274e+01 4.400747702410093609e+01 3.034532692752178917e+01 5.361537068517440474e+01 6.629921779595930786e+01 6.321084706174055157e+01 4.671311726018232235e+01 6.954260877300615107e+01 8.126838375078625631e+01 7.078221655780352251e+01 8.136597710331434996e+01 1.021431247842238008e+02 1.184567361115605308e+02 1.125260719757736609e+02 1.025283775124334795e+02 8.219238110089311533e+01 6.803361712519408400e+01 7.602317937467437048e+01 5.440690917786761105e+01 6.764403981118947229e+01 4.583668787442164216e+01 6.893274521481849604e+01 5.818321925152474705e+01 7.756077078096384980e+01 8.082445342465186400e+01 7.125482496780786335e+01 9.181355616824646404e+01 1.079831084288806267e+02 9.066217249963554536e+01
4.248746713838256994e+01 2.054887256169164189e+01 3.751717038742222599e+01 3.831809592111366669e+01 1.945534597262701837e+01 3.138058614633730770e+01 4.961681585938789851e+01 4.575613357702063411e+01 4.575614771313221496e+01 4.761751022160567715e+01 2.807165137933816013e+01 5.107795456393333922e+01 5.715169879070126058e+01 3.974386671486921330e+01 6.321084706206494985e+01 5.432154118620071870e+01 5.977125834482959732e+01 8.126838375078625631e+01 1.002703203293260259e+02 1.106094489553225486e+02 9.807574100256334759e+01 9.209021793267962153e+01 1.064885410782982262e+02 9.654632387019627515e+01 7.866633602801344693e+01 5.814626668962105072e+01 5.144124874253550672e+01 4.424209508858778861e+01 6.764403982919942848e+01 7.752985263880162847e+01 7.804860273308239016e+01 7.218763370599207008e+01 9.219823365683630811e+01 8.580989328944166061e+01 8.805636481689109019e+01 9.904310014196045131e+01 7.946314669252730312e+01
3.959910331091001012e+01 3.113073609667316788e+01 1.611785590056532413e+01 1.665144591038155397e+01 1.718510032396942577e+01 3.897348608079304455e+01 4.830732756607469014e+01 4.318233658612962955e+01 2.331152235491012448e+01 2.496545190808471304e+01 2.765982728636705446e+01 3.047872773557799775e+01 3.352394652583820545e+01 5.715169879070126058e+01 7.208837598226278942e+01 7.633660494967124066e+01 8.126838375078625631e+01 7.151233148590519306e+01 8.370077532903172823e+01 1.044526880663691344e+02 9.807574100256333338e+01 7.757005110916504975e+01 8.782289605586412051e+01 9.626431089887358894e+01 8.704208828852898705e+01 7.863965233810883149e+01 6.674079870433052974e+01 4.315194432566232052e+01 6.543553155501814445e+01 7.431036143220724455e+01 8.406032554507704901e+01 9.219823365742072951e+01 1.006325122392987623e+02 1.063076864479798331e+02 1.025777850594631246e+02 1.079832735911164576e+02 9.086097768139151754e+01
1.841517352028078847e+01 1.537486185907414971e+01 3.696466561445237176e+01 3.839767127063534247e+01 3.895942609670689905e+01 1.795656427175504177e+01 3.504560746069176247e+01 2.100336700297456005e+01 4.318243182478012443e+01 3.790986453624068986e+01 5.103092459313931073e+01 4.720897953175686013e+01 5.054759086562874870e+01 4.186477130324899321e+01 6.513244504126295453e+01 7.359069202009214905e+01 9.471380823154518680e+01 8.640263376535592954e+01 1.009839114477755686e+02 1.129075116007220601e+02 1.064885410782982262e+02 8.782289605586412051e+01 6.713998184276435666e+01 7.971038965812867616e+01 7.470369411587924446e+01 6.978799689733402545e+01 7.275166812697544572e+01 6.408648930399930066e+01 4.163465273849266168e+01 5.329131540322601523e+01 6.921201854401282105e+01 9.020004303569237436e+01 1.054985258977278022e+02 1.138915846062271555e+02 1.229038241239265687e+02 1.200657963367429062e+02 1.082675553588076980e+02
3.651429836480355107e+01 1.485440875599024935e+01 2.980178509847418411e+01 5.139142760133005794e+01 4.896662216399470680e+01 3.982659264572715330e+01 1.873121822696661098e+01 3.996240963348062536e+01 5.192340837206404558e+01 6.086372183537248048e+01 6.968753742573264276e+01 6.996860368818042275e+01 7.309542563857614539e+01 6.513244504126295453e+01 5.121227398654675511e+01 7.359069202009214905e+01 8.431510193650933616e+01 1.051125145265809380e+02 1.155651891301951792e+02 1.023772111050477065e+02 9.393338949713364627e+01 9.626431089887358894e+01 7.971038965812867616e+01 5.846877950441290039e+01 5.272002789611124030e+01 4.687422399994316891e+01 6.287923428010419968e+01 4.016728448278746555e+01 5.291016664749133014e+01 7.211516452793551935e+01 8.406028321121203817e+01 9.102835160675435588e+01 8.503460916553078164e+01 1.054985258977278022e+02 1.176181068194800616e+02 1.259606383759403769e+02 1.166370962893676477e+02
3.504404279778949416e+01 1.433800273125670266e+01 2.633066976835283768e+01 4.715098149379596748e+01 5.888013432451588614e+01 4.145180108702496113e+01 1.931693109403838804e+01 3.457397955323916250e+01 5.619508511360475467e+01 6.571287967086398396e+01 6.866918901560235611e+01 7.920582535369601374e+01 8.929973605634077671e+01 8.227029506187800223e+01 7.359069202009214905e+01 6.286628210367500458e+01 7.819610983010434779e+01 9.908765566784596501e+01 1.023772111050477065e+02 9.056167444148763934e+01 7.343517524217880066e+01 9.056167444148763934e+01 8.818667537769742637e+01 7.971038942701981966e+01 7.045535858245963823e+01 6.160463806946715692e+01 3.875619201627611687e+01 5.608503688494945294e+01 6.991144102594098797e+01 8.138194271586239381e+01 8.471329121473429780e+01 7.056524112330083653e+01 9.102835160675435588e+01 1.046832193957068426e+02 9.716625405098461954e+01 1.116825302068352954e+02 1.319478563782315064e+02
1.361420560188236095e+01 2.287337156999904408e+01 4.237181970483497651e+01 5.641430782753140960e+01 5.043260723533402512e+01 2.238999097998528853e+01 1.990597677775770435e+01 4.196495131228979858e+01 5.193651997241339302e+01 4.303022427418299856e+01 4.361063599116340583e+01 6.876098544111960109e+01 7.037181383208425700e+01 8.364176226153804805e+01 8.988418673410772897e+01 8.431510193650933616e+01 8.431510193650933616e+01 1.051125145265809380e+02 9.393338949713364627e+01 7.343517524217880066e+01 6.103216267439732690e+01 7.216786020008466096e+01 8.071847744664312074e+01 6.922552959348834634e+01 6.033129138133636360e+01 3.742745106602692573e+01 6.160454920255742906e+01 7.145666901390430326e+01 8.424866012041854901e+01 7.887052319393086464e+01 6.405596758339423502e+01 8.471329865339602350e+01 7.829838419975513375e+01 8.417636635500838338e+01 9.603313515647816700e+01 1.105595290404563116e+02 1.308397021184666187e+02
1.661700241824992830e+01 3.790379367466361060e+01 4.880103733767481344e+01 5.801087247259435742e+01 5.984895642572467978e+01 4.904250123518395554e+01 3.532799705540289636e+01 2.074600174880236736e+01 4.290708316191994243e+01 2.767044969807306032e+01 4.337762912803081150e+01 6.840126160614036621e+01 5.514505864771515320e+01 7.395730377322395555e+01 6.843808926394801517e+01 6.846314441965768083e+01 7.731897859381439275e+01 8.982499354736070529e+01 9.788323311069504484e+01 8.692796111906464773e+01 6.605402621744758562e+01 4.983297310599230201e+01 6.372606633059564984e+01 5.918374110378839248e+01 3.615949964319668197e+01 3.807867243564097492e+01 4.012553367801549342e+01 6.408160728337523437e+01 7.539178330982126397e+01 5.770786300310960115e+01 7.887052319393086464e+01 9.315707020129120508e+01 9.876340083406716985e+01 1.046832193957068426e+02 1.130833982317692943e+02 1.143169394817493441e+02 1.143169394817493441e+02
3.799040861588981954e+01 2.217983549881381578e+01 2.632048890939343977e+01 4.232608503298187941e+01 6.501429060583731712e+01 6.699156563709107104e+01 5.010472718407782367e+01 2.947694238440277203e+01 2.158976624554052037e+01 2.218772090366611138e+01 4.449662871235222639e+01 5.408176367190791467e+01 4.309290828841844245e+01 5.387913243665298779e+01 5.692572293056023369e+01 4.547883546991307924e+01 5.919163819555590322e+01 8.112825745312616732e+01 8.942958267394020311e+01 6.871646955022852410e+01 7.237765408206604434e+01 6.337085974009072231e+01 4.005370152106240056e+01 3.506698001838302048e+01 5.918374194698954227e+01 6.219941464099488115e+01 6.408160728337523437e+01 4.320541213700626315e+01 6.671877277934669337e+01 5.306879284094288352e+01 6.880617874102091491e+01 8.951584395203188649e+01 1.082936331804494756e+02 1.103657294271798150e+02 1.019327701694345336e+02 9.383421181176817072e+01 9.383421181176817072e+01
