LEM_wLE/output/LEM_wLE_example/elevation_000005.asc
nrows	100
cellsize	150.0
xllcorner	0
ncols	100
yllcorner	0
NODATA_value	-9999
[rows 51 to 67 of 100, columns 37 to 73 of 100]
5.382572968793388668e+01 4.854356285496983503e+01 5.277588652317231777e+01 3.995849376133847386e+01 5.978595122756568259e+01 7.616577667214470182e+01 6.492973439893211207e+01 4.839107611895534689e+01 6.024339849755260445e+01 5.097884649267203372e+01 3.048153705345245967e+01 3.106608966549316264e+01 3.166577914334858335e+01 5.138226064902794832e+01 4.143120937413723226e+01 5.516606575794118328e+01 7.498361645804644127e+01 7.855147326393455387e+01 8.687503216206597756e+01 7.548827739695016703e+01 5.427159714536075796e+01 4.724781073356687955e+01 4.149338538304148472e+01 4.476351067767507175e+01 5.586247837591415788e+01 7.556955445720544162e+01 7.627306137650636231e+01 6.797753198016005172e+01 5.037157891200946835e+01 7.024254153875131124e+01 7.497825135583033784e+01 6.910316277642726845e+01 8.918360849509124932e+01 9.673393678732360002e+01 8.152255565112194802e+01 7.940022098173037080e+01 9.355731934488638046e+01
4.686738023590513791e+01 6.151587496077657846e+01 6.804246919182952524e+01 5.978595122756568259e+01 4.802577375917547897e+01 6.205409968359949602e+01 7.633653284579432352e+01 6.808661386267232274e+01 6.031271479654562739e+01 4.054370406969774621e+01 5.332331402640880214e+01 4.503605091131994698e+01 5.138093732306426631e+01 3.256697952995674683e+01 5.222678385250674893e+01 6.124771653572352648e+01 6.445131840386211763e+01 5.861115547143626969e+01 7.855147326332026125e+01 8.099804166874470468e+01 7.030256067560424071e+01 5.840169719666688763e+01 4.085877483601203863e+01 6.020919106272351229e+01 7.532139005281024424e+01 8.403981188532789304e+01 8.942497037277185257e+01 6.937527884631805364e+01 5.521626453139334956e+01 5.300787083353192486e+01 5.492073623664703064e+01 7.496202067704776084e+01 8.024970156099405472e+01 7.678339342725853101e+01 6.991923192827269418e+01 8.411925376944904542e+01 1.041276230364967432e+02
3.358302728490173905e+01 5.324731889787894801e+01 6.902674565035636078e+01 7.494696001949093045e+01 5.501309160634724549e+01 7.494696001949093045e+01 9.027726184677686661e+01 7.640004085096130382e+01 5.669717077141145722e+01 4.678812774648466899e+01 6.615077157050689038e+01 6.469449097490668521e+01 6.034249668072938988e+01 5.222772232267424641e+01 3.348850306422784939e+01 5.302933318094083148e+01 4.483687900716648045e+01 6.436588076794865287e+01 6.430207230619757297e+01 7.111256955267816693e+01 5.646487747041039995e+01 5.857903021765763185e+01 4.021909342154857825e+01 4.866919235853505654e+01 6.273036977711642947e+01 8.442935871933022440e+01 9.161166534399906425e+01 7.156997969273858473e+01 6.151627019672598351e+01 7.300192566311017117e+01 7.497825006192040576e+01 5.779125350211690204e+01 6.013324197288012130e+01 6.254291488980523184e+01 8.265366548619753928e+01 9.496362523253739596e+01 1.049352715089616055e+02
5.324731889787894801e+01 4.092364085358623527e+01 6.073549646239860067e+01 7.846128607285550061e+01 7.494696001949093045e+01 6.909510776769795370e+01 8.907458109077307995e+01 8.470381483260733546e+01 6.615077157050689038e+01 5.387211306072937589e+01 7.361159413052955358e+01 7.862478288169054963e+01 6.094419444057009372e+01 4.133279363402830597e+01 4.027396209477266353e+01 3.440414378882856283e+01 5.392912993781581577e+01 5.496172552129562661e+01 4.244120773572662841e+01 6.169561041028997295e+01 5.772878289090814974e+01 3.930938066815490117e+01 5.793065275554074134e+01 6.749797919241990485e+01 6.857021293359058234e+01 8.895956331877481205e+01 9.989035897862599711e+01 8.828480483846492177e+01 6.822482059103457175e+01 8.828480483846492177e+01 8.229035942186675356e+01 6.217617607049201922e+01 8.021905646262023026e+01 8.265366548619753928e+01 6.658934306671081060e+01 8.666985854774392806e+01 9.433127308325734361e+01
6.902674565035636078e+01 6.073549646239860067e+01 5.015766480535818062e+01 6.012442318317953038e+01 8.021331325125746048e+01 8.907458109077307995e+01 9.733823562045678557e+01 9.440670944142178200e+01 8.192389942600053132e+01 6.514935827455946082e+01 8.192389942599849917e+01 7.031610252564793484e+01 5.043722940416813572e+01 6.094419447752401453e+01 5.948859281445728442e+01 3.851404017284819759e+01 3.531139945940964964e+01 3.595167927462815527e+01 3.658882729895461239e+01 5.561430162997892523e+01 3.839007495745089926e+01 4.109147497122728510e+01 6.010862216157195803e+01 5.850521466942224436e+01 6.972495419053812782e+01 8.313347840935456645e+01 1.014262983982233237e+02 8.828480483846492177e+01 8.242950093176455084e+01 8.828480471115788930e+01 8.689919681862241418e+01 6.681054453635340451e+01 8.688548654365709467e+01 9.493041007691854816e+01 8.666985854774404174e+01 7.084775493399668278e+01 7.430331454923926060e+01
7.614149726948944874e+01 7.846128607285550061e+01 7.016886821721847411e+01 7.846128607285550061e+01 8.021331325125746048e+01 1.002120611382252520e+02 1.033387906226833763e+02 9.510690060649544364e+01 9.349662095435924414e+01 8.517122328260025199e+01 8.298781307869828083e+01 6.295207947968271611e+01 7.031610252564793484e+01 6.935336483546659281e+01 4.904348795830720320e+01 4.208060867713520992e+01 5.478403084139259249e+01 5.455406269941384068e+01 4.623086769314335953e+01 3.748579240342323260e+01 5.684874094036860015e+01 6.041462376129236844e+01 4.491094966924225673e+01 6.440502932603943975e+01 7.709839215770182363e+01 9.009352415116536861e+01 9.861611293469580630e+01 1.082656226953288154e+02 1.024207589418371356e+02 1.082656201708312977e+02 9.523795806418139875e+01 8.689919681862241418e+01 7.442880916378037170e+01 9.447651884230975838e+01 9.722591162026132849e+01 7.721057524824496454e+01 9.433127308325738625e+01
5.726141083897036310e+01 6.598609696858125062e+01 7.796701983560153337e+01 8.563477842908130810e+01 7.738087175594442613e+01 8.563477842908130810e+01 9.183034445974888627e+01 7.514896979119693299e+01 9.024648118703123600e+01 9.848256321653254020e+01 9.133155208821435167e+01 7.709935883401011836e+01 8.368457022999781714e+01 6.341718519589728231e+01 6.741956227737723850e+01 4.727269735694505925e+01 6.742602149418861757e+01 6.210935366658457468e+01 4.275683162946192084e+01 4.471349132142559313e+01 6.435451947520967053e+01 7.265407744151160330e+01 6.440502932603943975e+01 4.909803590464149892e+01 6.881879222589058998e+01 6.979962205545695042e+01 8.527144037450558756e+01 9.351039323321502650e+01 1.024159325567068493e+02 1.138902679254312034e+02 1.044891349364940680e+02 8.446390274812543453e+01 9.447651884230975838e+01 9.079666955356115920e+01 1.042928255524712142e+02 8.430457449836247008e+01 1.042928255524712711e+02
3.808726817932699049e+01 4.861987216375884202e+01 6.906597219709499313e+01 7.565255019895488431e+01 5.740077333758454614e+01 7.155311210315041137e+01 7.602314574356846322e+01 6.357955732112298364e+01 7.025958925938236632e+01 8.441659830424603683e+01 1.043210635096978791e+02 9.720379917763781918e+01 9.199084135513069782e+01 8.368457022999781714e+01 6.745862738139457804e+01 5.489319010990728032e+01 7.590477009174885836e+01 6.612291303379282681e+01 4.653652834572498165e+01 6.437847276806066077e+01 5.845208324458955929e+01 7.868604273153042072e+01 7.517600487304321177e+01 5.519187157596878990e+01 5.432337486280540162e+01 5.823953064710300254e+01 6.529281853986459794e+01 7.425416274189437615e+01 8.578403283129809154e+01 1.056600008641052000e+02 1.128715761176471233e+02 9.446819837249751117e+01 1.128715761176468817e+02 1.049511050977873339e+02 1.125893711757250202e+02 9.584931628526005909e+01 1.125893711764992133e+02
4.765253350596768911e+01 6.598609696858125062e+01 7.041579586507357646e+01 6.215456951950846332e+01 4.745176505652714383e+01 5.159147263947904349e+01 5.603254758019749460e+01 7.602314574356846322e+01 9.024648118703123600e+01 8.659566806235866920e+01 1.064907367380801020e+02 1.042820785724817796e+02 1.100931730679592988e+02 9.689343974120644987e+01 8.527460426093996659e+01 6.793009788363130497e+01 8.522001883392070454e+01 7.032641776561517588e+01 5.050304007253239291e+01 7.032641776561517588e+01 7.868604273153042072e+01 8.726072176840678196e+01 8.225133490069602260e+01 6.218292191891123366e+01 7.420855746344244608e+01 6.977387664850397186e+01 6.716959809810479953e+01 7.612621452858054738e+01 8.764886445603534071e+01 1.075189627709780922e+02 1.229367176242875104e+02 1.145100715004907670e+02 1.229367176242874535e+02 1.250910913825264856e+02 1.241383007049830809e+02 1.158268737085719380e+02 1.143274404105980437e+02
5.606089740693142431e+01 6.557956830678037363e+01 5.731875261113579967e+01 4.221598562014020217e+01 6.215456951950846332e+01 7.155311210315041137e+01 7.602314574356846322e+01 7.602314574356846322e+01 9.597433394708565402e+01 1.064907367380801020e+02 9.839095791117274814e+01 8.427641152887244402e+01 9.013593574378533901e+01 1.031944181202340900e+02 1.009127021409955347e+02 9.077288414889835622e+01 7.397161202342292086e+01 6.079115060756408440e+01 7.032641776561517588e+01 5.876423934850527075e+01 7.291578706413619670e+01 9.342058902112114538e+01 8.225529663814417347e+01 7.634650261274781258e+01 8.225529663814417347e+01 8.390309509405497579e+01 7.872345820139325667e+01 9.537548042531796000e+01 1.042777903604994378e+02 1.157500522286895404e+02 1.249692992944767127e+02 1.165013218150741494e+02 1.249692992944767127e+02 1.351910523327985629e+02 1.199833629819734000e+02 1.084783526933810691e+02 9.439715045295390894e+01
5.890374075481533822e+01 5.731874736855885999e+01 3.732701800578448115e+01 5.731875261113579967e+01 7.041579586507357646e+01 8.377517728637687355e+01 7.554545019335431277e+01 8.377517728637687355e+01 8.917438583982296052e+01 9.720388877194839949e+01 9.013593574378533901e+01 7.007438875728432492e+01 8.735459313662293823e+01 8.366353351883870459e+01 1.031944181202340900e+02 1.015075473512761590e+02 8.915111651147132932e+01 7.210420357469068620e+01 7.892150451044992110e+01 7.291578706413619670e+01 7.291578706413636723e+01 9.342058902545119281e+01 1.024696262391785382e+02 9.652038731152538276e+01 1.024696262391785382e+02 1.037941943543367955e+02 9.863278467582800602e+01 1.068636815710323305e+02 1.098711612431468154e+02 1.183149299130331968e+02 1.148233773632365171e+02 9.627229849859941169e+01 1.063868101568367877e+02 1.246547329576017944e+02 1.117537932756766992e+02 9.180195828945164749e+01 8.018052051038159789e+01
5.693771552778288481e+01 4.978765859064370858e+01 3.405379413443051817e+01 4.827067203002003026e+01 6.823303608391135811e+01 7.391050126816972465e+01 5.587330553336201433e+01 7.313530860724678462e+01 6.953061217046243314e+01 8.081613339143049757e+01 8.255338370928267011e+01 6.260195012756960864e+01 6.744798427299038224e+01 8.735459313662293823e+01 9.755967340007714483e+01 1.075605987628547098e+02 1.009127916205972042e+02 9.235747688774313247e+01 9.949872389838697018e+01 9.342058902112114538e+01 9.342058902545119281e+01 1.019944850967534791e+02 1.040062631330302025e+02 1.120769721893022108e+02 1.108807623745016002e+02 1.028489042724970517e+02 1.108807623745016144e+02 1.066406201888880503e+02 8.971882663983737416e+01 1.066406201888880503e+02 1.063868101568367734e+02 8.628464930645873210e+01 9.597543861969180057e+01 1.161965945656970689e+02 1.161452636016803126e+02 1.084783526933800175e+02 9.078101401559695205e+01
4.566429889934345709e+01 2.962106628714177603e+01 4.978765859064370858e+01 6.229059284999902957e+01 6.037104581215274379e+01 5.444104890848615952e+01 4.618499165215043689e+01 5.396815331801653315e+01 7.069389201281705937e+01 6.091950750345330334e+01 7.041256196574694570e+01 5.608901682236005115e+01 6.226459267068354819e+01 6.924314112848243497e+01 7.927371019421255482e+01 9.933080441073431643e+01 1.151939352066585514e+02 9.575700512377426321e+01 9.575701420448581302e+01 1.038093155997264745e+02 1.015942173406037341e+02 1.009103294175700398e+02 8.472439417708409337e+01 1.009103294175699261e+02 1.012090546479459761e+02 8.352504189809440049e+01 1.012090546479459903e+02 9.823620543627646384e+01 7.819040631383806783e+01 8.752127509960556040e+01 9.211180264906454340e+01 7.964640951927184176e+01 9.968608987337748317e+01 1.095224365895122105e+02 9.622835763205057447e+01 9.622835763205057447e+01 9.904573056757683958e+01
2.549922316633481501e+01 4.566429889934345709e+01 5.805787932140296448e+01 5.847028499411293012e+01 4.470379877463105345e+01 3.478743902541570066e+01 4.263126405549929387e+01 6.037930705596546943e+01 4.453487171204617567e+01 4.709549203178890764e+01 5.065692503141830372e+01 7.041256196574694570e+01 8.221028876685463160e+01 8.930225730247352089e+01 9.755967340007714483e+01 1.075605987628547098e+02 1.095065126213604572e+02 9.006178548438884945e+01 7.629944342348440500e+01 8.535650712046373201e+01 8.218759372305210320e+01 9.287175826994618433e+01 7.353433485155494509e+01 9.152376765591905894e+01 8.350094964702115874e+01 7.381492620874641375e+01 9.318697308529577583e+01 9.051991067301192118e+01 8.216638379187675412e+01 6.748510651397941729e+01 7.210215700976598896e+01 9.211180264906454340e+01 1.035977806412320206e+02 8.944314129993684048e+01 9.622835759438206082e+01 7.615095034395903895e+01 8.353023270776191112e+01
3.035345455433442297e+01 4.430086839507018226e+01 4.622967328536403642e+01 4.829516594110472028e+01 3.150900416186075148e+01 5.131356693541834346e+01 3.838888939479177509e+01 4.094295756688418209e+01 4.681698609965454239e+01 6.340243798766051952e+01 5.354736663394690765e+01 7.334695813425814492e+01 8.695789403196324940e+01 8.695789403196324940e+01 1.069716223862344435e+02 1.043882271483818869e+02 9.615573418122856708e+01 9.615573418638354042e+01 8.535650712046373201e+01 6.587034851920057577e+01 6.840887068858849318e+01 8.469022515373627868e+01 6.616395954385446032e+01 7.587671563435274891e+01 6.406289064362425734e+01 8.350094964702115874e+01 9.410034892577900223e+01 8.216638379187675412e+01 6.206444361851538360e+01 8.216638369048386892e+01 9.211180244978885412e+01 1.004930479260568887e+02 9.360224678535723797e+01 7.532611181497657071e+01 9.360224678535723797e+01 8.353029027633891701e+01 6.333224005683495506e+01
2.228440697982128071e+01 2.425687521712228190e+01 2.628724844945341133e+01 2.838180777182948944e+01 4.829516594110472028e+01 4.771008320907677103e+01 5.793516080435806970e+01 5.464325374287662385e+01 5.515523848796716067e+01 7.148949332675863388e+01 7.334695813425814492e+01 6.069894410139777818e+01 6.692118886565135938e+01 8.108349030309084071e+01 1.011399591850623381e+02 9.615573418122856708e+01 7.628065316424405751e+01 7.628065316424421383e+01 9.033444015631258139e+01 7.664203330524418334e+01 5.728523464811041777e+01 6.979190383800865050e+01 7.041789590962187617e+01 5.656646746140992121e+01 7.587671563435274891e+01 9.152376765591921526e+01 7.398007433466389671e+01 7.398007433466388250e+01 5.850748950687466277e+01 7.278796856945533023e+01 9.286052132966932504e+01 9.068804435176627976e+01 8.532517137602269486e+01 6.562512102300502193e+01 7.547517188371591601e+01 7.130724302620488686e+01 7.218487683881751593e+01
2.265289121721892940e+01 3.956694498095904322e+01 4.583456802424906584e+01 4.052401364627928615e+01 5.646674359278827637e+01 6.730760079714303856e+01 7.547764129846045478e+01 7.427634700682280311e+01 7.435088140679860658e+01 8.259568400962231749e+01 8.890400833916129386e+01 7.214546606125536243e+01 8.695789403196324940e+01 8.328067310377788601e+01 1.033196508338718616e+02 9.615573418122856708e+01 7.628065316424405751e+01 6.241128620775072022e+01 7.329600624616440996e+01 7.951738764900487411e+01 6.979190338949626948e+01 5.090688567239697448e+01 5.149514633108970685e+01 7.041789590962187617e+01 8.390749072230083527e+01 7.797254177110484363e+01 6.961813666781630161e+01 5.375460127494917373e+01 7.398007395110806783e+01 8.701708708664905600e+01 8.474900370878995659e+01 7.055019278613495715e+01 8.474691987370323432e+01 7.547497978003634955e+01 5.583578148397649699e+01 5.093469620610818538e+01 5.182797449542371027e+01
