LEM_wLE/output/LEM_wLE_example/elevation_000008.asc
nrows	100
cellsize	150.0
xllcorner	0
ncols	100
yllcorner	0
NODATA_value	-9999
[rows 0 to 16 of 100, columns 0 to 36 of 100]
7.773770046158816616e-01 2.077737700461552706e+01 3.999799841542667167e+01 4.335780351373422548e+01 5.164207475546396608e+01 5.232083741404784405e+01 5.523816957284522289e+01 4.695389833142788660e+01 5.095389833142503733e+01 5.521791265853330799e+01 5.980622733593908436e+01 5.980622733593908436e+01 7.980622733545853009e+01 8.633021027356899424e+01 8.633021027356899424e+01 1.063302102709028958e+02 1.108155564655913849e+02 1.026200409280603054e+02 1.051891400943116111e+02 1.133819615806210948e+02 1.042040872388379711e+02 9.593913663264129355e+01 9.593908656035210925e+01 1.017675011392750122e+02 1.018147113572071447e+02 1.100993784344150299e+02 1.049501877009892183e+02 9.911332817151034646e+01 1.034343231326556491e+02 9.785390696915162323e+01 1.044584390765022590e+02 1.127551040845463604e+02 1.227374486701485665e+02 1.408419714986293911e+02 1.326395116080532830e+02 1.378077614742258561e+02 1.296277973842182973e+02
1.667217412783970065e-01 1.171372712507101532e+01 3.171372712512125958e+01 2.335780351374562258e+01 3.493427336771967617e+01 3.232083741407105038e+01 4.160867349318248642e+01 2.695389833143911318e+01 3.095389833143904212e+01 3.521791265855109998e+01 3.980622733596217699e+01 5.980622733593908436e+01 7.368109963298989840e+01 6.633021027371694345e+01 8.633021027356899424e+01 1.015154942746988667e+02 9.331049532842607164e+01 8.286256566889150577e+01 8.542396038135093761e+01 1.051891291794362786e+02 9.593912915429554289e+01 7.617715788632106921e+01 7.617715781881685189e+01 8.196529273788718228e+01 8.201874939242007656e+01 9.038550738796982387e+01 8.513526775010305414e+01 7.934536554788557794e+01 8.363305876842221664e+01 7.810446432037863929e+01 8.464484704719278341e+01 9.450371447420056370e+01 1.144131741347758151e+02 1.296156884929384887e+02 1.133433064266084074e+02 1.281138455691482818e+02 1.103892267832957401e+02
2.375235533300354973e-01 2.023752355332968023e+01 2.759442791560410058e+01 1.181079812995331224e+01 1.493427336772540670e+01 1.817870179034060030e+01 2.160867349319071806e+01 3.575080911692116814e+01 5.095389833142503733e+01 5.521791265853330799e+01 5.980622733593908436e+01 4.765087274148925900e+01 5.368109963304431886e+01 6.782323525677426801e+01 8.782323525658874530e+01 9.012259926778196473e+01 7.360871481465021304e+01 7.152892860838599631e+01 9.121061066039668219e+01 9.463235506987497558e+01 8.634178184983512949e+01 8.196529273788716807e+01 6.223888371526696517e+01 8.196529273788716807e+01 7.065040429677280542e+01 7.065040429677280542e+01 7.967281657973283870e+01 6.544012508139694262e+01 6.973934482221588382e+01 8.943271482463863720e+01 1.044584390765022590e+02 1.127551040845463604e+02 1.227372858440135275e+02 1.214988423522078023e+02 1.023649844478733968e+02 1.104519043405043845e+02 1.008952965977180014e+02
2.578281697790204552e-01 2.025782816977866574e+01 7.594427916395509293e+00 2.759442791639407488e+01 3.493427336771967617e+01 3.817870179033378975e+01 4.160867349318248642e+01 4.989294473574125277e+01 6.403508035456034975e+01 5.971403452193049333e+01 6.793732745710902066e+01 6.765087274145126628e+01 7.368109963298989840e+01 8.196537086307058928e+01 8.294309293614810485e+01 7.476415722140285425e+01 6.229299571890732778e+01 8.193566704528259947e+01 8.756664104931645909e+01 8.316167913119797106e+01 6.657832061194227435e+01 7.601619188826423112e+01 5.625559533137971613e+01 7.601755495416905717e+01 7.222003891051026869e+01 5.668102113059107694e+01 5.995174227860455574e+01 7.967281657973283870e+01 8.943271482463863720e+01 8.215970522973536561e+01 9.611551175443767647e+01 1.160285299190287134e+02 1.226522846305905716e+02 1.205300870166655756e+02 1.104519043405043845e+02 9.137732919543117305e+01 1.104519043402683849e+02
6.835178870107115889e-01 3.511945011756896218e+00 2.351194501175639928e+01 3.216918299760077105e+01 4.102719411764262958e+01 5.405809585888877677e+01 4.823225542890482131e+01 5.269424322137491856e+01 4.709792481469185077e+01 3.976621357921340660e+01 5.390249550301643922e+01 7.374433083965334390e+01 7.957568140046728900e+01 7.672138978272364795e+01 6.854668785578607526e+01 5.510074375925064061e+01 7.476415722140285425e+01 8.177686867615368271e+01 6.763573566716388541e+01 7.492868587479097187e+01 5.514192470212361030e+01 6.350388039534010431e+01 5.092996982365998804e+01 6.818035799839422850e+01 5.242972759714444919e+01 7.222003891051028290e+01 7.389127688482599865e+01 7.133748879369402118e+01 8.525436317717847601e+01 1.019478519970989367e+02 1.102360654377927034e+02 1.226523033132452269e+02 1.034441539856302938e+02 1.013517615091156330e+02 1.059559838626232704e+02 8.686715917061381731e+01 9.466377332756761120e+01
8.765780624806145394e-01 1.643896641316737073e+00 2.165238900470608030e+01 9.388187920959705224e+00 3.010902473013529246e+01 3.416732020728254327e+01 2.834169478081116722e+01 3.273962883986514072e+01 2.713147098988843098e+01 3.866301035973847178e+01 5.862023559101055525e+01 7.382175193158913373e+01 5.986160174232774267e+01 6.854668752969344325e+01 4.881413907701343646e+01 6.854668785578607526e+01 8.294309293614810485e+01 7.178056894163842117e+01 5.362116914396645484e+01 6.884621955410464977e+01 6.063616436938531962e+01 4.363595869289270723e+01 4.597783111357458097e+01 4.835133383706711641e+01 6.818035799839422850e+01 8.042413587034886291e+01 9.362967477414974837e+01 8.525436246514369998e+01 9.931288762382845903e+01 1.133714120704783284e+02 1.179638891222831063e+02 1.099041926215631833e+02 1.069689415675849204e+02 8.786249252306767232e+01 9.675612259851997976e+01 8.257944440204224179e+01 9.361146856236284464e+01
3.336530771559016451e-01 1.999295895584312177e+01 2.956960969913960291e+00 3.887454824566973333e+00 2.387014501451787396e+01 2.861167060352416414e+01 1.452480873175725584e+01 1.883214021479886924e+01 3.858420007624675208e+01 5.533882233053652300e+01 6.684329760947755972e+01 6.390737921698354285e+01 4.578167820149018041e+01 5.930426426002013329e+01 4.478229168600203991e+01 5.883266337058244488e+01 7.852532097710403036e+01 6.352676247750452632e+01 4.364948654448699727e+01 5.789092695014379331e+01 4.074479967382835355e+01 6.063620810504055925e+01 6.582708557549713646e+01 6.239449922317548669e+01 5.500112039261277630e+01 7.476997680111242062e+01 8.222469887348844964e+01 1.020280498707859920e+02 1.133700403000641614e+02 1.235080515911738246e+02 1.042692897357394912e+02 9.077102339304377665e+01 9.780331389764955929e+01 9.252982409978972100e+01 7.761437036735513573e+01 9.675612259851997976e+01 1.096861384866005977e+02
2.692912384917900415e-01 2.026929123849143366e+01 2.294094905616157121e+01 2.387119865957095755e+01 5.213610835469786764e+00 8.984468259668549450e+00 2.861168762870561721e+01 3.858420007624675208e+01 3.273962884156118491e+01 5.269424595694788138e+01 5.922971038899716234e+01 5.099670188202109244e+01 3.544051092122553115e+01 3.928365685441365684e+01 5.930426463629282097e+01 6.320106359619174441e+01 6.165147616836528499e+01 5.343202343896670214e+01 3.605231823481678077e+01 3.797017901843086918e+01 5.789092695014379331e+01 5.335819965405516996e+01 6.736975956844017333e+01 8.214865671325148355e+01 6.898795743788458878e+01 6.250135817687739603e+01 8.222469887348843542e+01 9.977902113040539689e+01 1.112479510064412835e+02 1.224391830228499458e+02 1.032155099964176941e+02 8.971951140151405468e+01 7.865452534079066993e+01 7.334331220568988385e+01 9.252982409978972100e+01 1.047436659728031856e+02 1.057923467213341837e+02
2.740426242073276120e-01 1.182099656761081619e+01 3.181499649539178165e+01 3.336225098553855872e+01 2.518254861608763306e+01 6.587675523206647732e+00 2.072329775944002961e+01 4.068377224919240120e+01 5.269424595694788138e+01 6.092815966876192846e+01 5.099670126032034290e+01 3.045058374467202356e+01 5.099670602854391888e+01 5.394965730326033793e+01 4.765105506389328127e+01 4.328687360392296313e+01 5.089824385214686231e+01 3.340109123923403445e+01 5.343202343963095302e+01 4.950528984523797504e+01 6.594774967582115721e+01 7.315990825072005066e+01 8.137630557755436200e+01 9.538285158666857910e+01 8.872900636571503696e+01 8.222469887348843542e+01 7.179580547201852880e+01 8.315492491425246158e+01 1.029593187227936397e+02 1.208554286372826567e+02 1.127595005209727219e+02 1.058028698675624213e+02 8.963824542959056885e+01 7.040470485404156875e+01 8.606750857410773392e+01 9.404669906403729840e+01 8.662833564689637456e+01
8.627856460739585787e-01 2.085781834437716498e+01 4.001965337411130008e+01 3.905304429131724220e+01 1.910578902285668335e+01 7.562868221193703278e+00 2.754056175158383368e+01 4.336364267559012120e+01 5.225175108961245485e+01 6.203301981649628516e+01 4.194171308832129341e+01 2.744988697004264111e+01 4.422038912734941363e+01 2.621930868419191896e+01 2.758108524268692108e+01 2.898446019897954429e+01 3.077544717689973552e+01 5.089824385214686231e+01 6.165147625049962699e+01 6.911838530279747772e+01 7.712435924953686595e+01 7.842222127287655553e+01 8.443778973291350098e+01 9.148761194982894551e+01 9.974914150100742916e+01 9.977902113040539689e+01 8.571855970681903614e+01 9.977902113040539689e+01 1.096124011640616231e+02 1.127595005209727219e+02 9.356022287353862055e+01 9.918356110258875447e+01 9.761744692850422211e+01 8.606750857410773392e+01 6.675938891671995634e+01 8.262804561324674069e+01 7.301474669062831424e+01
2.490127916613376069e-01 1.439114841595531757e+01 3.439114955747111679e+01 4.724753165650503917e+01 2.851785941736854468e+01 8.544025830165395519e+00 1.312593274694678591e+01 2.380274772241290293e+01 4.396455478315797905e+01 6.203374776550463565e+01 4.478861347814947180e+01 2.487709521170920723e+01 2.426775225157944504e+01 2.880431092496286993e+01 4.591693252084516530e+01 4.911959260236253755e+01 3.285142889938394717e+01 5.271682700277126798e+01 6.479968807620991811e+01 7.765834353020507308e+01 7.061834782732354654e+01 5.852616978263496605e+01 6.448640625027491069e+01 7.154770356686684352e+01 8.307939183962511720e+01 1.029734542209785246e+02 1.055438289397483516e+02 1.040530082206889375e+02 9.041248489885313688e+01 9.852732433992518679e+01 9.918356110258875447e+01 7.999783614608932680e+01 8.892835974486040129e+01 9.404669906402192225e+01 8.262804561324674069e+01 6.323037436882368212e+01 7.943967471482190490e+01
8.485705281016824308e-01 2.084857052810132672e+01 3.654669027348275279e+01 4.503797744652377588e+01 2.488876557936455569e+01 2.839581844008779044e+01 9.950234353016764288e+00 2.407681953808529585e+01 4.402022906091484344e+01 5.372995045379452961e+01 3.380812683885700665e+01 2.226965777775741273e+01 4.222691477835390117e+01 4.597613649975264849e+01 5.411520995162324965e+01 6.092467524862863115e+01 5.271682700277126798e+01 3.685706672549944329e+01 5.658599259220194000e+01 5.782563799875012478e+01 5.086505156854095588e+01 7.061834782732354654e+01 8.443778973291350098e+01 9.148761194982894551e+01 9.974914150100742916e+01 1.112495675953477701e+02 1.096124011640615379e+02 9.041248489885313688e+01 7.681687752350762821e+01 7.931171796124769457e+01 9.293390442467314472e+01 8.892835974486040129e+01 6.963847824925947805e+01 8.892835974486040129e+01 8.441488359056265267e+01 7.641486262832013665e+01 5.995072489780092440e+01
5.097248530424480784e-02 8.215939879509216226e+00 1.976371220957157249e+01 3.984714780468886630e+01 4.495080935319507631e+01 3.090989966488439578e+01 1.094792056833941096e+01 2.507305537355442482e+01 4.500816374425480859e+01 4.660089454882601956e+01 3.924792106892999044e+01 2.100884473516106254e+01 4.097854268474622330e+01 4.813258969486611960e+01 4.813258969506080120e+01 6.798565490107597498e+01 6.479968807727932756e+01 5.658599259220162736e+01 4.098741610748334807e+01 4.399837270331816086e+01 6.363450295963757952e+01 6.375288899015739474e+01 7.523874195592694036e+01 8.933323017509724195e+01 1.092460519520153497e+02 1.092228417375293219e+02 9.960407044488694339e+01 9.160327317075217479e+01 8.493983876495092034e+01 6.557453552596058444e+01 8.493983876495092034e+01 8.311224163837596279e+01 6.370310096802202793e+01 7.549935032912966903e+01 7.348136764360741324e+01 5.684303995508798835e+01 7.075886563437748578e+01
2.550521787762166648e-01 2.025505217877586261e+01 3.654669100617282140e+01 4.832229838745686834e+01 4.654469527261436212e+01 2.613438727431842423e+01 1.194986186205573198e+01 3.096172842148695281e+01 4.926673744615131056e+01 3.279386767736662733e+01 1.937546563604087879e+01 3.927013345748795814e+01 2.516961796461352918e+01 2.818181541667076573e+01 4.813258969510429353e+01 5.270516797125746677e+01 7.253403306090912395e+01 6.886632455379930207e+01 5.484359161266392135e+01 6.363450295963757952e+01 4.985225325889461345e+01 6.958378303214709604e+01 8.340884450641672743e+01 9.166982705271172449e+01 1.005869686450546112e+02 1.011896982348149976e+02 8.201684810668942305e+01 7.235458805131253257e+01 6.582628887044658939e+01 5.985388075196443225e+01 7.372164021004314804e+01 8.173673878179532437e+01 7.549935032912966903e+01 5.590906939201534698e+01 5.384236034584696284e+01 7.348136764360741324e+01 8.439778431907032541e+01
8.916207294569349351e-01 1.503375635318776027e+01 3.503375635318705150e+01 5.034215143884510013e+01 4.658480232312364677e+01 2.704290291266806534e+01 1.295721108958516865e+01 3.291787485404519487e+01 3.452269759201256960e+01 3.658796176379772191e+01 1.822970773402728284e+01 3.818421417422224806e+01 4.512497597586897768e+01 4.813258969510429353e+01 3.277315234708457581e+01 5.270516797125746677e+01 6.224812407984330065e+01 7.045792730012405514e+01 7.463630505036212526e+01 7.783876024699333129e+01 6.958378303214709604e+01 5.721517513170326197e+01 6.345618988799687088e+01 7.238849099503046602e+01 9.232449778114779804e+01 1.092228417375293219e+02 9.960407044488694339e+01 9.160327317075217479e+01 8.518704479760559423e+01 7.372164021004314804e+01 5.409568080374103971e+01 7.372164021004314804e+01 6.797115624485307706e+01 5.091364560143828299e+01 7.060178009485107964e+01 8.149357348625531472e+01 8.604037747966910388e+01
5.108012481754142797e-01 1.051080124817550043e+01 2.205780663198881442e+01 4.205780953612462980e+01 4.709429698466473724e+01 2.742275273235407340e+01 2.231905028984144579e+01 1.439713855760942351e+01 1.551221667988488484e+01 1.663260024919470226e+01 3.493409070461247978e+01 2.889825133890026265e+01 4.877990098184481838e+01 6.079981244202891588e+01 5.239702371695478433e+01 3.777824927091933205e+01 4.236894476622447314e+01 5.644725536698037160e+01 7.625157066076218371e+01 8.483212821426111816e+01 8.536106599343005996e+01 7.126035160375893440e+01 8.340884450641672743e+01 9.166982705271172449e+01 9.232449778114781225e+01 1.122358621539593742e+02 1.057859285811377248e+02 9.346484526102918267e+01 7.417385635254571241e+01 6.033032589403556756e+01 5.038830942552682757e+01 6.537064810596636732e+01 4.824956332064154196e+01 6.797115624485307706e+01 7.862749139671724663e+01 8.604037747966910388e+01 6.635727720246548245e+01
5.195627768054871254e-01 2.051956277680513097e+01 3.688673511149438156e+01 4.689719455648511826e+01 5.528451849555936093e+01 4.660562348043595904e+01 3.660635466041588160e+01 1.691194530195824086e+01 3.546833161868562456e+01 3.657445313093305828e+01 4.447422898415561576e+01 4.877167026592749011e+01 4.297528414254080786e+01 6.280657820410402792e+01 6.334339690755279406e+01 4.355309174602306399e+01 6.224812407984330065e+01 5.019961916017854975e+01 5.683432923116626512e+01 7.082515402681329419e+01 9.060505874017911765e+01 9.119563563055716315e+01 9.771496125592805981e+01 8.956863700233027714e+01 9.771496125592805981e+01 1.007741734565454834e+02 9.133527174008321481e+01 7.688461489902843482e+01 8.782983460134377651e+01 7.810726266202456713e+01 6.537064637857332627e+01 4.561693161883938075e+01 6.313622226206723553e+01 7.119886437475763330e+01 7.479581755905087448e+01 8.283138711991496450e+01 6.996919340127480780e+01
