LEM_wLE/output/LEM_wLE_example/elevation_000009.asc
nrows	100
cellsize	150.0
xllcorner	0
ncols	100
yllcorner	0
NODATA_value	-9999
[rows 51 to 67 of 100, columns 0 to 36 of 100]
8.885398060199247716e-01 2.088853980601956906e+01 1.412517847404791915e+01 3.350085887287504960e+01 4.704495067840410627e+01 4.799038122566156517e+01 2.184982161162225367e+01 5.429606447832188820e+00 1.596450669872832329e+01 2.049335852712867734e+01 6.344732854829092439e+00 6.575380710104411719e+00 2.059449210374425476e+01 2.753902522957790922e+01 1.074425927614668019e+01 1.304262050078449420e+01 3.317064566885403565e+01 4.532766507745765949e+01 4.494336296406299169e+01 2.711136238728533243e+01 4.494336908985832935e+01 4.602081016970276295e+01 2.262391461089046274e+01 1.349025906822217991e+01 1.132182718341353045e+01 3.090902465389389420e+01 3.179130359390032723e+01 1.234256847217314679e+01 2.939707021214680438e+01 3.289653703518469285e+01 1.339659692631913046e+01 3.353827533576389897e+01 3.362117033668847910e+01 1.427840801154330030e+01 1.676288736600363194e+01 1.975632838149546444e+01 3.884199701401770710e+01
1.344321116831868057e-01 5.677711242192540197e+00 2.547616333716881343e+01 3.009334177793148157e+01 4.990692817952525218e+01 5.588865323931798912e+01 4.252321179247883265e+01 3.027283772828092268e+01 5.768934554497895384e+00 6.010452289970184658e+00 7.574518760136522033e+00 1.308709130999218750e+01 3.199594699668904951e+01 3.311935574055298304e+01 1.326037345524759026e+01 3.322461434209069608e+01 1.686370164860859688e+01 3.704762771208132222e+01 4.937486046864108857e+01 4.494337013710597262e+01 4.117282139404900931e+01 5.298215532743179068e+01 4.200337730523710178e+01 3.139996005560186276e+01 1.154622640261967170e+01 1.168857609878624793e+01 1.195897823236521162e+01 2.962515834965664041e+01 2.757308466998978247e+01 4.434588871732975690e+01 3.658725517539060235e+01 4.916670584643524222e+01 4.077211419846762652e+01 3.108166927969324078e+01 1.467598465423195897e+01 3.518527954706496530e+01 2.634437968490269810e+01
8.052006432555327553e-01 8.963121045001168241e+00 2.294684655530406658e+01 4.264895742893369857e+01 5.837130882726841463e+01 6.856373850249343604e+01 5.800523630190653535e+01 4.034734745575763526e+01 2.607787008217921709e+01 5.968420113957642492e+00 7.704065604624040553e+00 1.851981029752420227e+01 3.839308235378987177e+01 4.196505224511162879e+01 3.354458507296022418e+01 1.720984620221637229e+01 3.704762810649302196e+01 2.077033286376043009e+01 4.107410545564295035e+01 5.362579190499679527e+01 5.860030219501879856e+01 6.462805973863882514e+01 5.210626592418230274e+01 2.766447099344444993e+01 2.617875226329326566e+01 3.157345842244473744e+01 1.200165775258785850e+01 2.794039705422579800e+01 4.004528803287706040e+01 5.293245069110323442e+01 5.843755362769136497e+01 4.932356182407042411e+01 3.985991572380951453e+01 3.422826354146920380e+01 1.504830861934070185e+01 3.580082575832683034e+01 4.642809640460352938e+01
2.804825088837598068e-01 2.028042971474257072e+01 2.505271176284732704e+01 3.882490539039785205e+01 5.848453582978815746e+01 6.430078585178650030e+01 3.811786899240076565e+01 2.586483425032192329e+01 1.816766040443134145e+01 3.099262875647602300e+01 1.958078677102055565e+01 2.834765242367762283e+01 4.715223989119103010e+01 4.378213146372500120e+01 2.334570911525801762e+01 2.101507554944656064e+01 4.145902261142695266e+01 4.107410550878206834e+01 2.488732962490492540e+01 4.528638325256284958e+01 5.755827824414135563e+01 6.577004936912210553e+01 6.254341761621483897e+01 5.107272082430098692e+01 4.589539891435126151e+01 4.349394873219154789e+01 3.325420787511389165e+01 1.610090367357011942e+01 2.766697010893235031e+01 4.781049440855516508e+01 6.286259700459163469e+01 4.405090828140219372e+01 2.154695531250222729e+01 1.564760605220933343e+01 2.582021437076959103e+01 3.860246135881961749e+01 5.353192886791196514e+01
7.810880442414250835e-01 1.230630431388847512e+01 2.626652306867523023e+01 4.557127421537173007e+01 6.157901183219871655e+01 6.781091504178091611e+01 5.816814152364356261e+01 4.789632917642383347e+01 2.865348289664251524e+01 4.848383001269065318e+01 3.941257825128439407e+01 5.122290649818003772e+01 5.053106758262761389e+01 3.006134335694239468e+01 4.378213146372500120e+01 2.501348714384774397e+01 4.557040632238799560e+01 4.528638325356540406e+01 4.528638325356540406e+01 2.935336578980226463e+01 3.710107728083274026e+01 4.898319341463969323e+01 6.935405288473083374e+01 6.158673757650791458e+01 4.131788925436521254e+01 2.925996646795281109e+01 2.014525773751859106e+01 3.038087984482692505e+01 4.460247131913206431e+01 5.594210203864692943e+01 5.513808143741675138e+01 3.292814585888953616e+01 3.732850060256916436e+01 2.036992290061942512e+01 1.621664054522648968e+01 2.586515440637484886e+01 3.963825819349688118e+01
7.232205343510359485e-01 2.072322053435068057e+01 3.630480830364577827e+01 3.329474058473782350e+01 5.329474058473711295e+01 5.054120227913089280e+01 6.255585947896675947e+01 5.933226438646864409e+01 5.009706524077840584e+01 5.937653932211240715e+01 6.725123886387319772e+01 5.597650114295796442e+01 3.746568176937211803e+01 5.055006058095146670e+01 4.987538191828764411e+01 2.922944357786091629e+01 4.987538191828764411e+01 6.553783262580344626e+01 5.337813703533307574e+01 3.290407983145905746e+01 5.333430125885340090e+01 6.597283503161467877e+01 7.764644022421288128e+01 6.984600736168010826e+01 5.820039620308661910e+01 4.403444174504262776e+01 2.325727314850019312e+01 4.403444202253346873e+01 5.927879982622098964e+01 6.944022295027394875e+01 4.917115310494418168e+01 5.515515889020274898e+01 4.289001782370610272e+01 2.965189133035207547e+01 1.659904503514449203e+01 3.609038458122841320e+01 4.659273103677571726e+01
9.494692443194679976e-01 8.020537056184881664e+00 1.696480896618388101e+01 3.696480896618317047e+01 5.267469664819429909e+01 3.533249701415932975e+01 5.255892952626260239e+01 6.174999323137515717e+01 6.844583717407488166e+01 7.678900629548590473e+01 7.845000964745040051e+01 5.793936238195222188e+01 4.358992393174166580e+01 6.414885794966366461e+01 5.450773513188344310e+01 3.379122100594806000e+01 4.840963637315596912e+01 6.922984785989395107e+01 5.747768362495155969e+01 3.701103879312026379e+01 4.591412158420342138e+01 5.773456740197856618e+01 7.784236709738935645e+01 6.869527738714404563e+01 4.829431672559205424e+01 3.610844465211359022e+01 2.658290878633436805e+01 4.158500024272206730e+01 6.223757818506396688e+01 7.686436040175580331e+01 6.928771617456578724e+01 5.928065712390732500e+01 4.180487674558589362e+01 1.712343629873928919e+01 2.618452387705323048e+01 3.898689131226954885e+01 4.754110648733283995e+01
2.836664262828419991e-01 2.028366642628248684e+01 3.630480830364577827e+01 4.205914737798774183e+01 3.378389147581270890e+01 2.489918793187721135e+01 3.349053016963446083e+01 5.347248341718116649e+01 4.844114553607910523e+01 6.520165879623422711e+01 7.533294441843243305e+01 7.103343337589602413e+01 5.037970709719894558e+01 7.103343337589602413e+01 5.970236572971572997e+01 3.892384239742280982e+01 5.359758936571716958e+01 7.444059962199587233e+01 6.174670542063093848e+01 4.131132161402523195e+01 6.174670352731601497e+01 7.450293572323607805e+01 8.608076200384155641e+01 7.718075555980854574e+01 6.535843082028583240e+01 5.161963109362214652e+01 3.048296072098074205e+01 4.288024932784452403e+01 6.359170204186433750e+01 7.508471570459005306e+01 6.444920477718527252e+01 5.074097565609778115e+01 2.931629641544341069e+01 1.749077146016028905e+01 2.933103529995935688e+01 2.478010582463309319e+01 2.699575782590791917e+01
1.404418693552202946e-01 2.014044186935486636e+01 3.784502359224281065e+01 2.956682721388053992e+01 1.384722858088127850e+01 1.720102938082741417e+01 3.715789809756964246e+01 4.795008119184927153e+01 3.689924165238512899e+01 4.689551883947354582e+01 6.694963345112775244e+01 7.946923810349218797e+01 6.067049667109387201e+01 7.946923810349218797e+01 6.825552155280095690e+01 4.817493476266256636e+01 5.088822751769795616e+01 7.174269768212030840e+01 6.817367933822308146e+01 4.784929291241017779e+01 5.054450807328279183e+01 6.498208259634631645e+01 8.515871453659511303e+01 7.541019363007774245e+01 5.493979201527941569e+01 4.014409596900306099e+01 3.675913442681085286e+01 5.168689065392626247e+01 7.217222374955480291e+01 6.674084552282336347e+01 4.507583303582939749e+01 3.408609079055302971e+01 2.650432657876128317e+01 3.837128236295012584e+01 1.800608634583680967e+01 1.836759672632795670e+01 3.819146488544959084e+01
6.646099058385387393e-01 2.066460990583818358e+01 2.564254165079923808e+01 9.614467832934252556e+00 2.956682721388055413e+01 3.715789809756964246e+01 2.242592002046971800e+01 2.796024059403933038e+01 4.795008119184927153e+01 6.481307270263242515e+01 7.534048348003588558e+01 8.975061119076134730e+01 8.139637008069823310e+01 8.975061119076134730e+01 7.754227926003005678e+01 6.021243547730550461e+01 6.565286709053589220e+01 7.174269609186595176e+01 7.530272596226879500e+01 5.513832804797689136e+01 7.088743771218246081e+01 6.236839946357790865e+01 8.278545692064156469e+01 7.289285764852131422e+01 5.228710410383905582e+01 6.093015094801361187e+01 4.334140412460195080e+01 6.462098604191794493e+01 8.141516960241746403e+01 7.558767251139784094e+01 6.460624400280393331e+01 5.572274961797449322e+01 4.803586903728857038e+01 5.092808031410198311e+01 4.117454735708553670e+01 3.811936956637044460e+01 1.887339179240160547e+01
6.164072599657668405e-01 3.135259966179108737e+00 5.671411359248147654e+00 1.719464871598734490e+01 2.589985798320756061e+01 4.588296919286164410e+01 4.240501909094261634e+01 2.997124654758317774e+01 4.410566807245448473e+01 6.409392436693360651e+01 7.823974318072954759e+01 9.335860003115675454e+01 8.504066567814751920e+01 8.695358323911348464e+01 8.949808379983375062e+01 8.107088293621146136e+01 8.644485098858154970e+01 9.242248229502517631e+01 8.351371025130674752e+01 6.532129161840551035e+01 8.351398622310601638e+01 7.414511149027890724e+01 9.137265566426988528e+01 8.182998157778715154e+01 6.413463852923608499e+01 7.274095419795132500e+01 5.063263245952654046e+01 7.271848539953346346e+01 8.655806296095526875e+01 7.733385927037063823e+01 7.004339949486998762e+01 6.326525984566596605e+01 5.705766961032819040e+01 4.704452978815129427e+01 2.684589236133486168e+01 4.151856770406688923e+01 3.873926526642222967e+01
7.616414269703414286e-01 2.076164142696998738e+01 1.459444290608266570e+01 3.392327913317248544e+01 3.718257800820336456e+01 5.416242326665285134e+01 4.996009279701276284e+01 4.996009279701276284e+01 3.996609288673432303e+01 4.996102584754122233e+01 6.994715965202045993e+01 8.178984897298420265e+01 6.502106297735134888e+01 6.692534390958340396e+01 8.109829716823659851e+01 7.572226537639335220e+01 8.403233168379468054e+01 9.251167764849722630e+01 9.346734423783730961e+01 8.528449159255612244e+01 9.346517309649367178e+01 9.538454720028227030e+01 1.045817829370442382e+02 9.441104300692647655e+01 8.511292978471759341e+01 8.305124403711734260e+01 6.241019999201204627e+01 8.173183298341766090e+01 7.736856518555066486e+01 6.030989796781748424e+01 5.042981291032224078e+01 4.329738734492987362e+01 3.694276875507675584e+01 3.266376706227011084e+01 4.154279034271153392e+01 2.195989647107366594e+01 1.986371200183316432e+01
8.582653206718614536e-01 2.085826532067150652e+01 3.458064128788952019e+01 3.091171167773227779e+01 5.090550595527763988e+01 6.545824203355212489e+01 6.995216642338833424e+01 6.824170239647384051e+01 5.995409272794885425e+01 6.824170239647384051e+01 7.823973032050329834e+01 7.348234260059307132e+01 5.353444970497292843e+01 5.284801136072975680e+01 6.939215675585546705e+01 5.575189212266830907e+01 6.419236505492594347e+01 8.393031079246466675e+01 8.109199790578637135e+01 8.950856610882669884e+01 1.013234058334167145e+02 1.030085217547956660e+02 1.018150079027752497e+02 1.047638763275431160e+02 9.612106843638123621e+01 9.429994870041140587e+01 8.828056180515721962e+01 9.452216791718706190e+01 8.655804384872340052e+01 7.779995160311460722e+01 6.635251883543746487e+01 4.637851635805900941e+01 5.705766961030248297e+01 5.240632570632804033e+01 4.035286463525472556e+01 2.036313838692904099e+01 3.944962956749859728e+01
9.616989121453964895e-01 1.510383453587647118e+01 3.510383453587717639e+01 5.090550595527763988e+01 5.009975026936672293e+01 5.838402185488751428e+01 6.993102744262284887e+01 6.695795401896599230e+01 5.841316591784718071e+01 6.564475151947941356e+01 7.535414952104913766e+01 8.178984896196185161e+01 6.281974538376461226e+01 4.306913034016556452e+01 4.954021564969541913e+01 4.454016176329747623e+01 5.489338345498623539e+01 7.559032900029568225e+01 6.058110304488033648e+01 6.782516181148686485e+01 9.196316191971385479e+01 8.670348307329182092e+01 8.230187451866024162e+01 9.281354858324698398e+01 7.713126819222185304e+01 8.264040952136154772e+01 9.648457733773224732e+01 1.089413110683040316e+02 8.759609487484492263e+01 7.085421418079248213e+01 5.830466527830670032e+01 6.296067516691459076e+01 6.798000139643362161e+01 4.707820445459493897e+01 2.149917103838497212e+01 2.071611332270236261e+01 4.071922612777119355e+01
2.866789980725219511e-01 2.028667899807216557e+01 3.277924219243703163e+01 3.855274488456069548e+01 3.009975026760492156e+01 4.164675565139784652e+01 6.164675565554195202e+01 5.616906352453250406e+01 3.820792080305976413e+01 4.282686511768747550e+01 6.592282452351912525e+01 8.067031730053412275e+01 7.111031358433875482e+01 5.535471458113891430e+01 3.599829650233755274e+01 3.766074803847559593e+01 6.847785576816585262e+01 6.884779701790307627e+01 4.799395850111946515e+01 6.455704260239677694e+01 7.950414589970948498e+01 8.757022228136440845e+01 6.889699410310682026e+01 7.702069862505115339e+01 6.636062072370762621e+01 7.709443223143836121e+01 9.580041863350254516e+01 9.767647553350836631e+01 8.895957521071019869e+01 8.640533800018336308e+01 7.846625039775828725e+01 7.909668612332174575e+01 5.567148963068550671e+01 3.631337225762283083e+01 2.536923493700531651e+01 4.004941866478579016e+01 2.121150445227141645e+01
7.776801193288799263e-01 2.077768011932852588e+01 1.277924219191584143e+01 1.855274488381219911e+01 3.269488050754365105e+01 5.269488051009204099e+01 5.573987782381758649e+01 4.751005450390049845e+01 2.682763827417459623e+01 4.523547276480027790e+01 5.982504557076887863e+01 6.065387096093941466e+01 6.065387109112668185e+01 5.153945154586112665e+01 3.162726466861083097e+01 5.153945154586111954e+01 6.151805388441664491e+01 5.321607032592513775e+01 4.075713232055338864e+01 5.079145077461922853e+01 7.106220835451728135e+01 8.695486265490166033e+01 7.702069861523285965e+01 5.788810624295589946e+01 7.702069858605912600e+01 9.088916250877713310e+01 1.036591085292066197e+02 8.884094130250223031e+01 6.928670768704292016e+01 7.474258819939549880e+01 6.930767122411397452e+01 6.434741652480131791e+01 5.975766152100214157e+01 4.918841523983335406e+01 2.946198670731864766e+01 4.823969660045501229e+01 4.043989009630289644e+01
5.059075238208947667e-01 5.219952731731231310e+00 1.936208835546439389e+01 3.855274488452432280e+01 4.683701634286918392e+01 4.995900791106826233e+01 3.592058058995844760e+01 4.104360269151921869e+01 2.091802525689257308e+01 3.442256552185664731e+01 5.080679252475230356e+01 5.896501957892738943e+01 4.070851039659098802e+01 4.801944232659902667e+01 2.818252664384579376e+01 4.801944232645891475e+01 5.321568334676920387e+01 3.323855489443749178e+01 5.321568334759430030e+01 6.838324205222444618e+01 7.948090052380500481e+01 6.759556723569387771e+01 6.762408114114516877e+01 5.354467914032907316e+01 6.323455097718115780e+01 8.278141799445390348e+01 9.769557604367746251e+01 7.873735063250273924e+01 6.523107000883194928e+01 5.522753821406875829e+01 4.952768414322495971e+01 4.439055037799027303e+01 3.971682837833153457e+01 3.541160220554141347e+01 4.955320178104710038e+01 4.865404381598037986e+01 4.196471060008113341e+01
