LEM_wLE/output/LEM_wLE_example/elevation_000002.asc
nrows	100
cellsize	150.0
xllcorner	0
ncols	100
yllcorner	0
NODATA_value	-9999
[rows 51 to 67 of 100, columns 0 to 36 of 100]
8.885398060199247716e-01 2.088853976695046200e+01 9.881112152476518418e+00 2.988111031627981973e+01 2.507580747336669091e+01 4.507579811726987629e+01 6.490634534661413113e+01 6.188003189761059986e+01 5.358329059673801709e+01 4.956145810851383970e+01 3.553116514085394329e+01 1.624510092996850474e+01 2.674728179291681940e+01 7.979612660052044504e+00 2.830042968892604449e+01 4.317059572043017823e+01 5.071429928610385929e+01 3.653266308224515768e+01 3.888571683076142449e+01 3.079461959153185902e+01 4.637724627596126936e+01 3.455533473398826771e+01 1.614007185256338417e+01 1.279189788631208202e+01 1.315974930560212819e+01 2.418937412177617219e+01 4.021062358853001939e+01 4.686682347814451077e+01 3.886437547150121219e+01 3.798183819535971395e+01 2.578952732167296347e+01 4.135094511409378981e+01 4.764120982416449124e+01 3.885230764507987544e+01 2.062471796175789862e+01 3.337690288012014150e+01 4.088137244065949716e+01
1.344321116831868057e-01 3.983433906280684056e+00 2.398343334693685946e+01 2.988111031776776016e+01 4.507579811737492292e+01 3.662281285391989627e+01 5.662278487621734513e+01 6.790265857031171493e+01 5.488360365894217097e+01 3.680710278557329218e+01 2.337507580946244090e+01 3.013784112672079019e+01 1.049186612863456070e+01 8.344503662140564160e+00 2.819720463167580249e+01 2.458409201352949580e+01 3.712212798996675645e+01 3.057043191766144474e+01 2.019814374656738565e+01 1.983396680770633225e+01 3.117212342772154088e+01 3.151226477412093274e+01 1.227098588736335749e+01 3.209578475187618807e+01 1.929453923728108933e+01 3.527145842026190792e+01 5.137810439810063912e+01 3.885788031032149092e+01 1.840725758647928600e+01 1.808367984191262678e+01 2.718822752894158867e+01 3.144603243739650722e+01 3.901221696022610530e+01 1.989376423685641981e+01 3.985131185847847490e+01 2.622662002903891576e+01 3.016096103420897023e+01
8.052006432555327553e-01 2.080520060413376982e+01 2.398343334651230663e+01 4.398342582871372031e+01 5.816505443652670948e+01 5.076494791680579510e+01 6.490634475478391607e+01 6.017335795612675042e+01 4.229505373388224854e+01 3.167712086285896333e+01 4.208795669165528608e+01 4.018284957871436092e+01 3.123339610388001120e+01 2.786318642210256513e+01 8.862591752229528552e+00 2.827601435288731224e+01 9.902567423978224426e+00 1.027034250168879304e+01 1.063911106805610629e+01 1.100921353665160574e+01 1.137977969885413110e+01 1.174960657721923951e+01 3.152704570387021832e+01 4.024573432059521139e+01 3.717801238442079637e+01 4.524798632563243217e+01 4.360844926615176576e+01 3.633687946847486216e+01 1.764274320302320120e+01 3.755960527067692567e+01 1.852583447663640470e+01 1.883967649182649495e+01 1.915372422582318279e+01 3.864263391519419599e+01 3.680357489739161991e+01 4.772544450024858520e+01 4.817973999416525288e+01
2.804825088837598068e-01 2.028048247060631937e+01 2.527598547134094176e+01 3.941812109044678891e+01 5.941811984128855784e+01 7.076482895060807721e+01 7.301452077390722195e+01 5.485442473362129334e+01 4.229505373464271401e+01 4.985131407175583007e+01 5.165006944657959309e+01 3.385544476984389206e+01 2.556417974190059184e+01 1.747989351079674947e+01 8.930824966404989240e+00 9.382203887092208205e+00 1.407732698476187139e+01 2.477023702069919153e+01 3.020232050421409653e+01 3.113344727802812884e+01 3.120465718169263170e+01 1.630726101862165578e+01 3.486163040611224773e+01 4.665201148372018025e+01 3.850447168951293975e+01 3.642376169182685430e+01 1.689358014654609619e+01 1.720222375529254677e+01 2.550125523184116005e+01 4.465688815171573367e+01 4.136061905660390181e+01 3.867365520064039686e+01 2.411285012858515131e+01 1.969867804230367270e+01 4.663990991338125980e+01 5.622157833153879380e+01 6.230022603740721365e+01
7.810880442414250835e-01 8.946053853518614929e+00 2.308818947723599280e+01 4.308818926642110370e+01 6.157882000947299161e+01 6.425473806087370576e+01 7.260264355733666264e+01 6.790322028979753100e+01 5.485442476088629604e+01 6.507875065221855948e+01 4.795915956617891851e+01 5.010345750529235431e+01 3.623500775637440086e+01 1.595630017001440670e+01 2.063791119994267476e+01 2.925794423770812003e+01 1.309496739986220604e+01 1.889023066488077163e+01 3.086474791164008735e+01 4.666259036614144406e+01 4.305179557646625454e+01 2.922316240071292270e+01 4.315497188268969353e+01 3.826039956415611698e+01 2.169200631420626735e+01 1.645977223098730491e+01 2.061697169166826527e+01 2.636838342988420791e+01 3.512344918547879047e+01 5.402216759408901936e+01 5.933880626149858273e+01 4.555174923415154353e+01 3.626243892909670308e+01 2.008086443351518113e+01 4.164598350615718658e+01 5.870536234804322362e+01 7.639495933912230896e+01
7.232205343510359485e-01 2.072322049497535801e+01 3.630477747519982756e+01 3.329474057539898979e+01 5.329473853150405915e+01 4.391494619087973916e+01 6.089092903500780807e+01 7.207355943059016568e+01 7.301453312157819653e+01 7.236493777175461162e+01 6.005534929339103911e+01 3.790379039072097100e+01 2.265342748841881360e+01 3.623552544942054965e+01 3.627913858243899625e+01 1.952995024654221012e+01 3.690185721125148888e+01 3.031397499231018955e+01 3.093174571672431128e+01 4.925957163012556350e+01 5.840531667526636994e+01 4.645915711294009043e+01 3.775804826955445748e+01 1.588946668827990472e+01 1.602950472967764739e+01 3.594426285896896189e+01 2.097144608361806917e+01 3.526672481222207978e+01 5.238937793067089643e+01 6.383846103803262650e+01 5.290189756159615797e+01 3.530924588742472991e+01 2.873288153839046544e+01 2.046039192073826030e+01 2.417943768333434562e+01 4.032659995787463458e+01 7.153202789114396865e+01
9.494692443194679976e-01 8.020537056184881664e+00 1.696480896618388101e+01 3.696480869824054594e+01 5.180880492927541070e+01 3.217074899354609840e+01 4.341486921772774110e+01 6.226547821188579235e+01 7.332969631826114210e+01 7.152435384404286367e+01 5.141278786027005765e+01 3.696172224624884706e+01 2.871271638834350526e+01 4.905202406648799496e+01 4.694193302243485988e+01 2.532419003226217313e+01 4.694192602534819514e+01 4.896999715110623441e+01 4.860204170986229144e+01 5.780625160040621324e+01 5.268208365141820337e+01 3.255501884117875022e+01 2.142819844535097573e+01 2.270646368909639889e+01 1.572685813446727288e+01 2.863696040600503778e+01 3.828283404403767065e+01 3.253504855687207709e+01 5.220784808693105106e+01 6.822335443130951660e+01 5.854535653263504713e+01 4.056012924487931315e+01 2.099379197309819745e+01 3.718971657671752951e+01 4.404741088821706541e+01 5.624033683369916048e+01 5.921875426919941532e+01
2.836664262828419991e-01 2.028366638818326351e+01 3.630477720640842421e+01 4.225484697200718642e+01 3.386047692424261157e+01 2.314694254641086957e+01 3.359502743977868988e+01 5.389905334720913288e+01 5.309994501227210151e+01 6.736112760137100963e+01 6.544829226240254627e+01 5.586966913637071031e+01 3.541619033184331045e+01 5.586966910420685650e+01 5.395156193789292587e+01 3.288592182179228729e+01 4.659534764635309045e+01 6.766193892582836611e+01 6.829688736848324027e+01 6.006937813997940623e+01 5.258936878124756475e+01 3.661752158237884203e+01 3.486384718679012451e+01 1.530023109844765372e+01 2.810684516358235996e+01 2.678595003102302385e+01 4.933440789942615368e+01 5.220776339271913713e+01 6.064621028890738330e+01 5.992271658051564032e+01 3.909980016701984340e+01 4.097007676480613725e+01 2.136917070631805515e+01 4.092459849056024979e+01 4.800374120850189286e+01 4.351501481830242568e+01 5.872863814625137024e+01
1.404418693552202946e-01 2.014044183102953767e+01 3.650994333113337120e+01 2.965827709132081580e+01 1.369188025300497813e+01 1.712256837165453405e+01 3.732088560271623834e+01 4.885267833721040631e+01 3.868024719144849399e+01 5.309994501226824326e+01 7.332969629987901783e+01 6.404440797731986379e+01 4.567118468954611643e+01 6.400439544574085460e+01 6.177747644023273210e+01 4.110305531571986393e+01 6.177764300185566526e+01 7.364833697115000177e+01 5.543932220225590157e+01 4.277687622319655958e+01 4.893205386292386549e+01 5.013221275663943288e+01 3.196956820905558772e+01 1.499934305647164834e+01 3.538959807016488668e+01 4.893748068718981870e+01 3.946835685448728270e+01 5.420621038477655418e+01 7.407587033700458790e+01 5.826400664120543382e+01 3.838026847230158012e+01 2.149804066952387771e+01 2.174266885447966757e+01 3.633048442332555084e+01 3.022421873792310976e+01 3.173845206578274514e+01 3.859602682054714506e+01
6.646099058385387393e-01 1.903854176135336118e+01 2.542235306726941957e+01 9.521334376825494772e+00 2.965827709056757655e+01 3.732088560912465880e+01 2.247501656157908201e+01 2.853496226713706108e+01 4.885267834732923831e+01 5.902509182389487563e+01 7.920318731937355494e+01 7.409332843121312351e+01 6.606816218814967101e+01 7.409312747940083455e+01 7.012578661543035707e+01 5.585532870400729877e+01 7.006748811565029200e+01 7.325760234092595624e+01 6.359521445850491972e+01 4.396495112185175458e+01 3.224489292043548261e+01 3.731961744937179049e+01 3.340381156846623156e+01 1.469871399183980820e+01 2.916100759110756613e+01 5.142431802096621851e+01 5.997328285355255417e+01 5.552223327111597229e+01 7.429113854643459547e+01 6.413246692530040605e+01 4.419304004673663400e+01 4.417141704739492525e+01 4.134186145171451443e+01 2.226559374849905737e+01 2.302192265701550866e+01 4.994517650102527995e+01 5.000346463350432202e+01
6.164072599657668405e-01 3.116407263749613854e+00 5.636170487651770422e+00 1.720348773353149241e+01 2.593875763444689042e+01 4.620824076740588993e+01 4.272665821345613324e+01 2.982332393290838368e+01 4.419286658457497197e+01 6.443734889421294554e+01 7.785245437471776597e+01 7.855851919290094543e+01 7.033966497368005832e+01 6.879975909685404645e+01 7.700786333544321849e+01 7.616282083395947211e+01 7.340501908818581001e+01 5.450700820557354831e+01 5.778900060463247712e+01 5.629294698827136756e+01 4.160423509870310710e+01 2.558521101970183409e+01 3.127925571245112835e+01 1.439829066054106477e+01 3.603791234052307146e+01 5.195328505449802492e+01 6.146717405931274669e+01 7.253739997297118691e+01 8.202823439644861025e+01 7.211109053955968307e+01 5.222120277679199774e+01 5.222187318530701816e+01 4.588542011932605647e+01 3.476170583599898123e+01 2.277785092110251242e+01 4.452513076284098759e+01 6.830442714168718510e+01
7.616414269703414286e-01 2.076164138817179605e+01 1.564728095059629354e+01 3.413008825038248517e+01 3.740943899818122986e+01 5.459880908167852454e+01 5.012206694795418827e+01 5.012233817477442699e+01 3.939238749593086908e+01 4.958437250353906478e+01 6.967125741380378656e+01 6.710414921015025413e+01 5.050121216712305738e+01 4.896914725104635835e+01 5.966733795579717992e+01 6.793952809715706564e+01 7.072422815864578638e+01 5.243028006843219657e+01 4.018818736711395445e+01 4.875431477994274587e+01 3.874867204035668067e+01 2.143812073292956910e+01 2.660959526561582322e+01 1.409792199477587715e+01 2.058203404619096943e+01 2.813485548692615623e+01 4.088869202672805869e+01 6.538888587436146338e+01 7.923185809169923743e+01 6.935146923099675575e+01 5.222655013439265304e+01 3.233244016461747350e+01 4.029699752599633911e+01 2.328385747955501017e+01 4.247162451424214424e+01 5.432599382806975541e+01 6.880209370290538118e+01
8.582653206718614536e-01 1.500040094439643745e+01 3.500040081290391214e+01 3.211434857626296946e+01 5.241534084945703142e+01 6.608296252481027011e+01 7.030200027994777656e+01 6.785774239381011341e+01 5.372357899715041185e+01 6.785544408693607465e+01 7.785263349175657765e+01 5.888592689377782818e+01 3.916067845987804930e+01 3.764330000613432503e+01 3.992431480507586627e+01 5.648058765378079471e+01 6.864502621795516291e+01 6.566248189885432396e+01 4.895261824475498713e+01 3.180705254438134233e+01 2.732705745919081508e+01 3.364634576902457042e+01 1.696047866787817426e+01 1.379755714923576804e+01 3.820804951251283654e+01 5.195383414412138734e+01 6.148492805514837301e+01 7.464155949096736720e+01 7.094479360284749703e+01 5.114008320840579103e+01 4.124489417818261217e+01 4.510221822142761283e+01 2.543454096440735057e+01 2.364083108939662736e+01 4.009042976595466001e+01 4.283608570549403538e+01 5.876834143691188928e+01
9.616989121453964895e-01 1.535290539018317268e+01 3.657833959338025664e+01 5.241534084887869938e+01 4.560481977629689965e+01 5.294008727511204171e+01 6.178023651056535215e+01 7.253902677205034877e+01 7.333247993076588500e+01 7.062532196551985919e+01 6.104932663298165352e+01 5.272928804634968714e+01 4.749754845806712211e+01 2.785388544775856090e+01 2.861682929300618738e+01 4.766091725376083588e+01 4.877675880703939981e+01 6.280706175995229046e+01 5.658924127063140475e+01 4.651513222316797425e+01 3.846969248911165096e+01 2.817002158038038218e+01 1.337144678336478876e+01 3.314523821579773255e+01 4.667475525410596049e+01 5.240971940939125773e+01 7.055876765076465063e+01 7.849997636134388301e+01 7.923185829219660548e+01 6.109995139521801377e+01 5.526195243145589586e+01 5.341803312661959779e+01 3.664765581753361090e+01 4.076192522882353586e+01 2.414195391041541683e+01 4.094229254090648595e+01 5.096070406740581404e+01
2.866789980725219511e-01 1.950019344760108098e+01 3.139871424034189218e+01 3.647515702812921745e+01 2.530171644014240329e+01 3.240240570431858913e+01 4.254418681776942179e+01 6.384384702670674727e+01 6.657070519994911706e+01 5.647886185468849618e+01 4.133969961497961521e+01 3.278095641546345718e+01 4.950722901206245297e+01 3.947829347739253336e+01 1.935847073353136238e+01 3.947829347694860758e+01 3.468758445588058947e+01 5.286330421368757726e+01 5.441432046960022717e+01 3.352953032008748124e+01 2.369901339610909830e+01 2.656061163219787957e+01 1.306936778445986036e+01 3.313072754884645121e+01 3.370365286212493316e+01 4.716637273277119391e+01 6.508154453542984186e+01 5.893885678227366753e+01 7.284229565954548491e+01 8.104022836563103738e+01 7.519412768128950120e+01 6.513046034953308094e+01 5.679560556799516746e+01 5.166070238073621113e+01 4.371110242399839052e+01 2.463686563420213460e+01 4.424195989944639962e+01
7.776801193288799263e-01 2.077768007946328765e+01 1.134310359037565163e+01 1.634375847154129602e+01 2.792015200761978733e+01 4.816848565651592651e+01 6.175755307912957193e+01 7.229542108657662425e+01 5.812601225029315799e+01 3.826649871645684442e+01 2.832295253418851999e+01 2.125991936787579561e+01 3.391879821410677209e+01 3.508579898841756517e+01 1.391279207433722576e+01 3.456060692610531504e+01 2.464184953440200943e+01 3.881426500591462059e+01 5.871505599202198056e+01 4.366227634921406775e+01 1.629765664818616244e+01 1.680508099371053632e+01 1.276772831243805584e+01 2.078248866534177353e+01 4.227224836999603497e+01 6.007511304144686903e+01 6.306310483106307885e+01 4.517015413929677692e+01 6.306311389073938045e+01 7.451382543237090772e+01 8.276670721305393386e+01 8.059560571271616425e+01 6.641997312079546134e+01 4.648487088284852575e+01 3.252835947334838806e+01 4.423766533704139192e+01 2.513153726913694541e+01
5.059075238208947667e-01 4.676196140277744107e+00 1.622614451671673663e+01 3.626822539145436508e+01 4.490192247315559371e+01 5.663840342251115345e+01 6.384247876303864899e+01 7.089075750676767029e+01 6.637313438099752716e+01 5.647639743992513672e+01 4.818327054360364059e+01 3.391879821239133719e+01 1.392887468059194944e+01 2.724898511038561821e+01 9.095986939857546361e+00 1.449913454744681474e+01 2.837894550677654948e+01 4.825809528094833212e+01 5.993670306978962259e+01 4.759037887211403017e+01 2.898841925324109425e+01 1.234492299887676836e+01 2.678267658208349289e+01 3.896383420357923200e+01 4.795819890972268240e+01 5.211174706984974847e+01 4.496467471098755198e+01 3.500924747969077799e+01 5.491961589385567777e+01 5.495478491258310072e+01 7.451361650462858677e+01 7.228001214864788437e+01 5.229098503428089373e+01 4.236806701891520532e+01 5.232335621514565815e+01 5.284649906620815329e+01 4.477058675965128742e+01
