LEM_wLE/output/LEM_wLE_example/elevation_000005.asc
nrows	100
cellsize	150.0
xllcorner	0
ncols	100
yllcorner	0
NODATA_value	-9999
[rows 68 to 84 of 100, columns 37 to 73 of 100]
3.290391679276179104e+01 2.319818702932306564e+01 4.460312702305399313e+01 5.884812091502955411e+01 6.785945741145891930e+01 7.231325971279906639e+01 7.237196135747581138e+01 8.071940666820697174e+01 8.138703749037667023e+01 7.990735548954496892e+01 8.810350315457493764e+01 9.220052546322150988e+01 1.004656922774883014e+02 1.033196508338718616e+02 1.014745309944083402e+02 9.009089533200258870e+01 8.189725048549820485e+01 7.329600624615699189e+01 5.407592121568877985e+01 6.005762112834860034e+01 6.545531790067232691e+01 4.700920213919888369e+01 6.545573128337584023e+01 7.842763890166102669e+01 7.384246418047359839e+01 6.548724340296135438e+01 4.938097516913620666e+01 6.961813666781630161e+01 8.233027072507667299e+01 7.566938904088920026e+01 6.679306135083528773e+01 5.615647515446539018e+01 6.810749246709228544e+01 6.884404030642635064e+01 4.968066071805823469e+01 7.006902272778022223e+01 7.190312729895993016e+01
4.360586530145003081e+01 2.358987299895359868e+01 2.591824438121178176e+01 5.651264410868578381e+01 6.655864021102132710e+01 5.255121584908119559e+01 5.255386958413394183e+01 7.237107080119592695e+01 6.157278209053794882e+01 6.009392715844551702e+01 7.410184213294655819e+01 9.392310457158305326e+01 9.629776877428510318e+01 9.047401316734845977e+01 9.324457626018801193e+01 7.359043220376464944e+01 6.265293387860505447e+01 7.078653796964110256e+01 6.575726728761830486e+01 4.713898553186553642e+01 5.940497532363039568e+01 4.455718333985560520e+01 6.287201919674796358e+01 6.123986879812432704e+01 6.153371245527713285e+01 4.532884891291973872e+01 6.548724340294857882e+01 7.797254171377508669e+01 7.414890224699934151e+01 6.570854935085992565e+01 4.634957856938329002e+01 4.704130840422122617e+01 4.774463509927549865e+01 4.846019270220722319e+01 4.986690861391630847e+01 7.023444787040685355e+01 6.764682160066485039e+01
2.414540320204140045e+01 3.263172188562379716e+01 3.645980996883816516e+01 5.316318141342868131e+01 4.899477885884196127e+01 3.852698104882203012e+01 5.833938448665812615e+01 5.965076467780092173e+01 4.767378804494397571e+01 5.747249981373188632e+01 7.147173917276104760e+01 9.130233580629908374e+01 7.637585614477119123e+01 7.053620830155421118e+01 8.462276284940659821e+01 8.445173964387643650e+01 6.512622768067622303e+01 5.221522560825991377e+01 6.283997494397662820e+01 5.453815455508940602e+01 4.098269663772111926e+01 5.733414360566968782e+01 5.979244027191555233e+01 4.089380914980137049e+01 4.152862151396274015e+01 6.151966242796194706e+01 6.394951547065493003e+01 6.389897336948943263e+01 6.453536523865641072e+01 4.538059752355623289e+01 5.543468672301041522e+01 6.735603184780121921e+01 6.801843003789720399e+01 5.948123431756649637e+01 7.020946900936819191e+01 5.190101927537295978e+01 5.336298122398611810e+01
2.454023046209925596e+01 3.894165437747497549e+01 4.531497747482397642e+01 4.588417126759056686e+01 2.985060898345527036e+01 4.880508351505801556e+01 5.291082743076630379e+01 3.999581542407393897e+01 5.965076467780092173e+01 7.557723996490319962e+01 8.547904958032620470e+01 8.859598827134345811e+01 7.637585614475358398e+01 5.653011836745630347e+01 7.223659319992586347e+01 8.047748202788859828e+01 7.886152583344740208e+01 6.286687380267403569e+01 4.475277446476976451e+01 4.684648195270111870e+01 3.868714664168181372e+01 3.934104509574295605e+01 3.998853102855779440e+01 5.903383971435878408e+01 6.133345601545629933e+01 4.244560102462970264e+01 4.309199022878648577e+01 4.374432358941059107e+01 4.442140194264295161e+01 6.439659958080783042e+01 7.342192663252774310e+01 7.138951167860142277e+01 8.562632651052037147e+01 7.843605356002250062e+01 6.625974396494679297e+01 7.223961245081184757e+01 7.367658707641324156e+01
4.594796384054232874e+01 2.509545983822496495e+01 2.548721225285327563e+01 2.587877374213502790e+01 2.627098220816439422e+01 3.869177304935070083e+01 3.313197484082699873e+01 5.291082743076630379e+01 6.784814819733973934e+01 8.163784402744754232e+01 8.987397759113531492e+01 8.035250533896449099e+01 6.047266180896310317e+01 4.921418352215140857e+01 5.251171546651707445e+01 6.904081863683478559e+01 6.713933930884334700e+01 6.045874147425445244e+01 5.644183605948264670e+01 3.778694762183333467e+01 5.609552373366450695e+01 5.985894601249096780e+01 5.408241675315384356e+01 5.967521835945341735e+01 7.020837372758586525e+01 6.177747105778412617e+01 4.758349292461467428e+01 6.378894370729369712e+01 4.570228942676496331e+01 6.475942091463903694e+01 7.656033879746333071e+01 8.982605935150073151e+01 9.721863407677814450e+01 9.459680063884087531e+01 8.045679367814219063e+01 8.663050255947973710e+01 6.855631772911745259e+01
5.575286607082490775e+01 3.707492206156161529e+01 4.550456923268864529e+01 3.266579346951647977e+01 4.631115508825854477e+01 2.683054661529076057e+01 4.688429152529263177e+01 6.106649371312344954e+01 6.762515248254190681e+01 6.182090559929119422e+01 8.163784402744754232e+01 7.804667559342102834e+01 7.711468600156626962e+01 6.084842973070984584e+01 4.134376125472333996e+01 5.439941259113925298e+01 5.194934249358841782e+01 3.624584514454239326e+01 3.688276443930024584e+01 4.216581950256997402e+01 6.067635297791744620e+01 7.698588910931933071e+01 7.459154186746491177e+01 7.895966699632273844e+01 7.413554327167894087e+01 5.494922321728639503e+01 5.913481480113766509e+01 7.401873051386621682e+01 6.674009558339561465e+01 4.951089642629415977e+01 7.046118811822071848e+01 8.485155721021376962e+01 9.200188070776015081e+01 1.002820010585490706e+02 1.004869478084646062e+02 9.105671599162492669e+01 7.144989633222229486e+01
6.675369145046131791e+01 5.822492381703205666e+01 5.830418175901642996e+01 3.783863100039872052e+01 3.792391448734559845e+01 2.723053246491675239e+01 4.714849141857118298e+01 5.706009644762209376e+01 4.792742291523784814e+01 6.762515248254190681e+01 7.405417226854116564e+01 5.854493106506600242e+01 5.944170495098229878e+01 5.303921034900987053e+01 4.842515163356750918e+01 3.470301277495023129e+01 3.534216632124918078e+01 4.476106353836260610e+01 4.144353068653184380e+01 6.033308698919372404e+01 5.028639678831382298e+01 6.425699158771462294e+01 8.502142191113385650e+01 8.246443772847929665e+01 6.382815389133291006e+01 6.628403743584294716e+01 7.851232494831788244e+01 8.658016056817615436e+01 7.361576820397749543e+01 5.314671933376409640e+01 5.843784356210463216e+01 6.462581539584914481e+01 7.177771177658966906e+01 8.349263284145719410e+01 1.036257294602286549e+02 9.969804445366860080e+01 9.146067306028116661e+01
8.185148624087132418e+01 6.191455610949986266e+01 4.770797235522512381e+01 5.133081915052872546e+01 2.845078516531061652e+01 2.763526591988692260e+01 4.769715375243825406e+01 3.735012243355721751e+01 5.709584713769142184e+01 6.960159780218890546e+01 6.563798339019332673e+01 4.916185454028445889e+01 4.125521114411832713e+01 3.316887588136462739e+01 3.380468044665413174e+01 5.355921284771572033e+01 4.332707267792129358e+01 4.754190223776925706e+01 4.568031609058378706e+01 6.354019157882156321e+01 7.018677521945454600e+01 6.422152547134184886e+01 8.458816206429065687e+01 8.893441254959324738e+01 7.061915784199092627e+01 8.497124655628449830e+01 9.301989100064540139e+01 9.514627005695507478e+01 7.681397663727415193e+01 5.660224341161899275e+01 7.681397663727415193e+01 8.485155721021376962e+01 9.200188070776015081e+01 1.002820010585490706e+02 1.118649517490828771e+02 1.127038709650532269e+02 9.272463995676507409e+01
8.185148624087133840e+01 6.191455610949986266e+01 6.191455610949986266e+01 5.924512279041194773e+01 4.522101088206000696e+01 4.765740352401051183e+01 2.821553358382957200e+01 4.700275138787213791e+01 5.667429224926929976e+01 4.932888190778130166e+01 5.830176252702705852e+01 4.193813215298225572e+01 3.226923910609564672e+01 5.195302161465544089e+01 4.658236059616540103e+01 6.087297200890657223e+01 5.260024217257155499e+01 6.256285749408457519e+01 6.353936511498330475e+01 5.299382146279913997e+01 7.212202969251238471e+01 8.458816206429065687e+01 9.296658706946790574e+01 9.676657469997181238e+01 7.979026418743114846e+01 9.676657469997158501e+01 9.858462327322635588e+01 7.839815166496167365e+01 6.670261680213303634e+01 7.681397663727415193e+01 6.199915236558158682e+01 8.221757824816882021e+01 8.492901717421521823e+01 9.920535602531354868e+01 1.191368604175899293e+02 1.104115370758057395e+02 9.272463995676523041e+01
9.008949959119127016e+01 8.185148624087133840e+01 8.185148624087132418e+01 7.252366415013636924e+01 6.197599341755144309e+01 5.047940594346516718e+01 3.065323653881605992e+01 2.881461558768370423e+01 4.886495718302286662e+01 3.403512359818745381e+01 5.040772864782677942e+01 3.137387303312704034e+01 5.128765913927160369e+01 4.312803994341572889e+01 6.218785313737110698e+01 7.190597544914086825e+01 6.719078239271026121e+01 7.305503957090174083e+01 8.042289995445817397e+01 6.372103558694567482e+01 6.631461545792667778e+01 8.650183136275458651e+01 1.040575184667516737e+02 1.060512272205894959e+02 9.807856091175544577e+01 1.060512272205894959e+02 1.068579274930893774e+02 9.523927266427128302e+01 8.102563460500435610e+01 9.052922523567885094e+01 7.103202283852969856e+01 6.837369795278790718e+01 8.862003087966972714e+01 1.029859590832870140e+02 1.112155825446883028e+02 1.022144899376341272e+02 8.208287184526980695e+01
8.007884683628523703e+01 8.266378848915954336e+01 7.351050133017616872e+01 5.856088155006277418e+01 5.380006696625786589e+01 3.417519428959161587e+01 5.044729414715311577e+01 4.286881582795400902e+01 2.942223740556199019e+01 2.985594349975367479e+01 3.048195926491049690e+01 5.044825120397941731e+01 5.947117454908964618e+01 6.293360726375764358e+01 5.720078422964598275e+01 7.677386638339493174e+01 8.730852754262521387e+01 9.293903465380496698e+01 9.199525456683682023e+01 8.364546869475772439e+01 8.650183131910770840e+01 9.489424500453250744e+01 8.415657409274137990e+01 9.813773321902495184e+01 9.777335420347586137e+01 9.565367895571641554e+01 9.416094587532083438e+01 1.024077473613152733e+02 1.011842571744199972e+02 9.126686917442674485e+01 8.537687202951887855e+01 8.862003087966972714e+01 7.604248370704949878e+01 8.281547901971391923e+01 1.029859590832870140e+02 1.104115370761161756e+02 9.221937365520466301e+01
6.023003224652868681e+01 6.280163968771523741e+01 6.231967892102694151e+01 4.118263160467434147e+01 3.773437793484845315e+01 5.380006696625786589e+01 6.160322315442435581e+01 4.872689682397119526e+01 4.945266393831485630e+01 4.987106673831355863e+01 3.059939139823949361e+01 5.052161483510020190e+01 6.566498045794627103e+01 7.400357070654536074e+01 7.677386638339493174e+01 8.470311663089286469e+01 8.787206759824981361e+01 7.952326934481722276e+01 8.787188362672075925e+01 9.662577228492361314e+01 1.022315295184669566e+02 8.826095355032197176e+01 6.986907791382299138e+01 8.404435063797578209e+01 7.770846957042266467e+01 7.557583363982696767e+01 7.407345074227950477e+01 8.830422580591192627e+01 1.083003188979105147e+02 1.113075824194418431e+02 1.054865801640018645e+02 1.045216139483850668e+02 8.776957710593124773e+01 1.029859590832870140e+02 9.714309129891007899e+01 1.170918897314827944e+02 1.064311473739858798e+02
6.861912838272193937e+01 4.935439546753082851e+01 4.594501638752265649e+01 4.279113764644474571e+01 5.721766087545675106e+01 5.144920262410544609e+01 7.114395101985216741e+01 6.809093724833091699e+01 5.809017514509319113e+01 3.831104941875432246e+01 3.109013489452355472e+01 5.014963447580224454e+01 4.533557420514799929e+01 6.253033570545574094e+01 8.477758926427797803e+01 8.708673963173548316e+01 7.773896865428167757e+01 5.921159571514195363e+01 6.798010025594625461e+01 8.228818570717473335e+01 8.809517632932559650e+01 7.404332859626383367e+01 5.983753747828718161e+01 6.398248187379873997e+01 6.350143338917980174e+01 6.137479283969632604e+01 8.145649845372933839e+01 9.996322588622466299e+01 9.797876624027212245e+01 1.054971729080413496e+02 1.023313737858216967e+02 1.102067255274222930e+02 1.078639673390622420e+02 1.160788098001392967e+02 1.170918897314827944e+02 1.252880737904667541e+02 1.261558083628971758e+02
5.630283340309846807e+01 6.861912838272193937e+01 6.473195644195121190e+01 4.624640497803668637e+01 5.923910326216919486e+01 7.114395101985216741e+01 7.937237438030997794e+01 8.150841331585937155e+01 6.655087097483054492e+01 5.704608931541839922e+01 5.110511109077610570e+01 3.192837454798398866e+01 5.185969530221323964e+01 7.032849888341498001e+01 6.884987805129178184e+01 6.683683179873801805e+01 6.678591024243850427e+01 4.939776976594306035e+01 5.383185401333068398e+01 7.392036744978170759e+01 6.806173022195508793e+01 7.504202711325937969e+01 6.618643319714975348e+01 5.004173283822618146e+01 5.206612294930710050e+01 7.198989163886604103e+01 7.163613945362200752e+01 9.170913221785045266e+01 7.720433248342813215e+01 8.847351289811943786e+01 8.330617115919264393e+01 9.960191745103765015e+01 1.143859421562407306e+02 1.098085902898891675e+02 1.161330802330742955e+02 1.231410731343161018e+02 1.312885959489707659e+02
6.767460287139168429e+01 8.016648703512974805e+01 6.053001041170608687e+01 4.980684539582961889e+01 6.882936197066028683e+01 8.693686283445765639e+01 8.738038304746199003e+01 6.737050699710583501e+01 5.349486623440504474e+01 5.927548117524785454e+01 5.263836644457302327e+01 3.260234671841815413e+01 4.416379076356205502e+01 6.303603402750029261e+01 5.382741458419194203e+01 5.605093045762225756e+01 4.694669376540301187e+01 4.246268591531535463e+01 6.117723266534370907e+01 6.067914449147705369e+01 5.407138874720195787e+01 6.429412833663856475e+01 4.736838889604926806e+01 6.702789495085596627e+01 7.198989163886604103e+01 5.528909792568274639e+01 7.531960225687093669e+01 8.142207491608928649e+01 6.551410163220184302e+01 6.861393475677125764e+01 7.182079887871888957e+01 8.606415200307718294e+01 1.015929226317508380e+02 8.968436054401824720e+01 9.613324423653676831e+01 1.033194234183971361e+02 1.148508850033245778e+02
8.761597825637312553e+01 8.838824073477736931e+01 7.328153743895663297e+01 5.387495449374203815e+01 6.748152728130718003e+01 8.728400062345555455e+01 8.492290451959196673e+01 7.341803935764693279e+01 5.927552673912180126e+01 3.909318820456519461e+01 3.445894844228741505e+01 3.330393146168011498e+01 5.308937587250608203e+01 5.456145518013543949e+01 5.330543936990420661e+01 3.642159679653713056e+01 3.707606270437334928e+01 3.773575504465309649e+01 5.378855531855560201e+01 4.121222718697172382e+01 4.298470246083983426e+01 4.476239082137981740e+01 6.429412833663856475e+01 7.521126828234918094e+01 8.357557903975451552e+01 7.292501216875093917e+01 5.875839986735757492e+01 6.132019021554937410e+01 8.142207491608928649e+01 8.870842723652070561e+01 9.195262920466204548e+01 7.690340871644036724e+01 8.139541874609120953e+01 8.968436054402528157e+01 1.098086151863321760e+02 1.231410731343161018e+02 1.312885959489707659e+02
9.987382705985021403e+01 8.102821011452647326e+01 6.127799254545327301e+01 7.328153743895663297e+01 8.149586999569443435e+01 9.201164695921835346e+01 7.663369528021098631e+01 5.674185531330526544e+01 4.566857763703032447e+01 5.927551141428466508e+01 5.558104447521413505e+01 5.229089092415904361e+01 3.422535944802766039e+01 3.487288612234188179e+01 3.550831296450655827e+01 5.517744951630687922e+01 5.094072779889435054e+01 5.727511253871359997e+01 3.866704535944076326e+01 5.818670476065382502e+01 6.246436794219259525e+01 5.831381316590908170e+01 5.608005458190431369e+01 7.202080671019318459e+01 9.453688651090909900e+01 8.700553186646666859e+01 7.295676976244337197e+01 7.291785386259059010e+01 7.079239421800933485e+01 9.093978275326250582e+01 1.053306636169880761e+02 9.707662843929639962e+01 8.700881984352093923e+01 1.071444370350717321e+02 1.039969033229749442e+02 1.238393287874537236e+02 1.352128406180540310e+02
