LEM_wLE/output/LEM_wLE_example/elevation_000001.asc
nrows	100
cellsize	150.0
xllcorner	0
ncols	100
yllcorner	0
NODATA_value	-9999
[rows 34 to 50 of 100, columns 0 to 36 of 100]
6.278687791629389281e-01 2.062699789901846259e+01 3.266569489862362019e+01 3.129336300001308402e+01 3.417212525553505742e+01 5.341122705591473618e+01 6.577831361196389537e+01 7.848163281888164988e+01 6.538838954281641236e+01 4.818795543361905942e+01 2.728535672417070401e+01 4.818796951568570819e+01 4.741588843785483220e+01 4.399347138199236440e+01 6.552177429118638941e+01 7.821350829671150962e+01 8.431034917809526519e+01 7.464728142197871819e+01 6.625607544740250887e+01 7.433183159295055020e+01 6.557728741431233743e+01 4.513748258661230750e+01 4.872881328350981534e+01 5.654158984515107278e+01 4.002213642557691742e+01 4.315701001406802817e+01 2.274171583526640106e+01 2.583039124102924688e+01 4.505625675578796319e+01 5.795257027532937855e+01 4.953135839337677027e+01 6.108693603485897228e+01 8.083071727350677804e+01 8.033861945115458525e+01 6.210964814316058380e+01 8.025647569961421368e+01 6.887446405560856988e+01
5.760807145981240440e-01 2.057520663247060355e+01 1.968820321353739544e+01 3.895273357378108869e+01 5.110956513058624751e+01 6.016204871063969506e+01 6.871361426682732088e+01 6.622878463001244143e+01 5.704759092488559702e+01 3.496677367950711357e+01 2.326287000290686890e+01 3.845762648499265879e+01 2.612557585183455799e+01 3.389693893105237521e+01 4.499334737344737789e+01 6.864123791269683750e+01 8.450625758487468886e+01 7.658958112143005792e+01 8.448961546698427583e+01 7.863770349297527673e+01 7.061633208168804288e+01 6.573215937973041889e+01 6.472640811183296705e+01 6.770013022174980222e+01 5.992582968938675947e+01 4.276032995738748355e+01 2.234589693340737782e+01 4.276014812223761652e+01 3.233456561809010310e+01 3.785904345354633449e+01 4.953718042885001438e+01 6.969229700424979512e+01 8.880093810972807944e+01 9.030748563224159398e+01 8.212798648708229621e+01 9.030762311634902062e+01 8.926163504746196509e+01
7.930105716671143057e-02 7.152124130428517468e+00 2.805228175189907347e+01 3.512276983415813447e+01 4.741870960305448790e+01 6.135574020390991734e+01 5.850592318124915181e+01 4.270494657203963840e+01 5.300924804830850690e+01 4.308324912930003592e+01 3.413278414680547002e+01 1.800287753269538982e+01 3.221927990475008841e+01 5.350476406879402447e+01 6.552168725062423960e+01 7.518239098988553337e+01 7.511439823876233390e+01 5.796430506704335528e+01 7.511254523500223002e+01 7.061097133164224715e+01 5.072966177515170472e+01 5.655587968264384102e+01 4.463476395071897684e+01 5.866116894859775499e+01 5.001606316432616950e+01 4.180477317567240902e+01 2.195245295144533060e+01 4.235334472900904501e+01 5.237184528376445058e+01 5.795247937097293089e+01 6.610922559798149223e+01 7.799980648144379813e+01 8.335310345162048407e+01 9.154491755884825466e+01 9.327445784926298700e+01 1.013249802888115596e+02 9.526461093160784799e+01
6.786017468061785740e-01 1.956090151537053501e+01 3.496071468003620453e+01 3.901135493995720793e+01 4.488805563096263995e+01 5.385328969081694339e+01 5.112558080483919554e+01 2.995125834934615128e+01 3.225381260919346005e+01 3.412402378347705678e+01 1.382720923593308093e+01 3.413279668154127222e+01 4.747109610838824523e+01 5.507877798502385502e+01 6.435289518844749068e+01 6.167089416162659177e+01 5.808913144861228517e+01 4.890514635254337605e+01 6.727540674173435775e+01 6.806182127160001016e+01 4.813479201812469910e+01 3.642058705359566773e+01 3.024896175261267928e+01 4.309458649204186287e+01 4.123926295253446739e+01 2.140014391967899954e+01 2.497769932810302862e+01 3.386693574050293876e+01 4.613780198180267433e+01 6.069404441333099953e+01 7.807652613572743405e+01 7.967419876165098458e+01 6.347206708917398998e+01 7.900199494278395207e+01 7.314957775644283799e+01 9.326362668184171412e+01 8.379213934150051557e+01
1.053273305859350195e-01 1.580874103624793925e+01 2.806211811942645440e+01 2.261567082901977699e+01 2.568222097400030890e+01 4.449046342401801013e+01 5.474703547653245295e+01 3.819656335050160578e+01 1.876671461022720777e+01 2.934376597890986460e+01 1.101453501286968972e+01 3.125416777139108859e+01 4.026584196388201775e+01 3.415490523384666943e+01 5.507026487083732036e+01 5.808776733426117289e+01 3.973870777833122503e+01 5.808773787007530842e+01 7.396090945894870572e+01 7.612822628087509713e+01 6.469809888789272634e+01 5.655587554408223383e+01 4.309462241848900987e+01 2.356140905946941899e+01 2.085424968091809106e+01 4.124650388639843612e+01 3.699920675733091713e+01 5.336063970056320471e+01 6.172986697715630555e+01 6.734036347624365249e+01 5.761984502297819688e+01 6.403594454213528309e+01 5.191948833641436067e+01 5.902591044555351374e+01 7.904828729928513553e+01 9.081620917241038171e+01 7.503600459723524807e+01
6.652624653148981881e-01 6.004776222372307792e-01 2.059975053113457477e+01 1.153833114222004674e+01 2.308810598391638891e+01 2.249735888665821548e+01 4.623001514231845022e+01 3.987272144781571370e+01 2.589706181209395197e+01 1.016656353788109257e+01 8.257539594859851562e+00 2.850400908361322294e+01 2.177723960898483213e+01 4.013391111926343058e+01 5.347449354775427111e+01 5.307312232991948520e+01 3.447943506585829709e+01 4.765244161769518882e+01 6.340569968029635817e+01 7.271352930177823737e+01 6.625882406852562667e+01 4.629667761809466953e+01 3.457426813164295964e+01 4.085358826330447357e+01 2.046409616928809783e+01 4.085268765823003889e+01 5.743693552260294410e+01 6.552523316017175148e+01 6.127420845647210967e+01 5.306815642175055814e+01 3.903244014434346809e+01 4.393298791007497073e+01 6.403673025365191052e+01 7.900181715988631481e+01 8.461865212436865136e+01 7.018452118834618148e+01 6.694788978093595233e+01
8.924248754756384239e-01 1.679307088521326818e+01 1.095935220701765855e+00 1.577694735158226536e+01 2.022137998956596849e+00 2.583447622574452396e+01 4.332472775336733406e+01 2.740663204627322358e+01 5.210709267456205218e+00 4.428198950063888084e+00 1.048358128878533435e+01 1.295548655309804431e+01 2.416633902230699249e+01 4.017291442062035145e+01 3.464643532480032917e+01 4.332776017028446347e+01 2.978294606936663413e+01 3.704442827792021120e+01 4.638668112992110082e+01 6.490048808262741886e+01 7.432958501462225342e+01 5.473370778712509832e+01 4.952124773794299273e+01 2.926240874863208319e+01 2.005954399684990719e+01 3.990927288394089345e+01 4.724383327872165239e+01 5.508482121475211102e+01 4.743998312243701321e+01 3.270749006426638061e+01 5.306813220530543163e+01 6.403596010388011450e+01 7.219726851117016508e+01 8.708956917456953306e+01 7.439970975965476896e+01 5.571517254694163768e+01 6.175219961785425937e+01
8.870506738290029336e-01 2.088534551662776195e+01 2.109505757393586478e+01 1.592087307746827385e+00 1.943368210188329170e+00 2.194146175815883737e+01 2.910801949324556759e+01 1.735640287477977139e+01 3.930946487556993496e+00 2.231486541290306391e+01 4.930580311257278581e+00 1.801298269629415927e+01 3.049562235049085146e+01 3.582799760752333640e+01 2.094157921642001341e+01 2.423790695867521094e+01 3.394313652944374837e+01 5.271395997426669311e+01 6.340574990102486197e+01 7.271361493331818338e+01 8.256675909207964992e+01 6.582724797820708318e+01 4.585712135376233789e+01 3.520047224259418073e+01 1.974523287400480953e+01 1.955384703163834814e+01 2.120565914533255736e+01 4.659878758201725191e+01 2.708548885585105381e+01 4.743974027506935442e+01 6.127339729280976144e+01 7.535496342386439039e+01 8.391662978462494493e+01 7.259338735508514162e+01 5.809702792759594558e+01 4.552950967868358845e+01 5.413033654292196672e+01
9.587146228554132010e-01 1.938331313020912106e+01 3.193629832272181801e+01 2.350193460114375554e+01 2.095087240140635387e+01 2.440353625602067034e+00 2.160297204418899497e+01 3.434183475549315911e+00 2.279601160863301601e+01 2.498412067068810316e+01 5.286772386352857289e+00 8.086744531956401971e+00 2.780384583208471483e+01 1.645061932235648072e+01 3.582802264628050182e+01 3.789279958699555806e+01 3.989109851641443782e+01 5.271416950124995537e+01 7.143536581999116208e+01 8.424625553247706478e+01 9.218975782858623802e+01 7.389737976541530884e+01 5.512203227637121472e+01 4.252529138785621399e+01 3.879413036282268479e+01 3.023364213617984930e+01 1.902155105357917364e+01 3.880753070291627438e+01 2.344094908142470146e+01 4.377107804614229991e+01 4.714988793282209656e+01 6.727682951641183706e+01 7.568536843423645166e+01 5.633277608598768182e+01 4.330937246562535847e+01 5.004132817803095179e+01 3.382604705448680704e+01
4.749594815986911134e-01 1.461708565880639199e+01 3.461414478849711429e+01 3.514494727227052806e+01 1.472738924285925677e+01 2.597941083185386635e+00 2.919148494338586808e+00 2.292755743407151314e+01 3.088811085958242231e+01 2.576814812101873997e+01 5.646962572250641799e+00 2.528413627081547688e+01 1.216004576477326538e+01 3.166571733295981517e+01 4.364423456990098060e+01 5.712085730903558556e+01 5.862161270441774974e+01 6.641051626879682601e+01 7.018633615703774353e+01 6.435216484858975150e+01 8.424618684455857931e+01 8.293031699550634528e+01 7.176988448998088188e+01 6.316761057870441221e+01 5.550540456219730601e+01 4.725661895902366894e+01 3.880750087692066330e+01 1.849588256679398413e+01 2.639599583658466742e+01 3.047770725909163758e+01 5.084315678597053534e+01 7.063133872330163854e+01 6.768158409941042919e+01 4.801432812704586439e+01 3.652266320250462428e+01 2.666151185574050331e+01 2.675283310097180589e+01
5.246131949027718067e-01 1.466673924788500472e+01 3.466377196310698139e+01 4.414281001295327655e+01 3.143956917302474352e+01 1.211576002020340326e+01 2.314868271676170508e+01 1.496438033282998958e+01 3.460584500444306144e+01 2.619991561280066961e+01 6.008248646922271341e+00 2.600003365194830351e+01 2.797198683555285115e+01 3.010194494033909507e+01 4.657732804892437173e+01 5.369521634542774535e+01 6.227384217491738383e+01 6.031139978690158898e+01 5.043632283910536529e+01 6.435660740173149463e+01 8.434668632188599702e+01 7.910286646897053231e+01 6.894634680012592298e+01 6.080701647106372576e+01 5.908226924507015099e+01 5.087934795865134419e+01 4.585922081424530461e+01 3.772212066770524785e+01 1.797892819110178664e+01 3.826025923699344844e+01 4.252266144422554817e+01 6.254297261231304361e+01 6.562358111791122894e+01 4.544589312232525202e+01 4.530961924907043681e+01 2.603571572532214518e+01 4.580404617261223166e+01
4.470077517107070575e-01 1.199401284069650409e+01 2.613609979327088695e+01 4.612928159268479078e+01 4.261590091543249770e+01 2.704161769931174319e+01 4.097352680093825938e+01 2.608301054749253112e+01 4.165893909398870676e+01 2.651745087205008033e+01 6.369929347144746679e+00 2.645343710257723657e+01 4.210016147360825300e+01 4.619130883315212799e+01 3.943125275365603244e+01 3.376760481135646330e+01 5.393465238047235744e+01 4.077158205333118701e+01 6.031040904195101859e+01 6.950018927327337792e+01 7.937439368609793178e+01 6.929938717591767272e+01 5.116011414039404315e+01 4.072220091624696892e+01 4.439897552663872915e+01 3.055105076720453994e+01 3.652683152615164630e+01 1.746734772798715341e+01 1.753356052124836850e+01 2.594254547406031719e+01 3.770478862013234789e+01 5.779642936116982099e+01 5.984872594912975075e+01 3.951762660532849480e+01 2.530176638533369626e+01 4.470900692931020615e+01 5.262350665310136577e+01
2.599182575669619633e-01 2.025906028500735090e+01 3.334486419812673574e+01 4.161882819254993393e+01 5.163263999165907592e+01 5.004158557648510453e+01 5.434322428890227030e+01 4.597695278172542288e+01 3.592771899418143278e+01 1.154523930432088186e+01 1.328043079421474104e+01 6.882400927835880644e+00 3.386174030745643648e+01 3.483610715263646540e+01 1.953697623520625726e+01 3.943099791367120588e+01 4.824525180934477930e+01 3.489457487926012647e+01 4.177427414044833398e+01 5.145038735095715765e+01 7.124036827537371153e+01 6.117836297056602746e+01 4.114177462789879769e+01 3.089827906438401683e+01 2.395157305412335802e+01 1.938776383826029459e+01 1.696290107201509656e+01 3.717953042800350261e+01 3.854142889166926267e+01 2.913372640123430202e+01 4.934897158289072649e+01 6.592417530401768033e+01 5.932595426805238503e+01 3.888830582867529273e+01 2.621636089988865947e+01 2.456381301487197177e+01 4.395942875795356741e+01
3.519420047721200095e-01 6.676497325475253319e+00 1.334316402620825670e+01 2.334319827878138653e+01 3.748826691892029572e+01 5.754013372602711485e+01 5.955360324354873569e+01 4.941295789882734368e+01 3.223995360673616517e+01 1.553958505829879400e+01 2.041254728530865492e+01 7.244777156194817103e+00 2.691040179676712540e+01 1.490583767602763743e+01 3.483614916916230442e+01 2.477400099051167714e+01 2.860190416887627407e+01 4.824530205125548576e+01 6.133850736726962793e+01 6.950049455325350323e+01 7.937444766158844800e+01 6.929916276944190656e+01 5.934416555152089501e+01 5.115798840917295820e+01 4.440421562038768144e+01 3.679782095675610520e+01 1.661204542412305329e+01 3.671503893146629594e+01 5.279892393265154027e+01 4.934894520156103681e+01 4.348630555668307807e+01 6.351592419843280624e+01 6.753690607030051751e+01 5.589679419099002189e+01 4.155861535814823071e+01 4.395939930927492156e+01 2.382213578951093069e+01
2.695761837762450375e-01 2.026840692743719785e+01 3.334483145301083340e+01 4.161876050825870976e+01 5.018115964194049639e+01 5.810373940624391054e+01 5.124417283156653014e+01 3.181730298597970830e+01 2.337818850347895960e+01 3.191645789055595372e+01 2.754469549343352242e+01 7.607360337975665132e+00 1.057415511608948044e+01 3.078348784069309119e+01 3.470461653055789242e+01 4.453297739894500040e+01 3.996899509858446464e+01 4.824527118799931458e+01 6.790256820957536377e+01 7.301443113432635812e+01 6.500552775576096565e+01 6.034926910192137939e+01 6.837713990857336910e+01 5.790897167236600040e+01 4.972714053943034429e+01 3.653960229667957549e+01 1.626424355769331953e+01 2.520777888823767654e+01 3.690561655007783770e+01 5.656166150982513585e+01 6.351592925833895720e+01 7.164518670233026398e+01 7.037127401549268768e+01 6.823169638678407978e+01 6.202180529757516325e+01 5.227066524325946517e+01 4.321122291603224852e+01
4.879649418637075353e-01 1.463009850551523527e+01 3.462793361192407815e+01 3.645087464028416946e+01 3.061877552438565075e+01 4.983381120373852013e+01 5.921055951122323080e+01 4.948075330513604086e+01 4.120581355642146804e+01 2.654837715910130314e+01 1.658521742205450877e+01 7.972935328677583477e+00 1.834119944118298307e+01 3.479579094940593365e+01 5.144725903227207908e+01 6.162293231668848392e+01 5.955052392007370088e+01 6.767203552176067660e+01 6.561635314831465848e+01 5.791529691929358847e+01 4.539439807050136011e+01 4.068049988316021626e+01 5.706998651546030032e+01 4.924617241654731714e+01 2.925626196869958306e+01 3.549650816474127168e+01 1.591907999667242457e+01 2.745089283782217393e+01 4.713977035159737738e+01 6.425701902000217558e+01 7.461590967787950035e+01 7.037121852561959656e+01 5.016098464795464196e+01 4.794158352799456679e+01 6.214722124998299080e+01 5.014041551228621785e+01 4.194063278862989108e+01
9.938951651180888414e-01 2.099299755543116319e+01 2.983966289790764748e+01 1.654689609177865961e+01 3.645087646449162833e+01 4.487294724633210308e+01 6.451360304942474500e+01 6.266277905632818346e+01 4.319111385056966412e+01 4.406277024982745161e+01 2.862576025469174468e+01 8.338985441797074571e+00 2.775680946361229928e+01 2.419412407041207302e+01 3.884619173141464898e+01 5.787482820499631941e+01 6.823238526621518929e+01 6.000345050483750953e+01 5.510062013540689208e+01 3.985889084511207869e+01 4.899175872172056501e+01 2.893559355355601426e+01 4.777363779523608400e+01 4.222739356722890847e+01 1.779931263085870796e+01 1.543422155826741182e+01 2.567162994027316358e+01 4.070685633746095533e+01 5.480789540409216443e+01 4.541433254135264974e+01 6.023991530521040971e+01 6.472981825039747150e+01 5.386690774157889194e+01 3.358056408753299849e+01 4.952212924847557218e+01 4.120835859710057747e+01 2.181750141019334421e+01
