LEM_wLE/output/LEM_wLE_example/elevation_000010.asc
nrows	100
cellsize	150.0
xllcorner	0
ncols	100
yllcorner	0
NODATA_value	-9999
[rows 51 to 67 of 100, columns 37 to 73 of 100]
4.703552681029220395e+01 5.076688227337427861e+01 5.465768555010135543e+01 4.176776639295553650e+01 6.110264522698111023e+01 7.620366918143517410e+01 6.300006655652109799e+01 4.360326553695476548e+01 4.928294048613907563e+01 3.052909234348201295e+01 5.008663411834431400e+01 5.155013752669007943e+01 5.206665726353932655e+01 3.941754492865684512e+01 4.099385592480196294e+01 5.470324645519593076e+01 7.393901357402081942e+01 7.675946551007608321e+01 7.308367761591239287e+01 8.175323726243092892e+01 6.419483211766525699e+01 6.659926529059164579e+01 6.004854820619473799e+01 4.153132307556080605e+01 5.546453767409989410e+01 7.604243757082168997e+01 7.549935274738679425e+01 6.656158674630272287e+01 5.108269416299180676e+01 7.031590234433038233e+01 8.074970024340470331e+01 9.114450137414551989e+01 9.335237191254994116e+01 9.552200223704925008e+01 8.112858857676191349e+01 7.912960017362337339e+01 9.246700302982954156e+01
5.103936520888728978e+01 6.763585417321969828e+01 6.897990912091786697e+01 6.110264522698111023e+01 4.917486232896774823e+01 6.279764901410500499e+01 7.093947732916961968e+01 6.300190249898557937e+01 5.613428468701869889e+01 3.764873807568221764e+01 3.129267680785412509e+01 3.184240926780560699e+01 3.240044281016834304e+01 3.296756453960914257e+01 4.190036567522442112e+01 6.006530703347237221e+01 7.084787483627250992e+01 5.736338936309102365e+01 5.945967581909608413e+01 7.346293654188953326e+01 6.774303491334354987e+01 5.060538040785675662e+01 5.180879791792000333e+01 4.087050300172032280e+01 5.638621568876096291e+01 7.863327914781318384e+01 8.390340033923222052e+01 6.478237537748702835e+01 7.031590234436478681e+01 5.362731372625892590e+01 7.285064806262813875e+01 7.216038697007614644e+01 7.437631517772948087e+01 7.664353104635843295e+01 7.015503796157119609e+01 8.357540112569215296e+01 1.024800231182229595e+02
3.950838481658608714e+01 5.961125973322378258e+01 7.805939917749938672e+01 7.437600382412446720e+01 5.532095146608321556e+01 7.437600382412446720e+01 8.960968934876514425e+01 7.711524775237545271e+01 5.703653966760356298e+01 5.481934194037989982e+01 3.691151304683090473e+01 5.121703830707904359e+01 5.206243617135143609e+01 5.265332046308744651e+01 3.379531149553137226e+01 5.348567337940700384e+01 5.655174551179786135e+01 4.349534355122487739e+01 5.595859075714073327e+01 5.521701130815832670e+01 5.786436494200807346e+01 5.847827071707656899e+01 3.993205162128232644e+01 4.685105061579844943e+01 6.006701118906539705e+01 7.900329647459878402e+01 9.191586267110076847e+01 8.400429321848014297e+01 7.862015186803525069e+01 5.948021164974064590e+01 5.635570348161768806e+01 5.855892709023173381e+01 6.080992174475758105e+01 6.312156761737608690e+01 8.219029114529756441e+01 9.383266172807260830e+01 1.035933213101535699e+02
5.961125973322378258e+01 5.048123018312305277e+01 7.009555949962958721e+01 8.221805292982979552e+01 6.884642439666573921e+01 6.884642439268083081e+01 8.772558948173495708e+01 7.654400556714527681e+01 5.742619491466513182e+01 4.624247916127131930e+01 5.642801133604990582e+01 6.374783820574851489e+01 6.108818248739019197e+01 4.168178338818866280e+01 5.344237906155872508e+01 3.464641978403524547e+01 3.525706877205345791e+01 3.588096092784338254e+01 3.651282380588067156e+01 5.222284275000431109e+01 3.833825795755035415e+01 3.899708590841176203e+01 5.831436066836456433e+01 6.573588783756501641e+01 5.779736617800655551e+01 7.110274049064598501e+01 8.992088831888405309e+01 8.811841588907940093e+01 6.912202108253687527e+01 7.862021975952600883e+01 7.555140725226759457e+01 6.235172103636102747e+01 7.992763374148859157e+01 8.219029114529756441e+01 6.695540535766220103e+01 8.595070755394833384e+01 9.324671319171876860e+01
6.071965597690931560e+01 7.009555949962958721e+01 6.656259968242839875e+01 8.581542207735938632e+01 8.772559574779815250e+01 8.772558948173495708e+01 9.558968146698363455e+01 8.444962619981642149e+01 7.339648862202429314e+01 5.742609559531008045e+01 7.339648862202429314e+01 6.971662510754323705e+01 5.046805175892969686e+01 6.110840140048016877e+01 6.133360597219449772e+01 4.781335783445972965e+01 3.970032462265829309e+01 5.542778050966830250e+01 4.488188586217527387e+01 3.741487122586902814e+01 5.717015578113666407e+01 3.864617998329336501e+01 6.067008277790760218e+01 7.253956176825738567e+01 7.661420992955486042e+01 7.661437592123334639e+01 9.546401628636063208e+01 8.811841588907941514e+01 8.257381701932192186e+01 8.811841588907941514e+01 8.933115323159644561e+01 7.343196214444252234e+01 6.917136195097712914e+01 8.815481406480421356e+01 8.595070755377956573e+01 7.092040416742111120e+01 7.435419319640266167e+01
6.807906849628976431e+01 8.308318538716768842e+01 8.581542391500617839e+01 8.931507555005738652e+01 8.156325963803597290e+01 8.931509194057616696e+01 9.884611278924272426e+01 9.113627240119595285e+01 8.441443000879769443e+01 7.653377664715711148e+01 8.182328447639319791e+01 6.268097524570191581e+01 6.411115254006935515e+01 7.765588274870943053e+01 7.190748338499233228e+01 6.155028389729172744e+01 4.410052453782826376e+01 6.060248947847341583e+01 4.179858282576739015e+01 5.764369409679887468e+01 6.582335125918928043e+01 6.067130932528026221e+01 4.564251504646319546e+01 6.468633703257668799e+01 7.683068780774307527e+01 8.889522450249650376e+01 9.681467753948115273e+01 1.070917565697756828e+02 1.015042616783666034e+02 1.070917565697756828e+02 1.002999724376506379e+02 9.238663660942457057e+01 7.429005981804161252e+01 9.321188440240520379e+01 9.774109462102590840e+01 8.985530860232221073e+01 7.838800018824350957e+01
5.604551991528902022e+01 6.959626871394966940e+01 8.069546960867062069e+01 7.985845147535108879e+01 6.256770068400346219e+01 7.985845147535108879e+01 8.798929011681626378e+01 7.225243701391860895e+01 8.657894201701701320e+01 9.429361317918731800e+01 8.977086172289475030e+01 7.622780901752865645e+01 8.324943313916556065e+01 8.272292517234336628e+01 6.767373694915873727e+01 5.035109791403226609e+01 6.173410928412683063e+01 6.529163894140273783e+01 4.489446414939911278e+01 5.310615747803199582e+01 7.374296103147445081e+01 7.258036595623340759e+01 6.468633703257668799e+01 4.995763018057463967e+01 6.892830999760239763e+01 6.985588462806005339e+01 8.464789940330290108e+01 9.255506017536728791e+01 1.010655913288406822e+02 1.120612014370471314e+02 1.026557658858713467e+02 8.376800291893887618e+01 9.321188440240520379e+01 8.973492017820581168e+01 1.073402138143049740e+02 8.847421413444858729e+01 9.725591280793753413e+01
4.237800817843672263e+01 5.354402790407976198e+01 7.277874990671716660e+01 7.206548009201280536e+01 5.326798179601507854e+01 6.907805906250032990e+01 7.301650276896043579e+01 6.113867131876368433e+01 6.754295112047553573e+01 8.111992791599507768e+01 9.975816789689027075e+01 9.533195721710983150e+01 8.541212683684504725e+01 6.710375730159779550e+01 5.728672367519746444e+01 6.242105318540176739e+01 7.537368061004987396e+01 6.907347466706677608e+01 4.835195310801081803e+01 6.907347466706642081e+01 6.783643699621525514e+01 8.800564751119021878e+01 7.393873543079693889e+01 5.539311169857948869e+01 5.499752129353492336e+01 5.877617586505523661e+01 6.557003717361236284e+01 7.415292878604503812e+01 8.512756726135236818e+01 1.040816589570112711e+02 1.106129182742960779e+02 9.318375102584475655e+01 1.106129182742960779e+02 1.030858821061398487e+02 1.153127438710264698e+02 9.931550162389584102e+01 1.153127438710264698e+02
5.199756100135436299e+01 6.933438202715858267e+01 6.876943246107190078e+01 6.100072355814832292e+01 4.693417930595890653e+01 5.042322606561257459e+01 5.412830116046349360e+01 7.301650276896043579e+01 8.657894201701701320e+01 8.316200206433538256e+01 1.017800187609924478e+02 1.063750639934910964e+02 9.349862649441604390e+01 8.169188011435930719e+01 6.361148124786891600e+01 8.030555012704230933e+01 7.621356161462331613e+01 5.539691335469264999e+01 5.424152369782454741e+01 7.509267163471842821e+01 8.800564751119021878e+01 9.597004926942283021e+01 8.073121656321477246e+01 6.145020294168799779e+01 7.407752039460541482e+01 6.985588462806008181e+01 6.736755718463450648e+01 7.593640195504458745e+01 8.689719478800348895e+01 1.058614469487151553e+02 1.201452463679686673e+02 1.121277807458979368e+02 1.201452463679686673e+02 1.221942758427275635e+02 1.263492084798854478e+02 1.183021745244625862e+02 1.155099937054451402e+02
5.146525541172315599e+01 6.392288569657755914e+01 5.693124647516318504e+01 4.257533192424860147e+01 5.551282173541761011e+01 6.907805906250032990e+01 6.746032798966001565e+01 6.746032798971529587e+01 8.643029532272737470e+01 1.017800187609924478e+02 1.010664465858000227e+02 8.784982340662294575e+01 1.010696720682736327e+02 8.979195051955538531e+01 7.372919810824608078e+01 8.979029611389769627e+01 8.155086261466996689e+01 6.087932110922255191e+01 7.509267163471842821e+01 6.427868057243621536e+01 7.900055132325113050e+01 9.858482309072824989e+01 8.086890062417231206e+01 7.511467419785989819e+01 8.086890062417231206e+01 8.333350481803441312e+01 7.840700116734765857e+01 9.433742453033048037e+01 1.028474428847044493e+02 1.138514863255878566e+02 1.186546622596418814e+02 1.106759282361147427e+02 1.186546622596418814e+02 1.282858462047252885e+02 1.210601676791409744e+02 1.102044026776444241e+02 9.685517175433328418e+01
4.624252006417984262e+01 5.300041450877473892e+01 3.836303620593193386e+01 5.693124647516318504e+01 6.876943255029104307e+01 8.202604563652282366e+01 8.643029498287708634e+01 8.643029531162137857e+01 9.416729368018145863e+01 9.577775037649952594e+01 9.323616284866791659e+01 7.464563935774373249e+01 9.323613330329123983e+01 1.008735110547598879e+02 9.259946691430269539e+01 9.761180056344829836e+01 7.794124992990215617e+01 6.769626888318298086e+01 8.795827031838997812e+01 7.900055132325113050e+01 7.900055132325113050e+01 9.858482309072824989e+01 1.004286650620027075e+02 9.476083210354168784e+01 1.004286650620027075e+02 1.023224038449585009e+02 9.738037555395540323e+01 1.053277909280909910e+02 1.027592865720874045e+02 1.106423429139020271e+02 1.093146074975597202e+02 9.223699802395364600e+01 1.014564631300341944e+02 1.184313424493400362e+02 1.130422873042839598e+02 9.446908265791064707e+01 8.398187979860102814e+01
3.112184972471957778e+01 3.424626127396626174e+01 5.266435393496789175e+01 5.693021822275800048e+01 7.560643337107889295e+01 8.080439138614545413e+01 8.627528006629057700e+01 8.785806192823113747e+01 8.246739260423240125e+01 7.732740766661353859e+01 7.732741047373525589e+01 6.749278856146032979e+01 8.609821174262205545e+01 9.507935903588156634e+01 1.027102589462507893e+02 1.054535241831178922e+02 9.492947303780040613e+01 7.521193436660514919e+01 9.492947303734845832e+01 9.858482309072824989e+01 9.858482309072824989e+01 1.064136155146911875e+02 1.052978342720268472e+02 1.131761279736858654e+02 1.131254850075966374e+02 1.052789108528259021e+02 1.131254850075966374e+02 9.991891026136700305e+01 8.437540462409117481e+01 9.991891026136700305e+01 1.014564631300341802e+02 8.319924142520675048e+01 9.197914075984131443e+01 1.104615310011985798e+02 1.178221465183112997e+02 1.102044026776444241e+02 9.367482115798937059e+01
4.758099615417420836e+01 5.308566934818190219e+01 6.083247399297484037e+01 6.895144604030974733e+01 7.531066937193757838e+01 6.204835306553761143e+01 6.754186949753935210e+01 6.932065178532801042e+01 6.387509345708539144e+01 7.204293495750843590e+01 5.864407193186727341e+01 6.403441126253242999e+01 7.001774343955057134e+01 7.674591037401005167e+01 8.745205539226142832e+01 1.054984499970807690e+02 1.027544820917363779e+02 8.686606767400358819e+01 1.027544812250446569e+02 1.104404952165533871e+02 1.094054385510710006e+02 1.024590202349066601e+02 8.692468249524381463e+01 1.024590202349066601e+02 1.037673785327996399e+02 8.665676281801796677e+01 1.037673785327996399e+02 9.214534698881888630e+01 7.377338548503652760e+01 8.459060339618514490e+01 8.870388955173942236e+01 7.711291048379790425e+01 9.537072256175838447e+01 1.138253147169285597e+02 9.904874791409478973e+01 9.904874791409478973e+01 1.014635617179633016e+02
2.834499771170931481e+01 4.811294945286893920e+01 6.231090809809596465e+01 4.901995458155582952e+01 5.664898127534212335e+01 4.861661645819877720e+01 6.324764313812124783e+01 6.565397337732382255e+01 5.062422860841964933e+01 5.337993582486501509e+01 7.204293213921515360e+01 8.272206695238688212e+01 8.859750597291902352e+01 9.507935925246717090e+01 1.027102589462507893e+02 1.132368512987439146e+02 1.137159060273603330e+02 1.059442898968118101e+02 1.051559328507034650e+02 9.191740244155435846e+01 9.090717800312275187e+01 9.469009014783934219e+01 7.627606429704032109e+01 9.414035263068436166e+01 8.640298952209755612e+01 7.720926771551069123e+01 9.556911781851114540e+01 8.506893546651252791e+01 6.662874944735014537e+01 6.602401034019402459e+01 7.030876084441605656e+01 8.870388955173942236e+01 1.031573877812601694e+02 9.528174833238844599e+01 9.904874791409478973e+01 8.062576379013849248e+01 8.739702968832474994e+01
2.726711675359420184e+01 4.664725708964319040e+01 5.138348095781223179e+01 3.498265735659990838e+01 3.729076813458329553e+01 5.614025167396109595e+01 4.434459546493911120e+01 4.685996868083338995e+01 6.565397337782351883e+01 7.204293706385755058e+01 5.958858879626687610e+01 7.827011115647238171e+01 9.092237792616765546e+01 9.092237792616766967e+01 1.091584188666851531e+02 1.127696331803425807e+02 1.048796783168663609e+02 1.048796783168663609e+02 9.734269070672969804e+01 7.892225025936267002e+01 7.790896922627523224e+01 8.773024257116378521e+01 6.910128750900558714e+01 7.894846893724947279e+01 6.761500227027866572e+01 8.640298952209755612e+01 8.989869935590903083e+01 7.305718234762105112e+01 6.016837859803681710e+01 7.899255242254818654e+01 8.870388955173942236e+01 9.643369216696322610e+01 9.784974058257708407e+01 8.236159953483007712e+01 9.784974058257708407e+01 8.739702968832997954e+01 6.882033968193326245e+01
4.293779043798588191e+01 2.987371160460634556e+01 3.186545093158620290e+01 5.138351414485233448e+01 5.664898127465072974e+01 4.079137296967692095e+01 5.998111774880583624e+01 6.019996454979806089e+01 6.019996454979899170e+01 7.882111546100779265e+01 7.827011115647238171e+01 6.643894107967329887e+01 7.243153325564465206e+01 8.560277895490699507e+01 1.037650259089712961e+02 1.048796783168663609e+02 8.649729934065972259e+01 8.649729934065972259e+01 9.963346626050021371e+01 8.569258127952257098e+01 6.703100680623614949e+01 7.734687147612999070e+01 7.353641054859019732e+01 5.992300134083262719e+01 7.894846893724947279e+01 9.413975964861434420e+01 9.186658236614694317e+01 7.581194580418065243e+01 5.684308527153341117e+01 7.581195303128107810e+01 8.482950357330267366e+01 8.271237912313002028e+01 8.020682684910222804e+01 7.160020261890230131e+01 9.011795826824909739e+01 8.468827452134372891e+01 7.694980760542439668e+01
5.044776916095206332e+01 4.063126925284873181e+01 5.121914781245165216e+01 4.578002530212826571e+01 6.491320122177887697e+01 6.024716021562871759e+01 6.863255369871073697e+01 7.882111544337385567e+01 7.882111546056465556e+01 8.648658249631219519e+01 9.270816723011931515e+01 7.732262549247165850e+01 9.092237792616765546e+01 8.758618416487176717e+01 1.057667378469908925e+02 1.048796783168663609e+02 8.649729934065972259e+01 7.350869066982671995e+01 8.366485994615294430e+01 8.945107160282088898e+01 7.734687147612999070e+01 5.831705592878444122e+01 5.430017741339942461e+01 7.353641054834285740e+01 7.517662308196648269e+01 8.269553851632963415e+01 8.416476599803876013e+01 6.509785474129957095e+01 5.362939252869670526e+01 7.048583087838100880e+01 6.647867595859378298e+01 5.458355279543382466e+01 6.100948005711474309e+01 8.021953455654379184e+01 8.353699150278369245e+01 7.579490263476792222e+01 5.799038399337010929e+01
