LEM_wLE/output/LEM_wLE_example/elevation_000002.asc
nrows	100
cellsize	150.0
xllcorner	0
ncols	100
yllcorner	0
NODATA_value	-9999
[rows 17 to 33 of 100, columns 0 to 36 of 100]
4.336683913182175498e-01 8.598634611922390647e+00 1.859866726489108402e+01 3.274222878712856755e+01 5.275811605955244943e+01 4.388669415557610165e+01 2.977046882772666336e+01 1.754835424940969801e+01 2.046747496079502326e+01 4.037022298627283590e+01 4.866032931795392358e+01 5.693532966714946753e+01 6.700714103524133236e+01 7.528474963609673409e+01 7.376908997230086129e+01 5.380117229792988098e+01 7.376909558669875366e+01 7.442381816991994015e+01 7.442380846848010378e+01 7.562877690257772656e+01 9.563217814555063967e+01 1.140869757376143099e+02 1.041736654006498810e+02 9.475565109626084848e+01 1.041736652937866268e+02 9.591485664347555939e+01 8.205826713120963234e+01 7.309863585210447923e+01 9.102594602291574688e+01 9.132721427546427151e+01 7.198153093229917943e+01 6.111124980073396529e+01 5.149207943710090518e+01 6.975206295927250721e+01 7.818103506616495224e+01 6.828262896497814438e+01 7.359015391138240147e+01
5.385724909496417689e-01 2.053857245133555764e+01 3.382109970904835450e+01 4.210534204372711997e+01 5.210532603954610664e+01 5.590785683501088243e+01 4.364995770928310037e+01 2.387447698969059218e+01 4.037022296728731163e+01 2.473173665437470703e+01 2.880718516956050479e+01 4.866032942595379751e+01 6.339063239272522310e+01 7.492386362256937105e+01 8.206053344894279178e+01 6.791409450838705197e+01 6.791409450169578577e+01 8.790436444360713608e+01 9.442759063270987951e+01 9.563217611329639567e+01 1.039430750767848224e+02 1.012009582193443862e+02 8.947751219601589412e+01 7.052111176173617935e+01 8.947751198684909468e+01 8.776745833717528456e+01 6.825138008333502171e+01 6.325994504347455205e+01 8.284843057197367955e+01 9.401192599717451515e+01 8.923046470252151607e+01 7.933749120245036579e+01 6.975206295720897742e+01 4.935083681158139512e+01 6.975206284597118156e+01 5.655518707813699564e+01 6.251100983842909642e+01
8.336531950628578436e-02 6.750031986172923659e+00 1.382109979803846045e+01 2.382109979803863808e+01 4.382109973222187449e+01 5.458766181894144864e+01 3.456766420676350293e+01 4.388652494713583962e+01 4.916207607695245230e+01 2.931053370460347196e+01 4.866032914947160748e+01 3.525338274446453823e+01 4.667337655594887735e+01 6.660898153986798320e+01 8.123046427442679374e+01 8.790437180376018489e+01 8.790436787464093982e+01 9.620848995286139882e+01 9.346343890524485687e+01 9.503270561568879771e+01 1.009893564061808462e+02 9.111214847855536902e+01 7.267303792636816695e+01 5.997951990356541785e+01 8.025855085344117867e+01 8.952307554294347369e+01 7.541709236315003295e+01 5.572324335661821948e+01 6.655703579497073008e+01 8.603137420303470151e+01 9.894437347473973432e+01 8.001505404650222886e+01 5.956478644936667877e+01 4.789443282850446337e+01 6.606422306206265205e+01 6.250919756488030288e+01 4.253805904707023444e+01
4.524162703296725763e-01 1.045241627032958576e+01 3.045241618923567017e+01 4.210533933985408339e+01 5.210532571133317248e+01 6.287667529194162341e+01 4.872752204802564080e+01 5.458765298812431155e+01 5.743820579787020364e+01 4.333091417030484394e+01 3.681146523281865512e+01 5.509915332109088126e+01 4.300555149952027278e+01 5.290177457818616347e+01 6.702392397626529430e+01 8.710715151923515975e+01 9.771298427524085639e+01 8.757811072713533918e+01 7.326651103731894921e+01 7.482359775876284402e+01 8.074270840661195336e+01 8.277646699440794009e+01 6.323248795652977350e+01 5.305451823777916331e+01 7.267303769075840592e+01 8.145368973457527773e+01 6.187332566959414493e+01 5.035194708512725015e+01 7.014895836155849906e+01 7.949665561423232418e+01 7.949665560730336722e+01 8.841499563452067889e+01 7.649429664110999738e+01 6.007060701011658210e+01 4.589246648094654546e+01 4.450985483478738303e+01 6.058122169539130653e+01
4.402443450947634007e-01 2.044024430633399803e+01 3.045241618771542491e+01 5.045241453576434765e+01 4.794897053113579943e+01 5.623302564594851560e+01 6.873529237601870534e+01 7.459389336624933264e+01 7.154664508635909215e+01 6.218308975369755842e+01 4.229317341686768117e+01 6.218308422958864412e+01 6.290396484301310664e+01 5.359015354528366970e+01 6.771679289790986900e+01 8.780174765508974133e+01 8.511312396617746856e+01 6.911807838255697334e+01 5.905410432927847353e+01 6.060825852210991371e+01 8.074270828539113154e+01 8.147628653173899238e+01 6.681887487235560741e+01 4.722071710667707833e+01 6.681887487050336460e+01 7.980294252878552186e+01 6.017925910900684272e+01 4.605331993048974937e+01 6.592690612260551575e+01 5.987959202556434946e+01 7.379867142935793822e+01 9.325280659723220822e+01 8.839996833330386039e+01 7.441419298734493282e+01 6.606443530331297609e+01 6.458463892470598466e+01 6.898240710954756594e+01
4.237187090225543740e-01 1.456585433274761776e+01 3.456585420577764012e+01 3.380684224546352823e+01 2.794898090691504677e+01 4.794897051568550950e+01 5.702049350670160521e+01 5.702049296110860865e+01 7.702025580199418187e+01 7.049193572514606387e+01 5.372641701672667125e+01 5.372641701768847611e+01 7.373513846140608052e+01 6.511207598743176561e+01 8.192483064215250010e+01 8.836146133421809168e+01 6.820386738485824196e+01 5.660138317519798079e+01 4.897386123348776721e+01 6.274792115974174322e+01 7.111626149016126419e+01 7.327233655081086283e+01 5.392827863756060225e+01 4.225899781236259400e+01 6.210450542092854676e+01 7.124116412635443396e+01 6.202835605871251090e+01 4.206057676850284111e+01 4.833703488870850151e+01 6.817073861109403765e+01 7.508384706440996581e+01 8.358906779920049246e+01 9.009660805638895908e+01 8.167487549623415077e+01 7.546418796595102663e+01 6.700326215226426996e+01 6.399522288120839164e+01
9.142864485297492738e-01 2.091428640704910435e+01 2.814998973448435748e+01 1.380684530746044025e+01 3.380684224549575134e+01 4.547350142406328644e+01 3.702051735443478719e+01 5.116265241305200817e+01 7.116257466468611881e+01 8.205798587054027848e+01 7.373510633282499782e+01 7.373512328081615408e+01 7.004932280870058037e+01 8.519322020343182089e+01 9.352398583996615855e+01 9.677713886028584511e+01 8.511312313102611427e+01 7.672351440812182943e+01 6.274792193637888715e+01 4.257619449439834369e+01 5.692484924657350831e+01 6.529061381676123688e+01 5.790264054508389790e+01 3.783394733472550087e+01 5.218255903701104614e+01 5.209324861389849559e+01 5.361756724761646353e+01 3.803020815472965666e+01 5.825388646123515457e+01 6.068631018957152179e+01 5.472265513358615863e+01 7.508384706390283725e+01 7.849272682897776576e+01 6.167301737473810164e+01 6.510782363037777998e+01 4.767359999113832458e+01 5.364625945731958723e+01
9.064013007315497861e-01 4.498507341267032444e+00 8.149991057968108521e+00 2.814998972359088114e+01 2.047351197412699264e+01 2.547351197412690382e+01 4.547350146897959178e+01 6.530386686475782199e+01 7.684984080788630934e+01 7.489082284211471574e+01 7.338611332163000611e+01 8.174109532633529795e+01 9.013521369344697121e+01 9.846605555188287440e+01 9.700575064832931105e+01 8.527856410308726254e+01 7.681711279424716565e+01 6.969031251964646856e+01 6.361465103223239481e+01 5.692484922666298530e+01 3.675061704958645237e+01 5.692484922613090959e+01 6.256155099107824213e+01 5.169549215245584861e+01 3.200144977281456704e+01 4.865603365738552100e+01 3.253797897837346653e+01 5.359750338872036224e+01 5.055436872768601120e+01 4.044439169912966747e+01 5.473183104730027537e+01 7.525476164590249084e+01 7.012679733757698841e+01 4.871508861009095881e+01 5.485732804516381123e+01 4.028933924065077576e+01 3.349683821907341041e+01
3.063610709598194592e-01 2.030636103201627307e+01 2.814998973606176591e+01 3.643419978939903814e+01 4.047350525852873204e+01 4.547350142440244980e+01 3.702051735365076013e+01 4.856752265572534100e+01 6.856738668556768346e+01 5.474754914441315634e+01 5.324436629705888890e+01 6.748271717178971585e+01 8.763817445587942245e+01 8.581178264874002082e+01 8.848549723746023687e+01 6.828022537806945991e+01 5.667841529709023973e+01 4.954368932493949984e+01 4.344438753893844307e+01 3.804773517350589174e+01 3.307341314552591172e+01 4.898619188804369884e+01 5.037633482418692665e+01 4.018322543335886365e+01 3.100284245577589815e+01 2.676081545855478439e+01 4.673710387392101495e+01 4.720498929104726216e+01 3.163004362009541381e+01 5.055826446991235912e+01 6.462201399942462388e+01 7.258065694780263755e+01 6.619218259036517793e+01 5.600185298973156733e+01 3.482178264692549874e+01 3.179735423280897777e+01 3.221334630889000294e+01
2.739570439748240105e-02 2.002739566580662611e+01 2.406505488835178141e+01 3.820719050608198586e+01 5.820718906402251491e+01 5.665953293594250084e+01 5.702047646184913532e+01 5.999234328434460650e+01 5.164766407934333614e+01 4.052344156665863295e+01 5.474754899396479146e+01 7.489074278597979628e+01 6.917046563822756866e+01 6.543059917613841492e+01 8.581163967797279213e+01 8.526623963367961778e+01 7.681660221956322232e+01 6.969031251797983373e+01 6.361465102114062375e+01 5.822309475013583580e+01 4.898619188892136833e+01 2.908272092146982502e+01 3.133225371208933296e+01 2.589244339901664915e+01 2.626219723759683333e+01 2.843932212637441737e+01 2.723466166654573328e+01 2.755229417224206401e+01 2.785560743348002433e+01 4.762277149869814252e+01 4.447824880681858417e+01 5.538840528613464187e+01 5.728597544449345236e+01 3.878370753102051083e+01 3.121018200756087779e+01 5.186996658368529722e+01 5.630442839526931920e+01
1.758338105654860817e-01 7.735123270749997282e+00 2.187725889448293515e+01 4.187725876545746928e+01 4.029576707406371128e+01 3.661809457689736291e+01 5.665953293551527281e+01 5.164766386289117861e+01 3.154840337744375134e+01 5.039652845937544612e+01 5.481377859786628193e+01 5.960252627874138653e+01 4.888158822408112059e+01 6.056793364385618617e+01 8.097752427150777521e+01 9.190694609181835517e+01 7.195309726369453074e+01 7.197390239869255879e+01 6.866548711678021277e+01 4.894847435749595377e+01 4.846435399905204378e+01 3.102785894414030565e+01 2.535636542724599352e+01 4.500289011950884799e+01 4.040973459416495928e+01 4.066323740910899431e+01 4.091087818063030568e+01 4.722430987956719406e+01 4.759222618314333886e+01 2.828865152101193203e+01 4.819387904363298247e+01 3.746247567384298804e+01 5.490093854870151802e+01 5.122824300009600762e+01 3.079760669992643329e+01 4.682340392891651248e+01 6.572507591056533727e+01
4.683972685643240652e-01 2.046839722857367505e+01 3.601936735264047940e+01 3.963968732608365286e+01 2.026728065772741516e+01 3.963968747882694288e+01 3.887779636618760293e+01 4.171871716612853476e+01 2.619589895272076774e+01 3.028283454810206976e+01 3.465592515267169205e+01 3.938571522391353597e+01 5.960253089192515574e+01 7.764168335593157622e+01 8.963306518600646200e+01 8.619711110319209979e+01 6.608245672677509219e+01 5.185479311814001591e+01 6.036438466338193365e+01 4.894847432567665635e+01 3.166683674548233896e+01 2.481257931678019801e+01 4.445378818309090718e+01 5.305415176939721533e+01 6.188291666689671189e+01 6.102697174367910549e+01 6.117453721837350855e+01 6.290393019547703091e+01 4.255330236719667170e+01 4.181093154097339237e+01 2.875679974675969319e+01 2.911101609836202186e+01 4.907162573067099487e+01 3.021894271123010967e+01 3.816995305888222845e+01 3.686794376736403223e+01 5.503693695554080989e+01
2.051881798473268459e-01 2.020518814064309510e+01 2.567704928830329791e+01 2.797501454380341457e+01 1.132068587660899972e+01 3.133875566986061045e+01 1.883549218363348032e+01 2.166439930603140596e+01 4.171871718355566117e+01 5.039652957773698461e+01 5.481377860073193631e+01 5.960252412299778513e+01 5.221457108492590038e+01 6.688275240108201558e+01 8.838840121289361207e+01 8.099524706019087716e+01 6.085577619036754271e+01 4.923565499058625505e+01 4.024253831120931579e+01 5.274851004188943904e+01 4.403908397618616988e+01 2.442460185448623022e+01 4.395764658008991432e+01 6.178481705468831109e+01 7.077140739890698740e+01 6.232477678013096067e+01 7.080275710128370292e+01 7.132887029297694426e+01 6.243642081752552286e+01 4.800919103459175119e+01 4.877973155961814200e+01 4.911134858640816248e+01 2.965097130251354685e+01 4.977349759414651231e+01 3.843454598346030338e+01 4.346111460529212422e+01 5.174618207095072364e+01
8.187695587851057111e-01 2.081876951926011188e+01 5.669793720350385868e+00 7.963951589487078486e+00 2.797501454528530473e+01 1.491285395357712495e+01 3.494077244401375282e+01 4.171871707344048019e+01 3.237161658598086689e+01 4.240362435792394535e+01 5.661106363113047024e+01 7.672045245840382677e+01 7.305783158435876601e+01 8.106956133733875447e+01 9.155036981458917467e+01 8.936034948416774171e+01 7.772338654828949700e+01 6.871473691469962830e+01 5.276116061363586596e+01 3.269448991504854263e+01 4.396518628304747267e+01 2.732846889003711155e+01 2.387504997346145785e+01 5.297649869744965656e+01 6.061001808956667958e+01 4.223160532534979694e+01 6.064794720133612316e+01 6.609498157128533080e+01 7.446636922802893821e+01 6.778264099356013617e+01 6.286573346397688056e+01 4.374394912692763171e+01 3.554160501510469317e+01 3.387284359003160006e+01 4.239508376327658112e+01 5.809285287301768363e+01 6.868542207014580470e+01
2.311624522989861319e-01 2.467230429965253879e+00 2.246987342685879696e+01 2.797501454308023838e+01 3.627018265624055715e+01 3.494077244424921957e+01 2.561034855943807287e+01 3.977998018282129777e+01 5.245229045219927144e+01 6.078289949541681381e+01 7.083501498672276853e+01 7.977700876756993864e+01 7.178102708182602498e+01 6.586140355532667456e+01 7.906780865224435217e+01 9.744412608505363949e+01 8.347340373506708033e+01 6.329689836661574986e+01 4.906513678895156261e+01 4.641268427859167645e+01 2.645274481146692835e+01 2.332490869046278803e+01 4.269063531597232952e+01 4.227632444379297283e+01 4.191308748273983298e+01 3.241979056914860280e+01 5.185835282863671836e+01 4.600879152858203014e+01 6.609498157168177102e+01 7.074833691599376095e+01 7.122828164382714533e+01 6.014225394632569532e+01 4.254144809484817102e+01 5.134536105160456998e+01 3.777228461320031982e+01 5.591498229400969677e+01 7.058390282175125208e+01
9.845726073866658545e-01 5.835285096041801012e+00 2.581984110128189869e+01 3.865168534419539981e+01 4.690107746372474651e+01 5.396625651975796245e+01 3.977998027681150006e+01 5.396734137275789323e+01 6.815477103473793363e+01 7.108434649460959065e+01 7.072513759394405497e+01 6.260983233427187145e+01 5.216799435004787711e+01 6.677533997469441829e+01 8.797160056828302288e+01 8.843217218192761209e+01 7.660222546817277589e+01 6.808210700949341287e+01 5.330053271586615438e+01 3.322668099292619104e+01 4.561535299413420574e+01 2.459068782915127827e+01 2.277859083611268787e+01 2.239320182670912374e+01 2.200762869761286566e+01 3.372900470064639933e+01 3.196473294951458044e+01 5.189190037281427692e+01 5.429895217161864451e+01 5.060164195998415693e+01 7.074833691633793364e+01 6.966880551286995171e+01 5.551065964614772952e+01 6.199675425362963921e+01 4.276450233617395469e+01 4.291073041918102859e+01 5.368432886320773179e+01
3.295302290958179725e-02 2.003295298520302481e+01 1.313823181430840670e+01 1.868517138718458170e+01 2.762784869645360786e+01 3.761763482296142058e+01 5.170368172763581072e+01 6.815488542870856747e+01 7.108433429843177009e+01 5.118185204140923616e+01 5.483402092145354345e+01 4.267096472299787990e+01 6.260983233249105950e+01 6.881601684530714635e+01 7.702286799728705091e+01 7.983094272368268207e+01 5.951047426872821688e+01 4.788286743715686100e+01 4.077583564593680165e+01 5.330053226594658611e+01 5.665517870269086842e+01 4.509332123797217662e+01 2.699825868270654183e+01 4.224606361384116582e+01 4.136444872437422049e+01 2.146203789627511682e+01 3.842483173735464419e+01 4.264643707878573764e+01 3.411598586452731752e+01 5.429895217319842970e+01 6.703853137686644459e+01 7.542563027275976140e+01 7.542453567824586003e+01 6.904789299222058219e+01 4.910426139931418277e+01 6.217392350452914940e+01 5.001932605748532978e+01
