LEM_wLE/output/LEM_wLE_example/elevation_000008.asc
nrows	100
cellsize	150.0
xllcorner	0
ncols	100
yllcorner	0
NODATA_value	-9999
[rows 51 to 67 of 100, columns 37 to 73 of 100]
5.011455254898212530e+01 4.339117825353992686e+01 4.740021314015904608e+01 3.453981845250999783e+01 5.411415528742993075e+01 6.999626978027549740e+01 5.688247782239074013e+01 3.745070233057082731e+01 3.727324590548645489e+01 4.363299093378323334e+01 2.476513163919663540e+01 4.445578551472104323e+01 4.496975022942351785e+01 3.337198651513221392e+01 3.467739256268437487e+01 4.861217535222902342e+01 6.825716614242269031e+01 7.261906756526353490e+01 8.077098250385208189e+01 6.805766813021000416e+01 4.782951206010155687e+01 3.964904485544968793e+01 3.524587709847340022e+01 5.486959141114576255e+01 6.381376980166936619e+01 7.754223841426924935e+01 7.003195093735941157e+01 6.191552139083855621e+01 4.482442175240520044e+01 6.407944688739722494e+01 7.472758889509258040e+01 8.680308172469324290e+01 8.762390695379293959e+01 8.992679019362957149e+01 7.492493643387660995e+01 7.286245152835138583e+01 8.665386527485870261e+01
4.283804079050436542e+01 5.829265425980710802e+01 6.228626811958917386e+01 5.411415528742993075e+01 4.219746650961053547e+01 5.602578157953768567e+01 6.533475972400843546e+01 5.720042930913378143e+01 5.702486636734724357e+01 4.792774880612030586e+01 2.840861721921208272e+01 2.554179978941481721e+01 2.609701337625600814e+01 2.665933335577489061e+01 4.646333179173630157e+01 5.547242749266744255e+01 5.873674815503219548e+01 5.298650319838340295e+01 7.261906756526353490e+01 7.639953503047483707e+01 6.722643782722072103e+01 5.407040038552710826e+01 3.457424421084171229e+01 4.602963183939035474e+01 5.974741235038218434e+01 7.920235758589834063e+01 8.364446144744093203e+01 6.409776804267812622e+01 6.409696851382291527e+01 4.726482308762825113e+01 6.661513284778607158e+01 7.154962230477410401e+01 6.806085757084848353e+01 7.036028711555634629e+01 6.371186686734083082e+01 7.745958944385385792e+01 9.709991796356619886e+01
3.007885145929842707e+01 5.017675899771170833e+01 6.710448810444989931e+01 6.836557352745607830e+01 4.868317507137953726e+01 6.836557352745607830e+01 8.396675798101303201e+01 6.723501654699596486e+01 4.750024664545590980e+01 3.566676735179007807e+01 4.792811630003031809e+01 3.949540278569036644e+01 4.587221847717654555e+01 4.646333275883413449e+01 2.747347070616088516e+01 4.730884778034027249e+01 3.895198120860165147e+01 5.873671843789199443e+01 6.181660711123440421e+01 6.992616708105218493e+01 6.079431337877224450e+01 5.269717975963017409e+01 3.390900361614053082e+01 4.285424424010297884e+01 5.659213443770707386e+01 7.604942680817768519e+01 8.586489619303777943e+01 6.631039571984756265e+01 5.508273060280792777e+01 6.661736057372692699e+01 4.989188506946605628e+01 5.204262961029965595e+01 5.425734880634239232e+01 5.656360110879040093e+01 7.609162912685587798e+01 8.809794813018785931e+01 9.785758224263214800e+01
5.017675899771170833e+01 3.923901703160812104e+01 5.902557811446744296e+01 7.656902619314614356e+01 6.836557352745607830e+01 6.257396074201910352e+01 8.234776366207145770e+01 7.537158203946241031e+01 5.584114784407611154e+01 4.351031259054305167e+01 6.333369020886889444e+01 5.925576479232134375e+01 5.576023285586159517e+01 3.593986574465139228e+01 4.730441751582585397e+01 2.829928901337608593e+01 4.816133246629676989e+01 5.285685633809858075e+01 4.230751068892957534e+01 5.117438276952063347e+01 5.179524872012179770e+01 3.297781897858580891e+01 5.125843057905922961e+01 6.115786877886532125e+01 6.229176999528039005e+01 8.179319098925199683e+01 9.407709434279477989e+01 8.147756778707559988e+01 6.195478280280732974e+01 7.749029289579071644e+01 6.934087567335468805e+01 5.584972660368637776e+01 7.379021050735475740e+01 7.609162912685587798e+01 6.042174695687364050e+01 7.991451301004572372e+01 8.730851665291297081e+01
6.710448810444989931e+01 5.902557811446744296e+01 5.187568952558386570e+01 6.564207877195680396e+01 8.505780990323974322e+01 8.234776366207145770e+01 9.056409896063705389e+01 8.367463726938946422e+01 7.146481308195372151e+01 5.506374093892472388e+01 7.146481308195372151e+01 6.559934606439949789e+01 4.592111947523578408e+01 5.576023285586159517e+01 5.442365372045954786e+01 3.564024161857774686e+01 2.913368189024460264e+01 4.142354970532137770e+01 3.081907574351784262e+01 3.143218358805835777e+01 3.205697718833795307e+01 3.490607541022414750e+01 5.436809972610948449e+01 5.256695865650202393e+01 6.370944075765079617e+01 7.744261025284615130e+01 9.702381294384711907e+01 8.147757424665996950e+01 7.572683208306071379e+01 8.147757424665996950e+01 8.340657233473119447e+01 6.709820501134498727e+01 6.274688608975534265e+01 8.228666038493535950e+01 7.982843800719913929e+01 6.441288313965490886e+01 6.784272381682171726e+01
5.685724764870251846e+01 6.499841549841119104e+01 7.132881477448675867e+01 7.942483688384655238e+01 7.704950045196892461e+01 8.544270804341076087e+01 9.359567603526322443e+01 8.513852553798132305e+01 8.277987910755889800e+01 7.463068054283888841e+01 7.798978791220308437e+01 5.839877918474066121e+01 6.559934606439949789e+01 6.650071882501516995e+01 4.740230732346823572e+01 5.184616781875106284e+01 3.051414715366174590e+01 2.996692504463500839e+01 5.000762944447371439e+01 5.117165395885631085e+01 4.553645566882349982e+01 5.432077948330989159e+01 3.900778185904548678e+01 5.833210411931829498e+01 7.081689235987956010e+01 8.229175633296156889e+01 9.076540153856731763e+01 1.011752911455810988e+02 9.536109397173210311e+01 1.011752911455810988e+02 9.450319267962430558e+01 8.653205308438104737e+01 6.794900594892283152e+01 8.747090068017216424e+01 9.160415492287164341e+01 8.232104308803960180e+01 7.198652137435331611e+01
3.747300963991795442e+01 5.685724710386663361e+01 7.120243572710695901e+01 7.372275566843433126e+01 5.673482450837482816e+01 7.372275566843433126e+01 8.175921212172288222e+01 6.460237908822317365e+01 8.012089851759560588e+01 8.859163165979676080e+01 8.614793558864552381e+01 7.224746474611104929e+01 8.258578960225320031e+01 6.286484768035928994e+01 6.171829422069757953e+01 4.039697199586330356e+01 5.306943528688582745e+01 5.104800815925045043e+01 3.493186134278346344e+01 4.441824810114995614e+01 6.220244306870026207e+01 6.602705294776635014e+01 5.833210411931829498e+01 4.331092048688632445e+01 6.265831248993321623e+01 4.964498044732978599e+01 7.819354166155973473e+01 8.706408765875725919e+01 9.587050243522698167e+01 1.072569656776398688e+02 9.728347712873780040e+01 7.765832423160641440e+01 8.747090068017216424e+01 8.385800839089613135e+01 1.004514220516486773e+02 8.213420914479091550e+01 9.185833704875744843e+01
3.248349512588428212e+01 4.353417156072431027e+01 6.304453971257344591e+01 6.503297130514781088e+01 4.488758665580280649e+01 6.117716728766936285e+01 6.553992853981810640e+01 5.279844401708429302e+01 5.960413053609618572e+01 7.410266424707282340e+01 9.465020131503031564e+01 9.185298237931148435e+01 9.074323330320400771e+01 7.705802655576570714e+01 5.754898963431953263e+01 4.949043395517515620e+01 6.943804693392348781e+01 6.045623877119850675e+01 3.900536074139098730e+01 6.045600182379084231e+01 5.977366175745951438e+01 8.000496586627586737e+01 6.884292902196500563e+01 4.927852995999318608e+01 4.843141314056131819e+01 5.253070247525910474e+01 5.921333342160084356e+01 6.802217372142027330e+01 7.936594075877158616e+01 9.901896829058637195e+01 1.055250526424537867e+02 8.741568172721072472e+01 1.055250526424537867e+02 9.774052700358350876e+01 1.081812289738569177e+02 9.277709868812698346e+01 1.081812289738569177e+02
4.789568820258427451e+01 5.990697227542975156e+01 6.039717499528213551e+01 5.171261663074305659e+01 3.700535466871632195e+01 4.090321722770629265e+01 4.510148909254441207e+01 6.553992853981810640e+01 8.012089851759560588e+01 7.635340767129751782e+01 9.688431039422850688e+01 1.000591920481993924e+02 1.057295704566876395e+02 8.644630840384822079e+01 7.764364948945397771e+01 6.124191189041560790e+01 7.764569638543291319e+01 6.481839626074446414e+01 4.346097618134115237e+01 6.481839626074446414e+01 8.000496586627586737e+01 8.803873567708190251e+01 7.580441610403681807e+01 5.611422376130258272e+01 6.797814569865033718e+01 6.360979930699122775e+01 6.104624142733909054e+01 6.986418020010809471e+01 8.120058949463015097e+01 1.008645942966359996e+02 1.154293964744545775e+02 1.071512725302649329e+02 1.154293964744545775e+02 1.175631124598896093e+02 1.188085068572810883e+02 1.109347427230759848e+02 1.078466568689693901e+02
3.649951104021929638e+01 4.580922744141197001e+01 4.764712306693799349e+01 3.225271679729647900e+01 4.632494615036458185e+01 6.117716728766936285e+01 6.095332896516516996e+01 6.068367541261326892e+01 8.312257156619101295e+01 9.688431039422850688e+01 9.446451538592768316e+01 8.072866206732351202e+01 8.716267832259333659e+01 9.961288245261864915e+01 8.896263365933189959e+01 8.089188917792149880e+01 6.795470536149092311e+01 5.296712021133391346e+01 6.481839626074446414e+01 5.389644246212323253e+01 6.858813137928977710e+01 8.818635718276141233e+01 7.580471889860405099e+01 7.004688339587457335e+01 7.580471889860405099e+01 7.752107637742406610e+01 7.241944461393516974e+01 8.890847114877033164e+01 9.771598523425515737e+01 1.091099228746235354e+02 1.187838523097691592e+02 1.103831316779159550e+02 1.187838523097691592e+02 1.289244191513330122e+02 1.135035412055397757e+02 1.023766798591646108e+02 8.870211669190378245e+01
1.677869817116807027e+01 3.679359671015998146e+01 2.793921727105812991e+01 4.764712306693799349e+01 6.052399630694164756e+01 7.549287856133351227e+01 8.196686840643459959e+01 8.255898641553555706e+01 8.885724230091325637e+01 9.430363780906121463e+01 8.639044321479231314e+01 6.738096570493345894e+01 8.381665339885854848e+01 8.026653193169906331e+01 9.961288245261864915e+01 9.629536067637174312e+01 8.135406195385318995e+01 6.069569931501965954e+01 8.086562565027846006e+01 6.858813137928977710e+01 6.858813137928977710e+01 8.818635718276141233e+01 9.547632948638941741e+01 8.970536345920677945e+01 9.547632948638941741e+01 9.719121742535993747e+01 9.207058400720258362e+01 1.002842167288490174e+02 1.014396217971179510e+02 1.097377385956574756e+02 1.089194357466535479e+02 9.088306893285727028e+01 1.006331003053866198e+02 1.185383156134928129e+02 1.053209728902777016e+02 8.624840846822326057e+01 7.546916942310129173e+01
1.718036145727853992e+01 3.664879724382351611e+01 2.501252186996709526e+01 3.878284226530269763e+01 5.865709135148484421e+01 7.492851180170718806e+01 7.350358174790251553e+01 7.407111463446430832e+01 7.502523363376788268e+01 7.197935669924592617e+01 7.913251779724852497e+01 6.006131742525747086e+01 6.460550695806183796e+01 8.381665339885854848e+01 9.357480481101265468e+01 1.031019186469611526e+02 8.993865715379565984e+01 7.277310143427769162e+01 8.985065224449587618e+01 8.818635718276141233e+01 8.818635718276141233e+01 9.618159795770760923e+01 1.006947675369344637e+02 1.088284803718008789e+02 1.084110855126120043e+02 1.003019748990554803e+02 1.084110855126120043e+02 9.847438327350360510e+01 8.214826526471892976e+01 9.847438327350360510e+01 1.006331003053866056e+02 8.138996542227101827e+01 9.063906777492097433e+01 1.101463568172241168e+02 1.100710416019878579e+02 1.023766798591646108e+02 8.542804212558613131e+01
3.610604487588933864e+01 2.107366196768967015e+01 3.934318826068537334e+01 4.437465996555179260e+01 6.364068943456307892e+01 5.552543602830990466e+01 5.921411993724078826e+01 5.688452925865963294e+01 5.954815019831659129e+01 5.607554846034516771e+01 6.738219329426104309e+01 5.350290915169824046e+01 5.960043864766676336e+01 6.639236557318236009e+01 7.593390675977320825e+01 9.495656736683308452e+01 1.021277964735951258e+02 9.351555055157315621e+01 1.008958671408404228e+02 1.010644151821264387e+02 1.025101773353662793e+02 9.736387469849303500e+01 8.074604636997942464e+01 9.736387469849303500e+01 9.849886216839263398e+01 8.037508413927945128e+01 9.849886216839263398e+01 9.030169607009723620e+01 7.116078972088375565e+01 8.259387942029384533e+01 8.698399208386450709e+01 7.507742582105882434e+01 9.421872201101476207e+01 9.869512699666468336e+01 9.082681090590678252e+01 9.082681090590678252e+01 9.340750971381021373e+01
2.056109640440269359e+01 3.936599450194402294e+01 4.792843276348649795e+01 4.929467010399316251e+01 5.057535431907022172e+01 4.198325390859877615e+01 5.506357733278877475e+01 5.722709736255458068e+01 4.174721651123292787e+01 4.445082919782972652e+01 4.808602873066809735e+01 6.738219329426104309e+01 7.878415811690631188e+01 8.554583618419003699e+01 9.357480481101265468e+01 1.031019186469611526e+02 1.148885440690242916e+02 9.509991058328144220e+01 8.100440767496669991e+01 8.101093580828582219e+01 8.255094250959130875e+01 8.917736800120414387e+01 6.891217032351124772e+01 8.846628225053405004e+01 8.023048525835261557e+01 7.012244099753765170e+01 9.033852951916755103e+01 8.306698122815325291e+01 6.384232862364158478e+01 6.336191401752338237e+01 6.784794308196487123e+01 8.698399208386450709e+01 9.316608250927018275e+01 7.945165358552131352e+01 9.082681090590678252e+01 7.193862736412043546e+01 7.887819601770461020e+01
3.980030092038334999e+01 2.338401385656880294e+01 4.263980239364394720e+01 2.916329036192060542e+01 3.126771424185242765e+01 3.341947616444436164e+01 3.572549305503529382e+01 3.810272569807247578e+01 5.748201421126638877e+01 6.379200300414137814e+01 5.092436280461630105e+01 7.022582310379863202e+01 8.332594816359949164e+01 8.332594816359949164e+01 1.027349055856178524e+02 1.057394146528071417e+02 9.780874612450496386e+01 9.780874612450496386e+01 8.684656385477595109e+01 6.696193507919754495e+01 6.849685828360618700e+01 8.151784294744673787e+01 6.113151579215294618e+01 7.190763615594978830e+01 5.983134695485129129e+01 8.023048525835261557e+01 8.466802277491741791e+01 7.665876369331587625e+01 5.722726310527052362e+01 7.665876369331587625e+01 8.698399208386450709e+01 9.511936264574632105e+01 8.354322307843281692e+01 6.594852587746989059e+01 8.354322307843281692e+01 7.888081637493974085e+01 5.982658870338222101e+01
4.027460628512211827e+01 4.263558513856315813e+01 2.621836118777493496e+01 4.343484000711862336e+01 5.022263987944710806e+01 4.508788791757672954e+01 5.509171656711202303e+01 5.001529022303012084e+01 5.199620507729230923e+01 7.137125886154034049e+01 7.022582310379863202e+01 5.801211978787654289e+01 6.411462220351948815e+01 7.766159983106798848e+01 9.700089473000245732e+01 9.780874612450496386e+01 7.862101840062780411e+01 7.862101840062780411e+01 9.218021511578568550e+01 7.690759162878921984e+01 5.700879135405419618e+01 6.910428638082383657e+01 6.614913072249169090e+01 5.154211369305352974e+01 7.190763615594978830e+01 8.464179436406001855e+01 6.510824834506286152e+01 6.863417784957366052e+01 5.370598547439967518e+01 7.327617278624234132e+01 8.404101587000371865e+01 8.298379571464056426e+01 7.551446391062957275e+01 5.622222572387452999e+01 6.591971227719041337e+01 7.215114095204059197e+01 6.818216998899517023e+01
2.128905779543326560e+01 4.062570294756739742e+01 3.980846836378189835e+01 3.985017193037705852e+01 5.881042474434435263e+01 6.482779191230386573e+01 7.205429014691620182e+01 6.715688747837762662e+01 7.114514172203932674e+01 7.936607153941007198e+01 8.530064219648293999e+01 6.911317430922952099e+01 8.332594816359949164e+01 7.977215206832988770e+01 9.913852743744425311e+01 9.780874612450496386e+01 7.862101840062780411e+01 6.491746463241069875e+01 7.559923774959766263e+01 8.166800418896352198e+01 6.910428638082383657e+01 4.918616846821920063e+01 4.591129360969051021e+01 6.614913072249169090e+01 8.021704962784670556e+01 7.238579156126340308e+01 6.431254706105146113e+01 4.894073687741531842e+01 6.863417784957366052e+01 8.017797779139651482e+01 6.408585110030753640e+01 5.942180903655889068e+01 6.489050701177816904e+01 6.223783825980285656e+01 4.639084285054835277e+01 6.376814846022601557e+01 4.876301783171031445e+01
