LEM_wLE/output/LEM_wLE_example/elevation_000006.asc
nrows	100
cellsize	150.0
xllcorner	0
ncols	100
yllcorner	0
NODATA_value	-9999
[rows 17 to 33 of 100, columns 0 to 36 of 100]
4.336683913182175498e-01 9.377940300425363418e+00 2.092494508467411762e+01 4.092363348539742418e+01 5.574138980720293546e+01 4.740120863247271643e+01 3.140073541861932682e+01 1.724002376171135964e+01 3.567187117490612991e+01 4.396571325824371712e+01 4.997414984388788639e+01 5.824865850570287762e+01 6.410152713274301561e+01 7.255247779320032464e+01 7.080596100947344951e+01 5.044304179984583669e+01 7.080596100947344951e+01 7.102986625521224084e+01 7.102986625521224084e+01 7.031767792718515864e+01 8.477500710056695254e+01 1.052478920569609642e+02 9.397503804205184963e+01 7.543278306378921627e+01 9.397503804205184963e+01 9.672654147018744197e+01 8.261224161666314103e+01 7.304774038322194940e+01 9.158987666791097126e+01 8.218998001141689258e+01 6.393201935734646923e+01 5.459435383833660893e+01 4.615938149611410068e+01 6.387206597423585919e+01 5.805740212671043565e+01 7.792615433328403185e+01 6.863320819960533470e+01
5.385724909496417689e-01 2.053857249094928505e+01 3.382109979803774991e+01 4.210537104549935350e+01 5.210537104549953114e+01 5.967728997603513363e+01 4.364075772146716758e+01 2.356480108906389859e+01 2.145638129550149031e+01 2.562671671345652413e+01 2.989104863431708381e+01 4.997414984388788639e+01 6.492461193051826740e+01 7.647940623199180266e+01 7.927430042512092712e+01 6.482005293765722342e+01 6.482005293765722342e+01 8.525722145957061571e+01 9.147540420250957993e+01 9.077137627384274765e+01 9.924294900532568420e+01 9.754986161479840234e+01 8.570372907314090583e+01 6.479984077578482982e+01 8.570372907314090583e+01 8.851587252788877436e+01 6.784726778119264168e+01 6.248525835989834576e+01 8.331789607002947662e+01 9.065822821212276494e+01 8.142543355829002394e+01 7.308906285636140865e+01 6.387206597423585919e+01 4.398254852720538821e+01 6.316652926117624389e+01 6.503007373819860959e+01 5.679516597944735423e+01
8.336531950628578436e-02 6.750031986172923659e+00 1.382109979803846045e+01 2.382109979803863808e+01 4.382109979803792754e+01 5.440378689060975859e+01 3.427038440421200249e+01 4.364203058573504279e+01 4.155857574695921386e+01 2.778164044455328252e+01 4.787881943177477240e+01 3.656367309684898004e+01 4.817605611056291792e+01 6.828623399557402252e+01 8.277149168922738909e+01 8.525722145957061571e+01 8.525722145957061571e+01 9.372854791258481555e+01 9.390283978045593472e+01 9.541833644585297236e+01 1.011419838904373734e+02 8.930999744986793587e+01 6.862286281297504331e+01 5.778549802956292325e+01 7.873576630735549031e+01 9.050794180150327861e+01 7.544389911642332436e+01 5.462874291737515620e+01 6.940604754381215002e+01 9.002056223206281516e+01 8.635377494921375785e+01 6.648660256521587542e+01 5.242475168716380551e+01 4.248934924510397337e+01 6.027156914120093489e+01 5.679514397830502759e+01 3.707375300671255758e+01
4.524162703296725763e-01 1.045241627032958576e+01 3.045241627032923049e+01 4.210537104549935350e+01 5.210537104549953114e+01 6.272703254765401226e+01 4.849757267072596534e+01 5.440378689060976569e+01 5.622898201603683788e+01 4.197414730931397031e+01 3.509170436042340668e+01 5.522919616892306038e+01 4.443867145470958491e+01 5.453117707082838450e+01 6.880057792890029589e+01 8.865109901969444195e+01 9.791358549998500393e+01 8.809658807625744714e+01 7.419023197575091899e+01 7.572180008897019832e+01 8.149078202201376087e+01 8.709777714542354943e+01 6.633888360018173103e+01 5.156158437011328743e+01 7.241902274965337938e+01 8.222270547225078019e+01 6.146824141149984655e+01 4.953954704412140586e+01 7.024011005988992906e+01 8.059636652582697991e+01 8.882213360168698557e+01 8.055144210531361182e+01 7.059478144031605495e+01 5.444884039592211167e+01 4.042893693934563260e+01 3.902376163913777418e+01 5.487815741505588818e+01
4.402443450947634007e-01 2.044024434509440979e+01 3.045241627032923049e+01 5.045241627032851994e+01 4.785161769544784960e+01 5.613587609052822813e+01 6.866264936253391227e+01 7.454016115853441704e+01 7.048381672275972676e+01 6.084442200870173423e+01 4.065211208632863560e+01 6.084442200870173423e+01 6.457291900856780842e+01 5.522942153100731844e+01 6.949234304870773826e+01 8.932895191751340747e+01 8.568975960806272951e+01 7.005012519648752800e+01 6.013632926609674456e+01 6.167498312824251627e+01 8.149078202201376087e+01 8.338146334216514788e+01 6.750287737753558304e+01 4.677313975120284795e+01 6.750287737753558304e+01 8.035299783428706633e+01 5.966288235053070110e+01 4.513457819312016284e+01 6.572287687219017016e+01 6.019195308396367494e+01 7.469109834267564452e+01 9.485294506304109063e+01 8.253174451575506509e+01 6.843503622964689725e+01 5.186771401702129225e+01 5.882535553454174959e+01 6.311241902036094586e+01
4.237187090225543740e-01 2.042371508521106094e+01 2.978716272709874247e+01 3.370948254898878105e+01 2.785161837041220778e+01 4.785161769544784960e+01 5.537614861959504253e+01 6.366040403016869220e+01 7.366039493417795825e+01 6.920339013534238859e+01 5.229432860295471386e+01 5.229432860295471386e+01 7.252406680568211073e+01 6.689688231488332804e+01 8.345548003027495554e+01 8.896126855295578650e+01 6.919621901942558395e+01 5.770734142243723142e+01 5.019946443898776067e+01 6.377279509118519485e+01 7.194754185679219916e+01 7.498989583459365349e+01 5.418689511220682675e+01 4.238664284989906861e+01 6.297927776757161666e+01 7.349042981091010063e+01 6.160521713660881460e+01 4.111898045472338481e+01 4.731984934934176579e+01 6.171333493907808787e+01 8.195981828857631513e+01 8.511222447115522982e+01 7.685921047875454803e+01 7.969060191312600239e+01 7.167640708046151587e+01 6.779935430778554917e+01 6.354630808094731975e+01
9.142864485297492738e-01 2.091428644852939556e+01 9.787160044912743828e+00 1.370948274767639141e+01 3.370948254898878105e+01 4.537614901696767333e+01 3.537614941434020466e+01 4.537614941427779058e+01 6.537614782491235133e+01 8.086891699855443960e+01 7.252406680568209651e+01 7.252406680568211073e+01 6.882186715204622374e+01 8.678443539491499337e+01 9.487922262509819404e+01 9.706861942459917714e+01 8.568975960806272951e+01 7.754991188422584969e+01 6.377279509118519485e+01 4.396560131251364112e+01 5.805495076118165798e+01 6.623575216126054954e+01 5.894072979520606737e+01 3.849711964911723783e+01 5.357197474905566992e+01 5.295964000956338680e+01 5.295964045119820440e+01 3.729015605498075558e+01 5.766263904916140604e+01 7.317717929365250029e+01 7.266837917183850948e+01 7.685981851271456833e+01 5.706847017187126170e+01 6.283912056353771192e+01 6.348646264313559584e+01 4.823846578768695537e+01 4.381532721083487303e+01
9.064013007315497861e-01 4.441935206664302527e+00 1.858407080699055314e+01 3.370947785809114094e+01 2.037614941434294380e+01 2.537614941434285498e+01 4.537614901696767333e+01 6.366040403023151129e+01 7.366039493418168149e+01 7.129221128120065032e+01 6.979933323636831233e+01 7.808105048684882377e+01 8.899696619026995847e+01 9.732549312954208176e+01 9.699002638242305352e+01 8.566100719102213645e+01 7.755495198355440323e+01 7.056261857594802223e+01 6.459113684357494378e+01 5.805495076118165798e+01 3.837326383716627021e+01 5.805495076118165798e+01 6.743068798514124751e+01 5.357197474871151144e+01 3.337345371983316511e+01 4.858805705239931427e+01 3.279712989492430353e+01 5.295964041627478736e+01 6.375179868292321572e+01 5.154975956007645976e+01 5.265594899747228652e+01 5.981149160298755874e+01 6.164837817603983439e+01 4.318280319847446691e+01 5.197147596437534389e+01 3.792906625541941423e+01 3.028954503338627191e+01
3.063610709598194592e-01 2.030636107095946485e+01 3.272599448757549823e+01 4.686736500561029573e+01 4.037614911631150250e+01 3.951828503516158264e+01 4.170608100483167391e+01 6.170607899228317450e+01 6.543339013682690108e+01 5.129303530018953694e+01 4.980002218787191737e+01 6.394204537034120506e+01 8.394007704125436931e+01 8.237595869497995693e+01 8.891378366612092066e+01 6.923971007729254268e+01 5.777764650821130488e+01 5.075745422720522981e+01 4.480851189062307327e+01 3.961595755995734436e+01 3.485577853948171878e+01 5.032697052059114640e+01 5.848110185704365449e+01 6.029652414460871057e+01 4.828152674314173254e+01 2.861148727633761979e+01 4.570532826657657210e+01 4.512831092965263480e+01 4.728970489081904560e+01 3.876276299020499039e+01 4.632122927671560575e+01 3.157531427167430138e+01 5.123989441549258572e+01 5.198920973429883219e+01 3.230711937354663377e+01 2.972499658444871429e+01 4.902250259267860599e+01
2.739570439748240105e-02 2.002739570439712580e+01 2.406505488930423198e+01 3.820719051303468206e+01 5.820719051303397151e+01 5.951828368838059902e+01 6.170607899228317450e+01 5.690590407380209825e+01 4.862274059413005745e+01 3.715091846078982485e+01 5.129303530018953694e+01 7.129221128120065032e+01 6.604744813279916116e+01 6.237769912648559512e+01 8.237595869497995693e+01 8.566100719102213645e+01 7.755495198355440323e+01 7.056261857594802223e+01 6.420611998584843150e+01 5.929380221383903660e+01 4.454226822329978575e+01 3.092358682969321393e+01 4.652385185381215393e+01 5.235427987054450227e+01 5.102871681577380514e+01 4.541423255531330483e+01 2.528738778425998035e+01 2.538657766783663661e+01 3.487415830862719446e+01 4.297888360337790914e+01 2.695574893202565647e+01 2.736233184867754176e+01 4.197844702337967959e+01 4.644858765444593729e+01 4.804515210177054030e+01 2.932269543652107302e+01 4.861943696882676136e+01
1.758338105654860817e-01 7.735123270749997282e+00 2.187725889448120142e+01 4.187725889448049088e+01 5.346886114575632121e+01 4.762017732164630246e+01 5.032388597659309681e+01 4.862274059413005745e+01 2.862288981803727239e+01 4.754125584264864557e+01 5.190557482471804462e+01 5.661956516755063262e+01 4.604788820191804177e+01 5.759488459252501258e+01 7.759386465591583715e+01 8.880299913887326113e+01 6.758187080394954194e+01 6.758187080394952773e+01 7.591010519737692164e+01 7.194820249193914208e+01 5.824071838692722736e+01 4.652353912378280398e+01 2.717347311496907381e+01 4.081034915480780256e+01 4.325256567287436127e+01 4.368226426033557885e+01 2.483082927362530512e+01 4.245379311839806746e+01 2.596381835590586462e+01 2.637741681072151323e+01 3.772321329661804157e+01 4.405882120828471926e+01 2.793720802730932462e+01 2.834317874438945850e+01 2.875088832253664606e+01 3.209249560900833131e+01 4.775635282798552339e+01
4.683972685643240652e-01 2.046839726856396879e+01 3.601939451821089477e+01 4.161342389028851585e+01 3.346498215785688046e+01 2.760686849215157324e+01 3.032829523559230012e+01 3.898669012566825387e+01 2.345891202309421075e+01 2.754139492773277098e+01 3.190575273245254451e+01 3.661979794036166425e+01 5.661956516755063262e+01 7.432960382592021631e+01 8.587485229471087678e+01 8.252526424987954101e+01 6.139211457076809353e+01 4.689233023858947291e+01 5.645937302442506223e+01 6.481038320745949477e+01 6.255008417552532052e+01 4.818645768625169978e+01 3.385374040661837824e+01 2.346954903876640941e+01 2.386843878019079668e+01 2.426678425922529314e+01 4.349801292099235184e+01 5.153385441280885715e+01 4.466218447028339966e+01 4.112299099907724553e+01 3.402733698584994215e+01 4.719925331645261224e+01 4.186117960007467786e+01 4.765408323922731171e+01 2.873637824349727765e+01 3.693156251160175430e+01 5.063720304858775734e+01
2.051881798473268459e-01 2.020518817984697080e+01 2.522268528009672650e+01 2.161498599396190201e+01 2.978226617446650693e+01 1.346456063027969918e+01 1.618621590003873933e+01 1.898677606809470930e+01 3.898669012566825387e+01 4.754125584264864557e+01 5.190557482471804462e+01 5.661956516755063262e+01 4.926890376665215143e+01 6.341094801599952291e+01 8.340914242414143587e+01 7.765841058115526607e+01 5.683572438748734612e+01 4.511591035136313366e+01 3.593064407864716259e+01 4.918035142817922178e+01 4.471884816223472825e+01 3.605117418566211995e+01 2.291017938300171863e+01 4.236270159706691629e+01 4.330723968415941272e+01 3.124999904615267710e+01 3.904605822288777972e+01 5.787541164392623472e+01 6.065841688751449112e+01 4.315115863845359456e+01 5.527262161495562509e+01 5.665006551476792396e+01 4.596485331954394127e+01 3.414028084763337745e+01 4.942607381482297768e+01 5.642525433634917675e+01 5.064786864974476543e+01
8.187695587851057111e-01 3.014054758578917248e+00 5.222685280075856973e+00 7.472861081927914206e+00 9.782262158686437559e+00 1.532926412093867974e+01 3.532877590262154399e+01 3.898669012501905939e+01 2.967722565642499788e+01 3.967722484222410628e+01 5.381931912810945562e+01 7.381820636567859140e+01 6.926828354665734366e+01 7.755010133350168644e+01 9.055950118310676089e+01 8.641806878412467086e+01 7.434112725628419582e+01 6.509930220308808657e+01 4.918046460675516585e+01 2.830742724037120439e+01 2.415921555745974203e+01 2.234799813431595084e+01 4.129008182275423167e+01 4.918617498169477642e+01 5.538592376303511600e+01 4.864623191472863795e+01 5.622576329755931823e+01 6.570757826367166388e+01 7.184589420673712823e+01 5.757524762463479817e+01 6.378004656634880831e+01 7.301571111344857457e+01 5.663630023329499608e+01 3.700436640835167879e+01 5.663630101231704117e+01 6.984747685482636825e+01 7.053447517525324884e+01
2.311624522989861319e-01 2.023116245213047648e+01 2.522268528006420141e+01 2.747286108196039578e+01 2.978226617446650693e+01 3.532877590262154399e+01 2.427353601942860806e+01 3.841563556672146973e+01 4.967704121301623843e+01 5.796010639218099669e+01 6.795934634137756802e+01 7.640909852500045929e+01 6.811891557025296606e+01 6.225869586689301372e+01 7.640261328434441168e+01 9.642398556466739024e+01 8.066312872959636593e+01 5.989366429274444670e+01 4.540555198780303670e+01 4.619524450180104935e+01 2.626827594295309609e+01 2.194903171552318355e+01 3.195913603747420595e+01 4.353781407687406357e+01 4.460427313293516960e+01 5.269683461204685671e+01 6.103192698624821588e+01 6.942023195824096149e+01 7.949790227264145415e+01 7.881978179570414511e+01 8.447413086655245706e+01 6.887476954893121217e+01 4.927388710442916420e+01 5.663630101231704117e+01 4.174912973563292695e+01 6.159869143787840784e+01 7.630779884394651447e+01
9.845726073866658545e-01 6.329797445635129804e+00 2.632979744549273349e+01 4.081931857429187005e+01 4.910358931274068794e+01 5.254856819989094419e+01 3.321780771223484408e+01 5.254856819989094419e+01 6.668150083306029785e+01 6.718304527892082945e+01 6.698663538452191801e+01 5.870157012908030936e+01 4.814170910356475019e+01 6.225869586689301372e+01 8.226673745659059023e+01 8.860102026557892430e+01 7.651615017613151792e+01 6.779590877007748873e+01 5.289304620717422267e+01 3.279964109105468140e+01 4.619524450180104935e+01 4.172509384979540670e+01 2.138213056451832372e+01 3.229570012245235944e+01 3.022294276563917848e+01 4.505885226404541299e+01 4.079785647383832980e+01 5.082140893583679286e+01 6.518574796633262736e+01 8.566291104063583361e+01 8.576108623543984777e+01 7.703462180882596044e+01 6.314164965674869734e+01 6.789494327498009341e+01 4.798444674771943141e+01 4.814790815065197904e+01 5.964440449728168403e+01
3.295302290958179725e-02 2.003295302290922564e+01 1.449476325491231954e+01 2.081931857524896756e+01 3.496145419897941764e+01 5.496145419017396705e+01 4.476479755220825041e+01 6.148856828875493363e+01 6.718304527892082945e+01 4.722004438799594084e+01 5.088332330642347756e+01 3.876887357367440501e+01 5.870157012908030936e+01 6.490424396670194085e+01 7.319066577998091816e+01 7.981236137215900328e+01 5.899925493861062620e+01 4.733314310545246428e+01 4.027312499973414361e+01 5.289304620717422267e+01 6.148391416726118308e+01 4.920464980093815655e+01 3.563107200220146353e+01 2.080772900177293039e+01 2.234665375707100310e+01 3.006083983567659956e+01 5.092064568502144084e+01 6.942073988210758273e+01 6.726130000268129550e+01 7.595408870419994685e+01 6.541775501444499241e+01 7.980248300818567486e+01 8.271574534734928363e+01 7.493627565443247818e+01 5.502038015803569948e+01 6.805855987441557886e+01 5.595514920310600360e+01
