LEM_wLE/output/LEM_wLE_example/elevation_000003.asc
nrows	100
cellsize	150.0
xllcorner	0
ncols	100
yllcorner	0
NODATA_value	-9999
[rows 0 to 16 of 100, columns 37 to 73 of 100]
1.495529841007602840e+02 1.514254989246239234e+02 1.422459169160278236e+02 1.300668877136415063e+02 1.216534155711113243e+02 1.241843140305229838e+02 1.278849848512245302e+02 1.079357682205321964e+02 1.079357682205320117e+02 1.108335277241525461e+02 1.025636205048906362e+02 1.084010405049264278e+02 1.150966083799391129e+02 1.226349232337544777e+02 1.308331859521549632e+02 1.422545683551154809e+02 1.310275470748148905e+02 1.224553510192578187e+02 1.309611080732974813e+02 1.303821811742338639e+02 1.385936876450368800e+02 1.279708545854833375e+02 1.195144758517783288e+02 1.259009919924950793e+02 1.330624560853204343e+02 1.417300830712181039e+02 1.511124433808530227e+02 1.638213772231870280e+02 1.650348457358841472e+02 1.446042612130602834e+02 1.446042612136382957e+02 1.472275852821418027e+02 1.389438720152415954e+02 1.472275852811958998e+02 1.364292970391581719e+02 1.280653762305923067e+02 1.364292970396140561e+02
1.394214497341131391e+02 1.315809830385001362e+02 1.334077939902441869e+02 1.131662922636295292e+02 1.015420747440502538e+02 1.041476616459994347e+02 1.183199784909395476e+02 1.079357682205321538e+02 8.770267420605385666e+01 9.513923598091778899e+01 8.223093209249519475e+01 8.817941164035718771e+01 9.500962915888801774e+01 1.026900724752454579e+02 1.142666205747350858e+02 1.340652631171970768e+02 1.207937995966179869e+02 1.022339752082151705e+02 1.207754259625532711e+02 1.103785306937355273e+02 1.199887255230477905e+02 1.115783597939007592e+02 9.930192895599778069e+01 1.057330235369964555e+02 1.128637846865163823e+02 1.218257944740388865e+02 1.334344869333762631e+02 1.543345417795361811e+02 1.581691995919923102e+02 1.363454809501713214e+02 1.243986684475036952e+02 1.342220027070946742e+02 1.190659528766083781e+02 1.372709446605220762e+02 1.263435854097027260e+02 1.079025966931560561e+02 1.263435854096758106e+02
1.230885656063229021e+02 1.171181019777283723e+02 1.374142765208748074e+02 1.241845367865699217e+02 1.041476622311269722e+02 8.979249836130040308e+01 1.020770751224926869e+02 9.727589555764936335e+01 9.281444750882015171e+01 7.467259032974877186e+01 9.513923598091679423e+01 1.084010405049268257e+02 1.079782498164167066e+02 1.162354217004987049e+02 1.308331859515339488e+02 1.257026425337322451e+02 1.123281004473593470e+02 9.203351450516223053e+01 1.123267320065370569e+02 9.867892966938308064e+01 1.046069258229918972e+02 9.126868238173149450e+01 1.115783597939011713e+02 1.190649286025556961e+02 1.247147672158894096e+02 1.316069687864555249e+02 1.404567767256401680e+02 1.516059733993116367e+02 1.643982478724923908e+02 1.527243164726260432e+02 1.342220027071009554e+02 1.146211761160798801e+02 1.092384023043137233e+02 1.227735258246919585e+02 1.179839864615782830e+02 9.774912807808205173e+01 1.179839864615784961e+02
1.024886857789163770e+02 1.230885656063754823e+02 1.310297061584172127e+02 1.226897972102509726e+02 1.183203380129559150e+02 1.020770751228698856e+02 8.172056992007652809e+01 7.683980083646660830e+01 7.229838840408321232e+01 7.032292530358898830e+01 9.087166969962640906e+01 9.367118348591381505e+01 8.774500257404773151e+01 1.079782498164168203e+02 1.266286966878612645e+02 1.172327285548257549e+02 9.700412831600509378e+01 8.517356468744871734e+01 9.755277023422200955e+01 1.000779258443899948e+02 8.420133616424382694e+01 8.881473955630116279e+01 9.366898174075321037e+01 9.879763685694692299e+01 1.044497689683000914e+02 1.111895589709155843e+02 1.212910632198922656e+02 1.424852446231876968e+02 1.585384153158139213e+02 1.454958946886311253e+02 1.337255138472629881e+02 1.342220027070946742e+02 1.227735258246919017e+02 1.028428277009268754e+02 1.112390336667742190e+02 9.096725623824862339e+01 1.064693276630948588e+02
1.127990695929117066e+02 1.314352196225974296e+02 1.226898628675610752e+02 1.024099233910820317e+02 1.083496927859906407e+02 1.103812965438191753e+02 1.020770751227702107e+02 9.727620575438876926e+01 8.676194241417826447e+01 6.612084801753576357e+01 8.271315197785538942e+01 7.317058371760056446e+01 9.367118348591390031e+01 1.070633316533655375e+02 1.070319168771378742e+02 1.140319048041105816e+02 1.025970450931444020e+02 9.420490576879174682e+01 7.707251982101848853e+01 7.974596054289941094e+01 1.001959481243324745e+02 1.091736147374206780e+02 1.139773696191716681e+02 1.190649286025486191e+02 1.187352397329329392e+02 1.316069687766706409e+02 1.404567767679222356e+02 1.513268816411257660e+02 1.431225055646845021e+02 1.278357801933291569e+02 1.229293969022170074e+02 1.291793726635837913e+02 1.207390910499325543e+02 1.169119000828616066e+02 9.680720355354982587e+01 1.064693276630943330e+02 8.611085934761176475e+01
1.090148375149440056e+02 1.294134050043372497e+02 1.197510698390161537e+02 1.073102339500389490e+02 8.769360487235749702e+01 1.083497968912767249e+02 1.100215496235870347e+02 1.070313988173326578e+02 8.676194241417823605e+01 8.271315197785533258e+01 6.196898928547319230e+01 8.271315197785541784e+01 9.431320562184879464e+01 8.688826612741654287e+01 1.070633316533656227e+02 9.933495081956911577e+01 8.497994769609451282e+01 7.368182529061805042e+01 9.420490576894133028e+01 1.001959481243224417e+02 8.783656226469655337e+01 9.621453744585944889e+01 1.053109947989488688e+02 1.169293585539193003e+02 1.370363124032930102e+02 1.479764854853011968e+02 1.579972864729878381e+02 1.482045416868451184e+02 1.289161668446297426e+02 1.144555610784048554e+02 1.032297382041296316e+02 1.139724438597469458e+02 9.958697734963979542e+01 1.170660825586674605e+02 1.093965089687506804e+02 1.009682159189937778e+02 8.281773419773048772e+01
1.294134050043367097e+02 1.263828457499450337e+02 1.052011185307348029e+02 9.054025976927701436e+01 8.028553303211739944e+01 9.268828141021438682e+01 8.971983231367207168e+01 1.040314606823888397e+02 9.777285553314194999e+01 8.009924375009191522e+01 5.928914113715250522e+01 8.009924375008829145e+01 7.384284946138909334e+01 9.431320562184923517e+01 9.629010311554591794e+01 8.788357395806734473e+01 7.036292883265856801e+01 7.770852650474228085e+01 9.223750537315603992e+01 1.124949285722522916e+02 1.081777544492796750e+02 1.007613045915831975e+02 1.150641333223030784e+02 1.338366769324194365e+02 1.455012052181073159e+02 1.520949026102782113e+02 1.378424440291348958e+02 1.520965820268160940e+02 1.387999102173437791e+02 1.185130566203375224e+02 1.034899492499270224e+02 9.218044068759365928e+01 8.713110849676121461e+01 1.018786364669764311e+02 9.875016194411804804e+01 8.056992635313532958e+01 9.499911095999642896e+01
1.132460526688307993e+02 1.217169627854850376e+02 1.072978792412316267e+02 9.895807040901206619e+01 9.268828141020036071e+01 7.229934959873064315e+01 7.528460564839578240e+01 9.386791261516539464e+01 8.942894400373891983e+01 6.883216008517649698e+01 5.667641794640805131e+01 6.337532876094502399e+01 8.408308953295971833e+01 9.729630149551658747e+01 8.788357395806404782e+01 6.725152683931091246e+01 8.788357395806637840e+01 9.817076725864282594e+01 9.223750537315603992e+01 1.066022877063071235e+02 1.267210220690136708e+02 1.209818262053824327e+02 1.294489357890303154e+02 1.442594568489292044e+02 1.476282343025579280e+02 1.437544062456032918e+02 1.235880946079868039e+02 1.437544062456032918e+02 1.425309894031638294e+02 1.328582198317149334e+02 1.224749681761323643e+02 1.139724438598332341e+02 1.019186543590731588e+02 8.169714098294195992e+01 7.837579978654524382e+01 9.875016194411809067e+01 1.093965089690658203e+02
9.261874482513393048e+01 1.132460526688036140e+02 9.895807040855791570e+01 7.861234656786369612e+01 8.457147110031499437e+01 7.945054834841914726e+01 6.505281700368679765e+01 8.547533664620308969e+01 8.039805179051131745e+01 7.192483447834818833e+01 5.432020535334827116e+01 7.515523553457609296e+01 7.680255735175859400e+01 7.680255546543853029e+01 8.577607206598955258e+01 6.509429775141910568e+01 7.712618439025798978e+01 9.165908949692465058e+01 1.119154440967140118e+02 1.208500126448216889e+02 1.219295626767632967e+02 1.302533054176291500e+02 1.418214115956897672e+02 1.476282343025580133e+02 1.276376484270428762e+02 1.313276114175894804e+02 1.159563375920880901e+02 1.260474433221232147e+02 1.223428508780404655e+02 1.425309894031794329e+02 1.371559436900205071e+02 1.227876304426259964e+02 1.105299128994675613e+02 9.725373924278147797e+01 7.685043700070360728e+01 9.725373924278147797e+01 1.105199220170829193e+02
9.866034293554234580e+01 1.104473616968154346e+02 9.633020365089423365e+01 7.596348144819700110e+01 6.410793885104421008e+01 5.890570913823024313e+01 7.945054682201416085e+01 7.855059508597724971e+01 7.006791113924559511e+01 5.104500037199454709e+01 5.263415040047986793e+01 5.425441622010252729e+01 5.590929021432962287e+01 7.680254978735214877e+01 8.086620170595146817e+01 6.298115606714823400e+01 7.505235406789101660e+01 8.961241184089551837e+01 1.098915872473857434e+02 1.103481800832733342e+02 1.018700196030954430e+02 1.134854544083485024e+02 1.334644290840187466e+02 1.407987221895041614e+02 1.306647425372041198e+02 1.111647110793030748e+02 1.260474433221076964e+02 1.058075504256050152e+02 1.260474433221077959e+02 1.286546022290095834e+02 1.202309124453235825e+02 1.084193059987465517e+02 9.395455944417705041e+01 8.370632547145842750e+01 7.544788097647575853e+01 9.581149621176248843e+01 9.007878481367581003e+01
8.134080502143751801e+01 1.019490578402528342e+02 1.046775987214925721e+02 9.295511029296334016e+01 7.541990250455781108e+01 5.479073530571228190e+01 7.102082521243977453e+01 6.823214088182434978e+01 4.922871451762571127e+01 7.006791113925400794e+01 6.748954080336618233e+01 6.912143692331176226e+01 7.680255499317668466e+01 5.831445024228309393e+01 6.005496288470378374e+01 8.086620275531475954e+01 9.213764303805400857e+01 9.646365229030664068e+01 1.008121028376152566e+02 9.011910542446854322e+01 1.103481800832678914e+02 1.226620479509505088e+02 1.326791181398213268e+02 1.324325338270224393e+02 1.122329796238703636e+02 1.020438325500881831e+02 1.140530305202141079e+02 1.005126432093009612e+02 1.208221724752039137e+02 1.202309124498992929e+02 9.989653997313892830e+01 1.058523397582686130e+02 1.125936027121521619e+02 9.439999348675311808e+01 7.407806262548662346e+01 7.986337115968650835e+01 1.002993534145221588e+02
7.641364752157255680e+01 9.701899598588698836e+01 9.896982847434661323e+01 7.862187404944710067e+01 6.678021764040911989e+01 7.102083226245855485e+01 5.036405682177660026e+01 4.745271315848122384e+01 6.823214088182430714e+01 7.855059508616042763e+01 8.815265357495852072e+01 8.973731516947046316e+01 8.760762188907285974e+01 6.885830481803036207e+01 8.086620275531480218e+01 6.480265426423882502e+01 8.550082057564181071e+01 7.599513443607391139e+01 8.041606185963416920e+01 8.694269304452559766e+01 9.419878568423756349e+01 1.043465661287429782e+02 1.243561947403205750e+02 1.407987221895786547e+02 1.306992070493560902e+02 1.140530305202000960e+02 9.365055891256592702e+01 1.140530305202126016e+02 1.291958341327300559e+02 1.219640761223906935e+02 1.058523397576681333e+02 8.556005997471241642e+01 9.500565995713455436e+01 9.303649123054326253e+01 7.275545306143825997e+01 9.303649123054324832e+01 1.002993534113467149e+02
9.046720320064184762e+01 1.055292034360111870e+02 1.073090799872131953e+02 9.559757720581373519e+01 8.722193150967298436e+01 7.945175784591260992e+01 6.694524987424253482e+01 4.621651217462325434e+01 5.817317696944306249e+01 7.291864306244627869e+01 9.343648745443026371e+01 1.031251288439872269e+02 9.786776057317690913e+01 8.350993456719851338e+01 9.345853056130113146e+01 7.518567894749652680e+01 6.998005485270462600e+01 9.055490014379215324e+01 1.008121028376174024e+02 1.072263622310218381e+02 1.143513804338732456e+02 1.226620481722370073e+02 1.326791181398292565e+02 1.414836510267127210e+02 1.298071150394149527e+02 1.105547197511817785e+02 9.013267914887985910e+01 1.061449551278840175e+02 1.145552931054781709e+02 1.082639406442048937e+02 9.249250008444590776e+01 9.317379135087462316e+01 7.488457147068437791e+01 8.979372007568817082e+01 7.144309067326652496e+01 8.570910751325027377e+01 1.061114976618940915e+02
1.009306291629383452e+02 1.035524799150876731e+02 1.116426840757214762e+02 1.025530200911861129e+02 8.210664455245165527e+01 6.745006313297587042e+01 5.538847287745622339e+01 4.509359831954530762e+01 5.970864652077798951e+01 8.042016134020803975e+01 8.652969116790175974e+01 8.279948782702085452e+01 1.031242502880204910e+02 1.038729155678403515e+02 1.038628478569406184e+02 8.968068464046996269e+01 9.055490014379218167e+01 8.194560389270507983e+01 9.641049506267904690e+01 1.165711614351456831e+02 1.200514255291518140e+02 1.116303935651189079e+02 1.200514261771973850e+02 1.330943128644075273e+02 1.128820959041941734e+02 1.012695913796001861e+02 1.061449551278841454e+02 8.569640064481357911e+01 1.019690580646660294e+02 9.993281383180546129e+01 8.092037093080512022e+01 7.376604145564338921e+01 6.831773610746553516e+01 6.960377676667195601e+01 8.979366988003523886e+01 1.001264910539835284e+02 1.115990806117769978e+02
9.462471751612081050e+01 8.362343263805340143e+01 1.002038725763396627e+02 9.991712151567419653e+01 9.149234364944418019e+01 7.926273636342111217e+01 5.855485395578358521e+01 4.398426795279339530e+01 6.462005213658747493e+01 7.621471018479896031e+01 6.589952757884732648e+01 8.056590324147929039e+01 1.009278663636675759e+02 1.057416919256002785e+02 1.085348949935630571e+02 1.109788200248060690e+02 1.106557918054261762e+02 1.023154175310622094e+02 1.106557919556897787e+02 1.134420864058038347e+02 1.050256940557121936e+02 9.095217339513008881e+01 1.095429516041924529e+02 1.182898498957947311e+02 1.297749244731449210e+02 1.214247839615091493e+02 1.133398627620623955e+02 1.019690580646660436e+02 8.153091919357508743e+01 9.792553728467845531e+01 8.665794451933433606e+01 6.654080890509203527e+01 8.487384338792332983e+01 8.979357191928225745e+01 9.823191208676202280e+01 9.124166774470531038e+01 9.124166774430185001e+01
7.450952908712139333e+01 7.187617444362822994e+01 9.204643910499829929e+01 9.150831714758770374e+01 7.127802980898020735e+01 7.715409544643421214e+01 6.347485821974495224e+01 4.288190333103832330e+01 6.347485570185652648e+01 5.544863119198404178e+01 7.621471018480394832e+01 9.489709806642274259e+01 1.002222132491719435e+02 8.647738553836677511e+01 8.832597524129150202e+01 9.466789682524708383e+01 1.156569489170506131e+02 1.091658498186175734e+02 1.007516712746440248e+02 1.007516712664624094e+02 8.439798388943596308e+01 8.047337344517718805e+01 8.806434058611631599e+01 1.005129207756715317e+02 1.226112791930310664e+02 1.301085879072195155e+02 1.178337708628922940e+02 1.088474280844431519e+02 9.792553728467247254e+01 7.753024896593501580e+01 9.448382871171786235e+01 8.321343476628400992e+01 6.481198296922273983e+01 8.331376674358676837e+01 8.222550359843084777e+01 7.104835174395840625e+01 8.891386037594740799e+01
6.013254568547001355e+01 8.040113137311321623e+01 9.459292369722886917e+01 9.140124300386106881e+01 7.127454838739573972e+01 5.707670460915205268e+01 6.233653468248159868e+01 4.178413966039911287e+01 4.665017505787857033e+01 5.698697320518293452e+01 7.172175493220078124e+01 9.224632253164575957e+01 9.110136399259759798e+01 7.282627283121094308e+01 7.375508649334783229e+01 8.850312443216384395e+01 1.095509739500352566e+02 1.007516712746227086e+02 8.017447849040510732e+01 8.017447849040486574e+01 7.238847702590382482e+01 9.311628003818663046e+01 1.095429204875520952e+02 1.182898284858648736e+02 1.308501385538847614e+02 1.210172355286483992e+02 9.841169585751832471e+01 8.771832984794130539e+01 8.087219630040945617e+01 7.480949884245146109e+01 8.819287189135273763e+01 6.804064518241740700e+01 8.331376674358678258e+01 6.331443593436083717e+01 6.228052913180501804e+01 6.126031166036185027e+01 7.748707756143079450e+01
