LEM_wLE/output/LEM_wLE_example/elevation_000003.asc
nrows	100
cellsize	150.0
xllcorner	0
ncols	100
yllcorner	0
NODATA_value	-9999
[rows 68 to 84 of 100, columns 37 to 73 of 100]
4.413703729131471931e+01 2.515352699810315684e+01 4.446427664876357255e+01 6.318436538639231514e+01 7.258914248102733779e+01 7.408121409429141124e+01 7.629959897066753172e+01 8.473630407129829223e+01 8.167223680513406237e+01 8.017277155403132838e+01 8.851620437356368143e+01 9.440514004572213480e+01 1.029269941701699622e+02 1.059230806512189247e+02 1.077483219244232799e+02 9.610843617281302897e+01 8.483266210069567137e+01 6.774631453954020799e+01 4.790869738434093961e+01 5.174309400397067549e+01 4.143480984272030554e+01 4.504852989210693437e+01 6.381846690170999636e+01 7.337409123491096352e+01 7.533001737259949948e+01 6.696710396406369625e+01 5.052265088488429967e+01 7.101071985711030266e+01 7.827240435893207859e+01 8.661083957826063795e+01 8.392733137433073409e+01 7.798671041532216464e+01 6.150661600788228611e+01 5.239832185114746466e+01 7.243894028193024326e+01 7.660025469943424525e+01 5.634898523580640983e+01
3.135324959696723468e+01 2.553044776873135291e+01 3.772360026755107043e+01 5.637069820453866242e+01 6.816366759946552634e+01 5.396404648050157959e+01 5.616064724701895017e+01 7.584442636872785215e+01 6.167125840800512293e+01 6.018172669397888086e+01 7.429076573960054475e+01 9.437318976530659143e+01 9.966128009946810096e+01 9.337927764620467030e+01 9.941697289869712506e+01 7.923654122284901291e+01 6.759004253947762209e+01 6.521040499406403512e+01 4.647368858335988051e+01 4.053950567014296524e+01 6.037865341392795671e+01 4.234909248647942093e+01 5.239244618636826800e+01 6.330101748339635748e+01 6.438820088556785493e+01 4.676813877596295299e+01 6.696060504452792372e+01 7.927431010934382982e+01 8.643977770526579718e+01 7.581282535113165011e+01 6.376303259681424151e+01 7.038722776514661916e+01 5.141415183684467394e+01 7.141078238511326504e+01 5.339236080411912155e+01 7.348157295622425522e+01 5.551116623701909703e+01
2.785469832684131930e+01 2.591094401173739215e+01 4.546382322839666301e+01 5.373108803272700840e+01 4.976288415391987030e+01 3.967584879390996377e+01 5.985622834740559028e+01 6.002744989024593991e+01 4.760038073383629609e+01 5.752780477011471305e+01 7.149707904070490372e+01 9.123436549103286097e+01 7.850356223012866508e+01 7.234185979953662127e+01 8.730535034074571854e+01 8.927114747671218709e+01 6.909651611899541024e+01 5.541391996141956611e+01 5.975644507942129735e+01 3.991010824508178700e+01 5.891477381911009559e+01 6.259344830364024403e+01 4.325981204765434995e+01 4.390252425373432033e+01 4.454559956401219267e+01 4.520914393905702156e+01 6.435447399493129694e+01 7.406896236448318405e+01 7.540702281690393249e+01 5.709291581922069980e+01 4.974290669949704125e+01 5.043330631461172686e+01 7.009055254652096778e+01 7.926935677394610025e+01 6.852841546591545807e+01 5.438992607588161832e+01 5.506436279721337712e+01
4.930044913522662853e+01 4.447453293201963476e+01 2.644761044059078969e+01 4.601867297805612367e+01 3.008869791994242959e+01 4.945334056021011548e+01 5.339964833251797671e+01 4.008042903590318673e+01 6.002744989024623123e+01 7.584462175538796203e+01 8.363412861151711297e+01 9.269481652974988606e+01 7.849457232641287874e+01 5.782574073849240648e+01 7.367227372209292469e+01 8.230661041484046336e+01 7.971192324478866453e+01 7.135084947016829915e+01 6.548733825619441973e+01 5.724579248656549879e+01 3.901609797859840256e+01 5.945355981787579935e+01 6.687813901589362331e+01 5.526423282225646716e+01 5.850572168648163540e+01 6.504676862060701126e+01 4.614729012242024453e+01 6.599984572793078996e+01 6.765317706899384120e+01 4.876608315438458163e+01 6.865902367780054760e+01 5.938145871921807384e+01 6.494546873233541362e+01 8.533264375448861472e+01 7.055745276117482945e+01 7.452861397490030981e+01 7.581043969770705360e+01
6.122604760622544262e+01 4.055362086581880021e+01 2.753854971686749309e+01 2.696481430390289802e+01 2.732147172977546390e+01 3.537803002591665091e+01 3.352804186438720535e+01 5.339964833252240339e+01 6.835310734967841029e+01 8.166877042136172804e+01 9.006781118271318576e+01 8.395461522506602137e+01 6.202019406797666790e+01 5.013777126704307108e+01 5.338510482280990033e+01 7.049945676978822462e+01 7.077899017099309731e+01 5.175231256153992376e+01 5.715203129372530100e+01 3.811700654629061091e+01 4.503754929716606625e+01 6.412264081921573222e+01 8.344564423759227623e+01 7.528616534607333222e+01 7.848506662234538567e+01 6.953127331960486401e+01 5.025320796295379466e+01 4.709496321542962249e+01 4.778867690229138532e+01 6.765317706900137296e+01 7.700522413712877778e+01 7.908727961529284300e+01 8.482746244110226996e+01 9.394099727905027919e+01 8.464986897949003719e+01 9.373948963481559815e+01 7.355097376672318887e+01
6.963140822563008214e+01 6.015147386757605119e+01 5.220427790600387397e+01 4.658051650266732224e+01 4.697458647089455042e+01 2.782380013117902351e+01 4.753758406996303876e+01 6.172181190982548316e+01 6.741803709332992867e+01 6.151518861482473000e+01 8.166877198780993297e+01 7.961474455006354844e+01 7.687508768159268868e+01 6.190844561822193981e+01 4.183117585059687116e+01 5.512406856532268762e+01 5.569460110377576711e+01 4.468553860585136306e+01 3.721603085556183999e+01 4.395266019379629086e+01 5.989176979603693951e+01 5.984406762053787787e+01 8.107377567830016574e+01 9.331773532383199665e+01 7.664868949106246987e+01 5.651759661766746490e+01 6.953127335633466544e+01 6.696234887804527602e+01 4.897186858593374126e+01 6.956815037688869552e+01 7.917245830242710269e+01 8.525515143103397975e+01 9.238828903632195022e+01 1.007224401286505611e+02 1.047290749058199566e+02 9.374525698395869711e+01 7.355102647028526519e+01
8.433620198795065903e+01 6.413902232750660914e+01 4.997016423308432564e+01 3.835006522414248309e+01 4.729198743664395721e+01 2.818294702289266596e+01 4.792322970841210861e+01 5.735084069047172761e+01 4.729429319783298524e+01 6.741803709332992867e+01 7.371074750263062469e+01 5.942570352352426255e+01 7.015813018297092185e+01 5.161972676789346082e+01 5.292812728580947379e+01 3.506466170975796359e+01 3.569032554568741489e+01 3.631790803658559952e+01 4.287936992906536915e+01 6.269386593484211545e+01 5.447013175127848683e+01 7.420687356592650019e+01 8.983889658047897342e+01 8.496977685908146327e+01 6.458735870226574605e+01 7.664868949106397622e+01 8.502399000876351920e+01 6.584889545734425553e+01 6.956815037688903658e+01 5.295402250490086971e+01 5.898571671350261170e+01 6.508114060860661709e+01 7.221272915000663772e+01 8.390100154838351898e+01 1.039821393545237953e+02 1.020934740139204990e+02 9.374537608395191057e+01
8.218954835289814298e+01 6.200689612633316727e+01 4.785184914346891105e+01 5.057154337170265279e+01 3.119807450377213343e+01 2.854490474397881528e+01 3.127748249690256799e+01 3.693953630847381930e+01 5.735611610030229457e+01 7.578885320332098274e+01 6.500183889642921997e+01 4.539116730544220246e+01 5.276134278876131845e+01 5.325563831653204261e+01 3.419157420439582040e+01 5.304980681208715509e+01 5.561935352986521508e+01 4.054189143656710570e+01 4.585939645943643939e+01 6.586053736839932071e+01 7.420687356606518392e+01 6.843458928475138237e+01 8.814240056476748464e+01 9.172174261226670922e+01 7.146584535285263939e+01 9.172174261200488843e+01 9.446089650552116268e+01 8.611693699219821951e+01 7.681097773987561084e+01 5.659395705501236051e+01 7.681097773987673349e+01 8.525515143103393711e+01 9.238828903632176548e+01 1.007224401339651081e+02 1.123275161065693766e+02 1.156204248690593488e+02 9.546366397587622998e+01
8.218954847975324185e+01 6.200689612635542147e+01 6.200689612629516034e+01 5.892122080779208204e+01 4.468228603047691649e+01 4.766317914508782394e+01 2.906364143975465808e+01 4.805394928477394956e+01 5.750875868575847960e+01 5.740773213137774178e+01 5.827297788853631744e+01 3.740108490098096894e+01 3.273187268761726187e+01 3.332969126438219831e+01 5.336067509497686245e+01 5.409642243703193998e+01 4.713704957785849814e+01 6.010495945620061775e+01 6.580317475520261894e+01 5.840900214086994424e+01 7.868283531489768734e+01 8.814240056478487872e+01 9.634018804867200458e+01 1.000566534667424179e+02 8.167648722085316138e+01 1.000566532901373336e+02 9.920548767224713060e+01 7.907792316070326422e+01 6.742879554307718593e+01 7.681097773987754351e+01 6.205147812387293982e+01 8.219440007672925219e+01 8.489447529494476896e+01 9.911207559178814108e+01 1.192156694193740805e+02 1.128386877403463160e+02 9.546374443250491026e+01
9.059008900360841210e+01 8.218954837743271469e+01 8.218954813011808369e+01 7.316008472524451633e+01 6.274529417721100799e+01 5.095708518985768620e+01 3.096614160328224941e+01 2.959592085681453355e+01 4.949510183458453128e+01 3.761162986962578714e+01 5.059038959580544059e+01 3.189978089515971149e+01 5.191627620752156957e+01 3.774853254159918947e+01 5.840551233157390243e+01 7.376521493800339613e+01 6.709975873513114664e+01 5.527327953270822292e+01 7.525882247552820559e+01 7.868283531489389304e+01 7.868283531489741733e+01 9.903334122091220593e+01 1.047487582869387523e+02 1.101091001926345712e+02 1.017669980037439785e+02 1.101091001921923436e+02 1.075477936101225112e+02 9.592501747330076967e+01 8.169126819254080374e+01 9.053788130769511611e+01 7.103748456639237929e+01 6.837839836989597586e+01 8.858395954975136988e+01 1.028834111750810649e+02 1.112243594280228365e+02 1.044539413804755270e+02 8.435125257363058893e+01
8.235372130112395439e+01 8.386843346332595672e+01 7.807541582542513936e+01 5.796827929519145783e+01 5.441120161495425123e+01 3.400556087857169985e+01 5.091699364396300354e+01 4.175114114556045308e+01 3.013651156396671027e+01 3.052362937741601456e+01 3.108602483042323428e+01 5.044014657932203249e+01 5.982683265709876963e+01 5.840551251114069231e+01 5.232378003371753294e+01 7.308811350840710475e+01 7.525882247552806348e+01 7.525882247552816295e+01 6.610114493220810061e+01 7.756342307867929264e+01 9.699191949238864652e+01 9.869209772972489247e+01 8.417319911360596052e+01 9.869209772998561903e+01 1.015821227194847864e+02 9.718684398601173768e+01 9.564884113103121877e+01 1.041457874645708586e+02 1.018131566926236644e+02 9.122053432939655693e+01 8.533490894863446385e+01 8.858395954975151199e+01 7.605437440828745821e+01 8.282493202766352169e+01 1.028834111752128564e+02 1.128391289589136903e+02 9.334907197671716972e+01
6.214306865418115677e+01 6.364934983910730892e+01 6.558114491329675388e+01 5.796827929519233891e+01 3.768981652091025580e+01 5.441120153262614423e+01 6.230850068379242401e+01 4.917767987692705134e+01 4.820124995271597612e+01 5.049759212688550036e+01 3.129383051725070786e+01 4.225171829207813090e+01 5.527105359034869281e+01 7.359498245575613851e+01 7.308811351648152765e+01 8.145475173576600980e+01 9.475319289029361869e+01 9.372666221320359625e+01 8.577487185798391067e+01 9.372666221371613915e+01 1.048776477348051515e+02 8.953716939399070895e+01 6.974167237783393603e+01 8.105502719899513409e+01 8.105502719852734117e+01 7.663819407866863287e+01 7.510654814610143148e+01 8.961450665430021445e+01 1.102170132699276763e+02 1.113264867968581626e+02 1.054296909466829675e+02 1.045305500670313563e+02 8.772121688871000345e+01 1.028834111748055875e+02 9.700537460734688011e+01 1.170742467776831290e+02 1.075063743432053798e+02
6.957138222852140075e+01 4.962019565953917777e+01 4.567662504748908248e+01 4.173679078678208043e+01 5.796827929519229627e+01 5.209253175319870621e+01 7.215358892502192134e+01 6.896643928763323572e+01 6.206569915061994180e+01 4.267618449166955230e+01 3.182976189203116135e+01 5.172186014684826461e+01 5.455246589560614723e+01 7.531092027442191750e+01 8.311599563038454619e+01 9.015969199177024507e+01 8.300610713469653490e+01 7.449404408402443778e+01 7.715391583456690228e+01 8.566930718562728941e+01 8.949860183652208434e+01 8.105037313280814715e+01 6.087103335803750781e+01 6.087104860714685373e+01 7.309540628475546953e+01 6.237407225342351325e+01 8.265675429159675502e+01 1.016380967724538920e+02 1.013753901725957576e+02 1.044851674267324313e+02 1.050727164710041706e+02 1.135591088250541816e+02 1.077757300058051726e+02 1.161272745445504881e+02 1.170742467776593685e+02 1.254433443535245942e+02 1.277581067983481233e+02
5.677645830959124851e+01 6.957138222851430953e+01 6.551198031868555915e+01 4.560819406631298989e+01 5.961253096783629957e+01 7.215358893976477361e+01 8.053473951460253488e+01 7.802706172515210881e+01 6.437587025607341218e+01 4.773691471661071262e+01 4.471401091199986411e+01 3.257018115881889031e+01 5.871500144180015468e+01 6.484471683185574875e+01 6.419562118602080147e+01 7.094292526208438687e+01 7.140934351435751637e+01 5.460325019875988062e+01 5.715124863651713127e+01 7.715391583453815372e+01 6.917769269121825459e+01 7.655096994935179566e+01 6.810238560675099961e+01 5.135116194165120618e+01 5.332063542592813121e+01 7.309540628475403423e+01 7.265110471257509062e+01 9.314124879366764276e+01 8.076164184733174523e+01 8.385723469174426725e+01 8.443091452727240664e+01 1.016675732590937002e+02 1.162246487099533852e+02 1.109255408552964468e+02 1.171608104403485413e+02 1.240436932033755539e+02 1.324574956809440494e+02
6.835627579825133182e+01 8.124894756402788687e+01 6.104567511652065548e+01 4.963298687744948268e+01 6.958458277795449476e+01 8.815297083525642563e+01 8.350346640595546432e+01 6.417428781966893325e+01 5.134766503857270692e+01 4.214202152031347026e+01 3.333582462779980915e+01 5.270905602403677648e+01 5.778737571830979647e+01 4.577840930760606852e+01 5.191122342529379807e+01 5.834827387732718762e+01 5.796564358288338070e+01 4.459913689181387753e+01 6.286353402053742201e+01 6.213763843195691550e+01 5.530652785761373735e+01 6.549257636901759838e+01 4.873723212957336415e+01 6.817528213999210607e+01 7.309540628476770507e+01 5.637917848652705999e+01 7.641111620938164606e+01 8.256895319940154820e+01 6.629205137727242914e+01 6.933761722283895779e+01 7.256146284894016674e+01 8.711049780795622155e+01 1.028158768530226013e+02 9.024986962089244003e+01 9.648075638198065462e+01 1.033950396096193316e+02 1.137751568362124601e+02
8.864347232324946901e+01 8.965167863775920409e+01 7.419395268013252576e+01 5.410217508322102020e+01 6.825394359261949262e+01 8.853440318172994239e+01 8.471573943148321462e+01 7.307860361842952557e+01 5.874665851618600954e+01 3.905785163707093943e+01 4.755595105385167898e+01 3.417009264607695940e+01 4.762460496768035512e+01 3.746053941257785169e+01 5.561990881972085532e+01 3.752708543503463545e+01 3.828919734821688081e+01 3.901949485976580689e+01 5.644748796429094995e+01 4.255832182568117616e+01 4.434978361946945569e+01 4.614717715339851623e+01 6.549257636901771207e+01 6.817528213999216291e+01 8.490245006765040614e+01 7.641111620938163185e+01 5.968134413835329610e+01 6.218355671505153026e+01 8.256895319940194611e+01 8.989901630800741827e+01 9.315516656219837444e+01 7.768832528523556391e+01 8.217092617348355077e+01 9.058119616972074084e+01 1.112565579398279851e+02 1.240436931998636538e+02 1.324574956539514687e+02
1.013967545102091492e+02 8.214216327391044103e+01 6.187812281602578679e+01 7.419395268014082490e+01 8.259556481791884153e+01 9.190425107058777598e+01 7.625586768031507745e+01 5.621069624101456697e+01 4.499488641725931615e+01 5.874665851618610901e+01 6.103338637763096131e+01 5.374618321891406936e+01 3.505099410755612155e+01 3.572699905182885516e+01 3.644605216042833717e+01 5.413715506200512095e+01 5.779601108301651635e+01 5.856928588720837325e+01 3.998742108254340621e+01 5.897187006951315169e+01 6.362337840658360477e+01 5.878461935982048203e+01 5.814981148510373288e+01 7.808348022528966226e+01 9.690342462416099067e+01 8.844273225849275377e+01 6.967768751237763070e+01 8.256895319940008449e+01 7.170006685315375705e+01 9.226189501041727681e+01 1.068167936474580983e+02 9.831077979049877058e+01 8.798103397683384230e+01 1.086405256086368780e+02 1.052207337480979703e+02 1.258283266327975412e+02 1.349877423058514978e+02
