LEM_wLE/output/LEM_wLE_example/elevation_000004.asc
nrows	100
cellsize	150.0
xllcorner	0
ncols	100
yllcorner	0
NODATA_value	-9999
[rows 51 to 67 of 100, columns 37 to 73 of 100]
5.390076110508867657e+01 4.886835198506176425e+01 5.328129946234409431e+01 4.001170051495691382e+01 6.053485360838951834e+01 7.736704528260308678e+01 6.581047607063555915e+01 4.913436105726023584e+01 6.580821136498933299e+01 5.502836042339625067e+01 3.551119952638899946e+01 3.132591177536112426e+01 3.207961181932210337e+01 5.289249768172371802e+01 4.278936637701731627e+01 5.688691463492982336e+01 7.664314949680550626e+01 8.011028126761544854e+01 8.838790232953986958e+01 7.280872029587683869e+01 5.311569181738880729e+01 6.169815876397213117e+01 4.301859688701936335e+01 6.262441832349325210e+01 5.778307652288830099e+01 7.750845021617682562e+01 7.808017903599697718e+01 6.983936123769065318e+01 5.239390451606337251e+01 7.209148426662247289e+01 7.675657057718252929e+01 7.673464270704440082e+01 7.976525233512609248e+01 9.948086791300769960e+01 8.609524236427220956e+01 8.141719258718013918e+01 9.545134191845620819e+01
4.712892054240106177e+01 6.192538975910645860e+01 6.901597473293567475e+01 6.053485360838951834e+01 4.838998084843493075e+01 6.286030122784686824e+01 7.745495106249546780e+01 6.910107510398582065e+01 6.190007362041665573e+01 4.246424269720395017e+01 5.502849262537967689e+01 5.226097475180126395e+01 5.289249781089671387e+01 3.315439487587702416e+01 5.378097946194711909e+01 6.288833306715734039e+01 6.612977230759203451e+01 6.033886573397867892e+01 8.011026739294716492e+01 7.092872830962615183e+01 4.746040472105057972e+01 4.206282613888735256e+01 6.169815789727351785e+01 7.083956152211899848e+01 7.750844832133107332e+01 8.577585010818241074e+01 9.085453349105196708e+01 7.117586513237938561e+01 5.728983319054216139e+01 5.509040989007644384e+01 5.702256508707269944e+01 6.581920984899583971e+01 8.201148541767028632e+01 8.444373625914948889e+01 7.211203301733873161e+01 8.609524236427220956e+01 1.060395339919760573e+02
3.348193924366482577e+01 5.368301496673593931e+01 6.948090284339764366e+01 7.619788329215271006e+01 5.557665501991991164e+01 7.619788329215269584e+01 9.164509924629535931e+01 7.802521344362835976e+01 5.827603114467052592e+01 4.818069630090049316e+01 6.782221404498473305e+01 6.997403937914212690e+01 5.014167277041948978e+01 5.378097970220601098e+01 3.422289303323189102e+01 5.466826621028221211e+01 4.635474510108837620e+01 6.612763494331460379e+01 6.783920298853271902e+01 7.434610673096167943e+01 6.104608301665854952e+01 4.137880237079078682e+01 5.527445895345031346e+01 7.498002851296460847e+01 8.770310553466265446e+01 9.600548730751197013e+01 9.302412136643687290e+01 7.332470299462563901e+01 6.350417626118109382e+01 7.481204659866013174e+01 7.672734638362835824e+01 5.990517176660576126e+01 6.227297703178938093e+01 6.467558337720636530e+01 8.444373625914948889e+01 9.674018336992590150e+01 1.065967069609021252e+02
5.368301496673593931e+01 4.121076150071089472e+01 6.126147070435096964e+01 7.882220539885520338e+01 7.619788329215271006e+01 7.015392709102431468e+01 9.078928432330563680e+01 8.629728227182096134e+01 6.782221404498466200e+01 5.552790059751821161e+01 7.529254894004293419e+01 7.821920019414743308e+01 6.312328843588339566e+01 4.329449871792446913e+01 5.466809336904845651e+01 3.527501147955589289e+01 5.555464014416781993e+01 5.706698218188258664e+01 5.022813731330865039e+01 6.525776654284342726e+01 5.947638286891939430e+01 4.068706071013511405e+01 6.039462039345286115e+01 7.369208942516013394e+01 6.788853652997634924e+01 8.770310553466288184e+01 1.013140386073348225e+02 8.970106449016464012e+01 7.005552937652772982e+01 8.970106449016464012e+01 8.799178740741606930e+01 7.968334090430197136e+01 6.597455940231026261e+01 8.444373625914948889e+01 6.864693525886768555e+01 8.844359416720585898e+01 9.603166805735747857e+01
6.948090284339704681e+01 6.126147070435096964e+01 5.079829773248143709e+01 6.076876860551960391e+01 8.041640974905668315e+01 9.078928432330563680e+01 9.910709031641415834e+01 9.596119595563762061e+01 8.355430190248765143e+01 6.691650115733885684e+01 8.355430190021679948e+01 7.298600491150666869e+01 5.326057196026010843e+01 6.312328842325599254e+01 6.022041085942689165e+01 3.830153630073933613e+01 3.631294952732680770e+01 3.703351231883883798e+01 3.774104613961051058e+01 5.769337792798762621e+01 3.969727052876618956e+01 4.242576101002212852e+01 4.811373059242676931e+01 5.406990547451707130e+01 6.380132494103193608e+01 7.775593818029439319e+01 9.765027288907607783e+01 8.970106449015936789e+01 8.391646201045995213e+01 8.969818913910079061e+01 9.236913087635808495e+01 7.253545445817377413e+01 8.575790540401735029e+01 9.405442208835259521e+01 8.844359417043726523e+01 7.279277444279679798e+01 7.616971457043239013e+01
7.326321793901834667e+01 7.882220539885560129e+01 7.059258917728807603e+01 7.882220539885547339e+01 8.041640974905668315e+01 1.002941217815494497e+02 1.063927537852376588e+02 9.816014295922416011e+01 9.503268650591661526e+01 8.673444299461675655e+01 8.550602677645542826e+01 6.571013405228187310e+01 7.298600491150666869e+01 7.101722859999071602e+01 5.081824637409525280e+01 4.559966292696301338e+01 5.643938416814918213e+01 5.706698670668135520e+01 4.587810035593087576e+01 3.871981785516044283e+01 5.857891774633844051e+01 6.164574643746626492e+01 4.651215153288350734e+01 6.580702845515378385e+01 7.847196757319520088e+01 9.187121767509825077e+01 1.014073708408529342e+02 1.095444593742713835e+02 1.036663302496046697e+02 1.095163391830458295e+02 1.006906698209735396e+02 9.236913087635808495e+01 7.999304717459722269e+01 9.988915143906149297e+01 9.891245361202896902e+01 7.902965915559587984e+01 9.603166805802074180e+01
6.723853145831550648e+01 7.550025781943328695e+01 8.706167762581850411e+01 8.866956807366759108e+01 8.040602799787728827e+01 8.866956807366747739e+01 9.490225370920197179e+01 7.824689170271194882e+01 9.331766381634702157e+01 1.015474288803073932e+02 9.379951140042767577e+01 7.967436169599253049e+01 8.489269385458196382e+01 6.526982270730236735e+01 7.101722859999071602e+01 5.359255416316817389e+01 7.331605860884218373e+01 6.363575638713286509e+01 4.399420710506444721e+01 4.634023716653447167e+01 6.601546461783841835e+01 7.402522926123653235e+01 6.580702845515378385e+01 5.070507078479239027e+01 7.022819433495203612e+01 7.322421346102839834e+01 8.604308896685536467e+01 9.434610664836891658e+01 1.032745160114877336e+02 1.148817951867693523e+02 1.098846611952254335e+02 8.989364168289769452e+01 9.988915143906149297e+01 9.620782545160672328e+01 1.059610259491251156e+02 8.602465276767361502e+01 1.059610259504135428e+02
4.734120810496752085e+01 5.874209839806680122e+01 7.884487486016929836e+01 7.856048659667541756e+01 6.007676781787316145e+01 7.452640734459872363e+01 7.907081779427846868e+01 6.657560864188869232e+01 7.335433832481660943e+01 8.750719241874740817e+01 1.073453826682130483e+02 9.958491170492648337e+01 9.317414175504808327e+01 8.489269385458196382e+01 7.331606460791496716e+01 6.498003949877156060e+01 7.640527835818522817e+01 5.743904007944616552e+01 4.801978676233488841e+01 6.601546634488535403e+01 6.023064955457376612e+01 7.998124949589940513e+01 7.847196757806231915e+01 7.022819433495240560e+01 5.530729440301112732e+01 5.927560727194178014e+01 6.623766444041065427e+01 7.506215272002945937e+01 8.648767442077063095e+01 1.064634780943640777e+02 1.182739254518344012e+02 9.983225144682616303e+01 1.182739254515627607e+02 1.103490200688287644e+02 1.143216953605275705e+02 9.748577740491670340e+01 1.143216962834651156e+02
5.660296475801778371e+01 7.550025781943311642e+01 7.315433123365842505e+01 6.478063939367356738e+01 4.944744899283783468e+01 5.397622401026747951e+01 5.874759642798960613e+01 7.907081779427846868e+01 9.331766381634702157e+01 8.967745427377342082e+01 1.095147388376098831e+02 1.060042231528681214e+02 1.118711932166735323e+02 1.014537997275984509e+02 9.299411474574027636e+01 8.470328667358980113e+01 7.486272375971218196e+01 7.211513085088451191e+01 5.218478082239525406e+01 7.211513085088451191e+01 7.998124949589940513e+01 8.825661453733705741e+01 8.490588884697018557e+01 6.510582818778441094e+01 7.500585851737733378e+01 7.065655151349920970e+01 6.808578210345500281e+01 7.691394415659745221e+01 8.834693901696535079e+01 1.083310745653459577e+02 1.283600118785524842e+02 1.199370709436247466e+02 1.283600118785141717e+02 1.305616886602271052e+02 1.259367625287132029e+02 1.175384307827859232e+02 1.158141013829153252e+02
6.485713743366325446e+01 6.809927642752465715e+01 5.966263091235914828e+01 4.367854983240719235e+01 6.478063939367356738e+01 7.452640734459872363e+01 7.907081779427846868e+01 7.907081779427846868e+01 9.903097027315008916e+01 1.095147388376098831e+02 1.001648779916098562e+02 8.602673969413383759e+01 9.187800912815502841e+01 1.024755163487779868e+02 1.107706047523259514e+02 9.575681509418748760e+01 7.965550323174278446e+01 6.299895524706816019e+01 7.211513085088451191e+01 6.069285428421389383e+01 7.474649979156205859e+01 9.475285966671239635e+01 8.490588884697019978e+01 7.907598996859387341e+01 8.490588884697019978e+01 8.464899581770679049e+01 7.949097932651395126e+01 9.620988700689861162e+01 1.051337838800287443e+02 1.167149937138709959e+02 1.241155524065544853e+02 1.158030065291936523e+02 1.241155524065545706e+02 1.341496829040720513e+02 1.215580053016271478e+02 1.099200972881592548e+02 9.564677234700781128e+01
6.373288384416442653e+01 5.954422229171238001e+01 3.830879372251126114e+01 5.966263091235914828e+01 7.315433123365842505e+01 8.307163190850273793e+01 7.468536518788904743e+01 8.307163190850555168e+01 8.598982234326743423e+01 9.428795895110457082e+01 9.187800912815501420e+01 7.207245685377506561e+01 8.838609733938470470e+01 8.255006889973661544e+01 1.024755163487779868e+02 1.115581584716343713e+02 9.226233137029113607e+01 7.497071244327715078e+01 8.060622693213511525e+01 7.474649979156205859e+01 7.474650005660032548e+01 9.475295683565988725e+01 1.048638646718099352e+02 9.898050978640989683e+01 1.048638646718099352e+02 1.046011488071483342e+02 9.939424099233785626e+01 1.077503959479645630e+02 1.095255724323668147e+02 1.177519388596342935e+02 1.143722556972879403e+02 9.655734770961463198e+01 1.061801771194041208e+02 1.238783572475120422e+02 1.131013179367011503e+02 9.305106899538894538e+01 8.154662997936657121e+01
6.016280842218963443e+01 5.161337232053967483e+01 3.476781529757035827e+01 5.014436097653478441e+01 7.097010959391674589e+01 7.373893506318296431e+01 5.625209512792450539e+01 6.990363041283130485e+01 6.637672217793956975e+01 8.285344596223339408e+01 8.439221400011226137e+01 6.475582873686745700e+01 6.866878812860720416e+01 8.838609733938470470e+01 9.933628177290714234e+01 1.093235911573823245e+02 1.054374997745121334e+02 9.621711015721720628e+01 1.006705090692144893e+02 9.475285966671239635e+01 9.475295683565988725e+01 1.031429878980764130e+02 1.061835044622346658e+02 1.145287836430965029e+02 1.119311975430265846e+02 1.035668074047917031e+02 1.119311975430354522e+02 1.066149805680555289e+02 9.047046442602527350e+01 1.066149805680555716e+02 1.061801771194041208e+02 8.723802255579325049e+01 9.633580208751891405e+01 1.155742638476845201e+02 1.167533990634857304e+02 1.099200972870550572e+02 9.210443328482828917e+01
4.721258104762646468e+01 3.004987500739019524e+01 5.161337232053967483e+01 6.472870097760078067e+01 6.485242919031082920e+01 5.668856186046558321e+01 4.727557572111877704e+01 5.063119644717269807e+01 6.997579311688431858e+01 6.323373481126625961e+01 7.253577923797406868e+01 5.833299138577268650e+01 6.442532526120629655e+01 7.126066910013300060e+01 8.107521439109946471e+01 1.010260716999478063e+02 1.139230129737684223e+02 9.471489015087860253e+01 9.491998671435254664e+01 1.030907192763319244e+02 9.971494631019186272e+01 1.026757173268504175e+02 8.549352981954552888e+01 1.026757173267145760e+02 1.016360360690076874e+02 8.281208357642934459e+01 1.016360360690600828e+02 9.852412666486650039e+01 7.975874832890688992e+01 8.849362152043630658e+01 9.277116154957261074e+01 8.109461516458721064e+01 9.986612559820051160e+01 1.103820252390874543e+02 9.668045613119120674e+01 9.668045613119120674e+01 1.004486854249150269e+02
2.570176692057153289e+01 4.721258104762603836e+01 6.016280820010783970e+01 6.167971951515864504e+01 5.350063879887754581e+01 3.665277615806151346e+01 3.912430164665833843e+01 5.899233325401773698e+01 6.512017773042198598e+01 4.948798160888178188e+01 5.306115274985106822e+01 7.253577923797406868e+01 8.405383065737821369e+01 9.105064304552357157e+01 9.933628177290630390e+01 1.093235911573819692e+02 1.091144610826058567e+02 8.904044292026466678e+01 7.436336520948437112e+01 8.397670876521074490e+01 7.907785319951722158e+01 9.354416210192174219e+01 7.336004139858250994e+01 9.126325709280547471e+01 8.274341607242546104e+01 7.229738665424038402e+01 9.318944549061049543e+01 9.143308742019253543e+01 8.351020363206708907e+01 6.984808630912458227e+01 7.412684330082024076e+01 9.277116154957261074e+01 1.045038841404349341e+02 9.025899281550167075e+01 9.667960535165116198e+01 7.674329493889253229e+01 8.406893724131282397e+01
4.294577566349508402e+01 5.339656400773533562e+01 4.828483142295362285e+01 5.041917417850736882e+01 3.317698376568347385e+01 5.350063878911299753e+01 5.899233325152555807e+01 4.289357503774168379e+01 4.556131737169226170e+01 6.512017773042198598e+01 5.597854634413526753e+01 7.548096524810227947e+01 8.888191179918030116e+01 8.888191179918030116e+01 1.088442335688656613e+02 1.049122096308535816e+02 9.688108722019211427e+01 9.688120310095609966e+01 8.397670876521074490e+01 6.320924746448709897e+01 6.431192002124171836e+01 8.320900379964611204e+01 6.482118358632010313e+01 7.454665934469946365e+01 6.184570482100152589e+01 8.274341607242546104e+01 9.473259980010901415e+01 8.351020363206708907e+01 6.479170169349102082e+01 8.350791357710612317e+01 9.276666071742965869e+01 1.007712664105110036e+02 9.460336142854700370e+01 7.646551728420817540e+01 9.460336142854627894e+01 8.407001620029622302e+01 6.418467727071414686e+01
2.216706527154570239e+01 4.360817038013703950e+01 2.765552877439199975e+01 2.986382381622627591e+01 5.041917417852679506e+01 4.772654812675958169e+01 6.744052682243417962e+01 5.681908589469696125e+01 5.685721965974726544e+01 7.325384124898826599e+01 7.548096524810227947e+01 6.303333765117983489e+01 6.914477817708406349e+01 8.304193140019300756e+01 1.029808716824085906e+02 9.688108722019211427e+01 7.706018192180700055e+01 7.706018215386336578e+01 9.098619577589234098e+01 7.471711892444869818e+01 5.397915959149057841e+01 6.761736615954238516e+01 6.854539507067556769e+01 5.375766523932512797e+01 7.454665934469946365e+01 9.126325709300812150e+01 7.587781079919892591e+01 7.587781079919891170e+01 6.144314079896183500e+01 7.475295976905488260e+01 9.337200671746801106e+01 9.234005782661353123e+01 8.631155682257110584e+01 6.690235998188104816e+01 7.718706070009744735e+01 7.206912228001179699e+01 7.250025344559099949e+01
2.256460976206204805e+01 2.463696421440764439e+01 4.528780276233947433e+01 4.547805163291310748e+01 5.862390556574150935e+01 6.744052682527197362e+01 7.563289124544367326e+01 7.644139502871604464e+01 7.637631921984633721e+01 8.451775077105902767e+01 9.089387247361081279e+01 7.426311829725324287e+01 8.888191179918030116e+01 8.522113751572940998e+01 1.051704894240393031e+02 9.688108722019218533e+01 7.706018192180700055e+01 6.296014508718105418e+01 7.396508762293818506e+01 8.017565312249216447e+01 6.760723607678937697e+01 4.732555472707637989e+01 4.815864087209117628e+01 6.854539507067556769e+01 8.310429608411985214e+01 7.966249853776501766e+01 7.179387305066067881e+01 5.693802828329171462e+01 7.586914782316591754e+01 8.791802777440354077e+01 8.618288510865777141e+01 7.171718531706052602e+01 8.369843323381998346e+01 7.284821513778246072e+01 5.716477150449264855e+01 5.228375396162185496e+01 5.312898859330358192e+01
