LEM_wLE/output/LEM_wLE_example/elevation_000010.asc
nrows	100
cellsize	150.0
xllcorner	0
ncols	100
yllcorner	0
NODATA_value	-9999
[rows 17 to 33 of 100, columns 0 to 36 of 100]
4.336683913182175498e-01 8.598634200595549615e+00 1.859863420059572547e+01 3.274076982432717386e+01 5.274076982435138916e+01 4.848277755859594151e+01 2.999926400978890229e+01 1.876125440410658385e+01 3.871335933551009134e+01 4.690361225945836310e+01 5.118226618252196403e+01 5.953043694677121067e+01 6.221273592018096821e+01 7.055904238738492040e+01 6.652998121109750684e+01 4.644809178353388290e+01 6.652998121109750684e+01 6.686913920359712904e+01 6.686913920359712904e+01 6.614990210406338633e+01 8.047768548970671532e+01 1.007149419628123468e+02 9.084480583709684254e+01 7.392819676627750880e+01 9.084480583709684254e+01 9.055404872244724857e+01 7.615717769623734057e+01 6.693897562493653197e+01 8.539953031691877072e+01 8.839950091753452455e+01 6.664137957183127980e+01 4.626907962586721368e+01 4.389583963306643000e+01 6.282088147096628461e+01 5.669410325025106090e+01 7.766868417000090119e+01 6.830474121082997385e+01
5.385724909496417689e-01 2.053857249094928505e+01 3.382109979803774991e+01 4.210537104549935350e+01 5.210537104549953114e+01 5.660142603008721096e+01 4.473796392106079622e+01 2.508455840383891200e+01 2.293567945053657553e+01 2.701152615367022491e+01 3.125426714149623209e+01 5.119106134144504239e+01 6.621227685072408065e+01 7.784618780009409988e+01 7.489927024722064175e+01 6.060865583494118880e+01 6.060865583494118880e+01 8.082532524143809383e+01 8.708708781464797255e+01 8.640504067806797650e+01 9.476375241289865414e+01 9.381431938988667696e+01 8.252038029565302679e+01 6.229656643813203942e+01 8.252038029565302679e+01 8.211715249674330153e+01 6.238899041368508591e+01 5.755681532034115122e+01 7.698199508229103571e+01 8.895286237648664951e+01 8.699806952908760138e+01 7.284422164857436144e+01 6.283269227572080950e+01 4.145721561350938345e+01 5.669340850386637243e+01 7.763569430414300143e+01 6.393434133249735396e+01
8.336531950628578436e-02 6.750031986172923659e+00 1.382109979803846045e+01 2.382109979803863808e+01 4.382109979803792754e+01 5.577466375374966390e+01 3.574160334340356115e+01 4.506654254459821374e+01 4.287082663309982422e+01 2.923978088533077724e+01 4.917484854428564489e+01 3.786363100939657045e+01 4.934904226115924786e+01 6.947382556576795309e+01 8.420706606053863652e+01 8.082532524143809383e+01 8.082532524143809383e+01 8.918988465950026523e+01 9.357586755352755858e+01 9.202722740652498601e+01 9.791002411442015330e+01 8.550527332841798511e+01 6.534168706156364692e+01 5.535405734799839195e+01 7.537106348488470076e+01 8.412148116746642756e+01 6.963996725045613800e+01 5.072708416729375358e+01 6.099614815264799716e+01 8.055512148657834359e+01 8.618711313616503844e+01 6.568609507244902090e+01 5.047253837275474808e+01 3.981794814939483018e+01 6.108162130685551006e+01 7.536477839037357285e+01 6.015777161744239976e+01
4.524162703296725763e-01 1.045241627032958576e+01 3.045241627032923049e+01 4.210537104549935350e+01 5.210537104549953114e+01 6.411259679561513281e+01 4.988332200718926401e+01 5.577466375374966390e+01 5.750395125929144768e+01 4.330320855684834669e+01 3.649028204063593250e+01 5.647064585732663033e+01 4.564702489559701348e+01 5.563449603035994073e+01 6.989720445483700928e+01 9.015978960483367644e+01 9.775809077724521501e+01 8.773786547953741888e+01 7.358026168060176531e+01 7.204424036495558425e+01 7.789712176106833397e+01 8.329377358170786749e+01 6.313840259869689930e+01 4.922412344975293763e+01 6.904177408229020330e+01 7.574045834703481717e+01 5.641913416883901533e+01 4.586511577815815599e+01 6.458528663165344597e+01 7.650237244231850298e+01 8.483440255526979001e+01 8.003807004248450596e+01 5.937375618170733560e+01 3.822474512655939805e+01 5.701665080962732191e+01 5.342494315168344343e+01 4.872484134019169488e+01
4.402443450947634007e-01 2.044024434509440979e+01 3.045241627032923049e+01 5.045241627032851994e+01 4.785161837140638141e+01 5.613588961886798501e+01 6.999762089887057925e+01 7.590144145020383348e+01 7.170469396173470500e+01 6.202772267020344543e+01 4.199139727968419322e+01 6.202772267020344543e+01 6.573323713563054582e+01 5.632974504908487745e+01 7.059690825386694257e+01 9.085908730274591960e+01 8.529953508466408607e+01 6.952408679208166120e+01 5.961133453731515885e+01 5.809474811200059463e+01 7.730902268401378308e+01 7.963936137815871064e+01 6.423558985574963742e+01 4.453454078329281884e+01 6.423558985574963742e+01 7.419707477929867423e+01 5.495960973738650068e+01 4.188582128858763554e+01 6.059413279532345342e+01 5.712163113446567309e+01 7.650224729242134458e+01 7.428688896714949408e+01 5.321291741916181195e+01 5.700507309544830292e+01 3.604219890173789054e+01 3.456489566674441960e+01 3.314636942217857296e+01
4.237187090225543740e-01 2.042371870902220010e+01 2.978716004491310088e+01 3.370948274767567909e+01 2.785161837140709196e+01 4.785161837140638141e+01 5.537614941434179627e+01 6.366042066180339987e+01 7.366042066180204984e+01 7.038702486333617969e+01 5.350793569203657540e+01 5.350793569203657540e+01 7.366596811721130678e+01 6.796654530476591560e+01 8.490591349610663485e+01 8.852443199870849355e+01 6.856938587408313879e+01 5.721502895999542204e+01 4.986328055773134338e+01 4.938866737803840579e+01 6.904123104203510763e+01 7.131114452495560840e+01 5.142615718267295222e+01 4.018044863839687508e+01 5.983054173005640308e+01 7.050406854098837073e+01 5.692513104761072640e+01 3.816296840658456802e+01 4.395794811570832650e+01 5.712124342856385084e+01 7.647392121091033346e+01 8.269443751873465942e+01 7.428560270231821505e+01 6.555520961669773783e+01 5.701665081979008676e+01 5.538584003400758604e+01 5.188997757895317875e+01
9.142864485297492738e-01 2.091428644852939556e+01 9.787160044912743828e+00 1.370948274767639141e+01 3.370948274767567909e+01 4.537614941434214444e+01 3.537614941434250682e+01 4.537614941434215154e+01 6.537614941434073046e+01 8.203187385612025651e+01 7.366596811721130678e+01 7.366596811721130678e+01 6.995434680612815725e+01 8.823159498190508998e+01 9.659234886115828544e+01 9.684163070409032059e+01 8.529953508466408607e+01 7.700338074696458079e+01 6.209300052477890119e+01 4.250466348060220412e+01 5.643833469206265363e+01 6.462872588677957708e+01 5.590069743766122912e+01 3.617827469195508883e+01 5.062983115646905219e+01 5.062983115646555632e+01 5.337941558997097502e+01 3.457084987852161362e+01 5.337941559000135783e+01 7.097876760832394893e+01 7.916857040299748860e+01 7.102260437352241240e+01 7.917463614845033248e+01 7.228167154259735128e+01 6.075504120412468723e+01 5.243173988410462272e+01 4.479626256552457164e+01
9.064013007315497861e-01 4.441935206664302527e+00 1.858407083039500307e+01 3.370948274767567909e+01 2.037614941434294380e+01 2.537614941434285498e+01 4.537614941434214444e+01 6.366042066180339987e+01 7.366042066180204984e+01 7.152407715640563879e+01 7.003314385157651145e+01 7.830891588089262711e+01 9.018078906997118338e+01 9.853008262130333605e+01 9.534988335666115233e+01 8.381369875767994415e+01 7.551962172578382138e+01 6.853215255214314539e+01 6.260952432543126633e+01 5.643833469206265363e+01 3.674987274712779595e+01 5.642633296211707972e+01 6.415768734382642435e+01 5.062981608822909863e+01 3.049213350650260068e+01 4.568606390490364788e+01 4.626593527993541954e+01 3.155408747139940928e+01 4.481471120083141102e+01 6.377392292067753488e+01 6.938400006291460898e+01 5.150786472380470826e+01 6.938377220720529692e+01 6.409035409766612190e+01 4.412352230311881129e+01 3.310576095999771695e+01 2.964677142454427994e+01
3.063610709598194592e-01 2.030636107095946485e+01 3.272620645412519735e+01 4.686834207785589967e+01 4.037614941434222970e+01 3.951828503807330861e+01 4.170608103289679747e+01 6.170608103289608692e+01 6.568440118515270854e+01 5.156862519417945379e+01 5.007964283827293883e+01 6.418348614801494989e+01 8.415546681475487389e+01 8.654322710763223370e+01 8.703180657422055333e+01 6.709211751060333029e+01 5.575607438173087615e+01 4.888901695137183623e+01 4.301977247348179390e+01 3.788768829405547933e+01 3.283593785866327153e+01 4.866753791970627674e+01 5.687895676325781835e+01 5.373313733051237051e+01 4.371347125099538289e+01 2.539058220700596280e+01 2.752236496346847616e+01 4.618523022085656748e+01 5.436806774444457346e+01 5.122098970436168486e+01 5.210647272040845479e+01 4.184010954033193741e+01 6.126306648119714993e+01 6.566657811972822856e+01 5.371849128113433380e+01 4.766220622857476741e+01 2.930354168681451199e+01
2.739570439748240105e-02 2.002739570439712580e+01 2.406505488930423198e+01 3.820719051303468206e+01 5.820719051303397151e+01 5.951828503807259807e+01 6.170608103289608692e+01 5.718014373137114603e+01 4.891335447529904457e+01 3.747897009037624372e+01 5.156862519417945379e+01 7.152407715640563879e+01 7.023320282011641780e+01 6.656760850922508155e+01 8.654322710763223370e+01 8.381369875767994415e+01 7.551962172578382138e+01 6.853215255214314539e+01 5.681936097154907372e+01 5.755002067724671377e+01 4.287851950799993261e+01 2.846404635576187303e+01 4.474287135487330147e+01 4.436012050495868664e+01 2.363965633310441916e+01 2.403629655281340050e+01 3.929700096880383597e+01 4.431609141678086417e+01 3.868569968057211383e+01 2.846419124228802033e+01 3.279287419327413744e+01 5.210498805009235213e+01 6.929507184000401310e+01 5.343058573474022666e+01 3.432559519809845483e+01 2.882474665818040549e+01 3.454254725101898060e+01
1.758338105654860817e-01 7.735123270749997282e+00 2.187725889448120142e+01 4.187725889448049088e+01 4.570212620790395164e+01 4.838020744121417493e+01 4.990063870410831015e+01 4.163718437413803031e+01 2.898674199204634050e+01 4.891335447529904457e+01 5.549763710794843519e+01 6.082627653568115278e+01 5.027809872257795831e+01 6.179215291464110038e+01 8.176389142560803691e+01 9.911946700400835653e+01 8.034711871177253784e+01 8.034711871177253784e+01 7.659280610642794329e+01 7.082153282536248184e+01 5.686916359640811436e+01 4.474287135487330147e+01 2.502023746129434301e+01 2.307967213640721482e+01 2.754369961664264466e+01 4.148400971275390958e+01 2.460218144419999931e+01 3.110293300542008055e+01 2.569511407380585410e+01 2.606652066342411800e+01 4.450723670914002383e+01 5.297943847848809185e+01 5.456534521223277778e+01 4.654067413585379853e+01 2.835229848227044158e+01 4.709837809130016950e+01 5.225968575297481067e+01
4.683972685643240652e-01 2.046839726856396879e+01 3.601939451821089477e+01 3.986457660342313858e+01 2.575499584072973747e+01 2.844054814040654122e+01 3.706591323402625449e+01 2.171146826820040232e+01 2.616745439592274636e+01 3.073787736916196067e+01 3.556768533980757496e+01 4.088831538489600348e+01 6.082627653568115278e+01 7.850880806079005936e+01 9.004159415284713930e+01 9.346749070078487875e+01 7.491248269054354125e+01 6.243448164822839175e+01 7.000544655556284113e+01 7.559457081341807339e+01 5.300443848310521844e+01 3.564322303276497195e+01 2.668522543629180532e+01 2.268948380651648833e+01 4.136546327037899573e+01 4.867402210686601194e+01 2.675260193703251588e+01 2.515676736894774379e+01 3.040677300931149674e+01 4.430706032398121152e+01 2.657423051839476713e+01 4.504354624626657255e+01 4.598138808869111216e+01 2.788178533845431772e+01 4.630058011284303632e+01 3.744298392817057675e+01 5.103547738404480327e+01
2.051881798473268459e-01 2.020518817984697080e+01 2.552284071408171329e+01 2.793113466987689364e+01 1.165281443332438549e+01 1.434494076575314381e+01 1.713833357683874681e+01 2.418483891513608697e+01 4.411082007767515734e+01 5.066391747938337886e+01 5.549763710794843519e+01 6.082627653568115278e+01 6.909413161526323677e+01 6.953162422925629471e+01 7.812476088530226548e+01 9.199594729323985121e+01 7.351482061957614178e+01 6.108306735002000920e+01 5.234998521310264152e+01 6.320615438982341061e+01 6.545202116415458704e+01 5.446458197919858435e+01 4.139383596904992402e+01 2.230253966805445387e+01 4.078417731682647940e+01 5.192885463555841596e+01 5.511853531043796295e+01 5.223705217576864612e+01 5.317465052312622475e+01 4.818063022412925989e+01 3.064061581327983674e+01 2.706598790390814813e+01 2.740712127464043490e+01 4.596166208588288526e+01 5.448538962677501019e+01 5.674885834574591570e+01 5.103547822911116327e+01
8.187695587851057111e-01 3.175778330306683106e+00 5.549224273790393624e+00 7.974058545238296603e+00 2.793093150546625481e+01 3.428044909208332314e+01 2.855303531470236322e+01 4.411078893557382941e+01 3.678370149347117035e+01 5.087460418403804852e+01 7.082863140312046824e+01 6.844710706641039621e+01 5.989961502966526297e+01 4.909916324779308638e+01 6.627268066772980148e+01 7.651879755237703762e+01 8.676319132694632685e+01 7.768398781039219614e+01 6.320615438982341061e+01 4.532174978761205608e+01 5.699664391838771138e+01 5.830129124537403840e+01 3.624095256432539713e+01 2.191917439120947009e+01 3.929638073122299602e+01 3.829328831016206180e+01 4.673516182218897086e+01 6.194644422430245356e+01 5.841783646268802954e+01 3.894412770601430651e+01 4.827181747707703607e+01 4.560350492367954445e+01 2.749480756271709581e+01 3.135229246911494982e+01 5.037028263527797378e+01 6.324339276632009188e+01 7.054347837682996669e+01
2.311624522989861319e-01 2.023116245229862997e+01 2.552284071408171329e+01 2.208612332123709976e+01 2.160959886168006250e+01 3.823356668189976659e+01 4.684827922489795782e+01 5.607561600193045592e+01 5.671901647574652117e+01 6.498932300792263561e+01 6.105460089185832828e+01 5.256714626283175562e+01 3.981893115141211581e+01 3.773324659260985925e+01 4.753938408710271801e+01 6.793041477017261798e+01 8.591445306408498084e+01 6.752058238713895832e+01 5.480710486247754432e+01 5.699664391842357958e+01 3.882428747955938064e+01 5.696013324691203650e+01 4.267354720414104463e+01 2.153950100344027163e+01 2.870290816080932217e+01 4.262895991280949204e+01 5.522850740180557949e+01 6.893299919974904810e+01 6.665797808208604636e+01 4.916955308187655760e+01 6.665767695023092188e+01 5.790509382759574208e+01 4.038292216808300594e+01 5.037028263527797378e+01 3.583897108805675913e+01 5.511714120321022392e+01 6.942229822618747903e+01
9.845726073866658545e-01 8.362457331695932083e+00 2.788499317403129041e+01 4.204208030837973809e+01 4.081711521007933641e+01 4.891045378261415522e+01 5.806954569123510623e+01 5.458920317077296858e+01 5.692608055697544245e+01 5.105951966773060491e+01 4.948621392793292273e+01 3.271925329283740069e+01 2.859335481197442164e+01 4.240028950789226059e+01 6.256364800038699769e+01 7.651806392434804138e+01 8.605550769052048565e+01 7.555161921613877496e+01 5.812868511458413678e+01 4.001384155167287560e+01 3.469100949293925851e+01 4.856437719719090040e+01 4.510441531611171939e+01 3.985264766489210331e+01 2.100667030429845994e+01 2.163319057159172587e+01 4.040961955340326028e+01 6.667194566249295917e+01 7.662129912458503611e+01 6.961108937090736504e+01 7.794495091969592693e+01 6.748828770360744045e+01 5.358757922382353200e+01 6.126351420761343292e+01 4.182697616472714941e+01 4.182697624558822014e+01 5.046772965918987097e+01
3.295302290958179725e-02 2.003295302290922564e+01 1.991634725022832342e+01 3.138794198496471211e+01 4.544337857415473536e+01 6.138259299841680416e+01 4.600603607949041418e+01 2.296203378335744461e+01 4.199199449999633060e+01 3.298108021845204263e+01 3.517788262120355824e+01 2.144017007099466454e+01 4.110794959198864262e+01 5.481530583692966019e+01 6.341130883190994183e+01 7.218563279108833797e+01 7.825037651104987901e+01 6.032484472147225318e+01 5.026395517263664914e+01 5.812861546871609164e+01 4.857539333603678955e+01 3.018933885990772481e+01 2.716907868993061115e+01 3.887420351348933423e+01 2.063263757437770352e+01 3.163684024739492173e+01 4.348081118536963174e+01 6.506476881105616883e+01 6.075898935708230653e+01 7.188471335105585069e+01 7.090633897241019667e+01 7.881969008146646161e+01 7.315262685077338745e+01 6.817014172395536775e+01 4.863524911621539104e+01 6.126640315198188347e+01 4.969342379604341176e+01
