LEM_wLE/output/LEM_wLE_example/elevation_000001.asc
nrows	100
cellsize	150.0
xllcorner	0
ncols	100
yllcorner	0
NODATA_value	-9999
[rows 51 to 67 of 100, columns 37 to 73 of 100]
4.853909748563513205e+01 4.831224383950895174e+01 5.255623629767718796e+01 3.913965221865017696e+01 5.956169515689020244e+01 7.569470299353655207e+01 7.323789734840282506e+01 5.904864041419737930e+01 6.499809352730042633e+01 4.149443195357790870e+01 6.465620044744578365e+01 5.758594089521660919e+01 3.835772283784130110e+01 5.844322044653642934e+01 4.816152923248845497e+01 6.245018948387590996e+01 8.248366118289027327e+01 8.236015658862392286e+01 8.798178753629166238e+01 8.010319365651083956e+01 5.987215571503995193e+01 6.729750072306481457e+01 4.787997460645414094e+01 6.824882654041530827e+01 6.331271857418054338e+01 8.346567988655293391e+01 8.381090614266071270e+01 7.568062886669497402e+01 5.769897578525741721e+01 7.799418400295188292e+01 8.264220716282407864e+01 7.887262916185159156e+01 7.887269421780881373e+01 9.872654129306491200e+01 9.205827983032560269e+01 8.738205961273081357e+01 1.015807083736213343e+02
4.743045245109088626e+01 6.239859902158721638e+01 6.777860397507542700e+01 5.956175772435199889e+01 4.720022943635816404e+01 5.904382992484497095e+01 7.914477637934676579e+01 7.943849214290005989e+01 7.141202940967825441e+01 4.866919474928126732e+01 7.142130282377412698e+01 6.667048978476513810e+01 5.844323211655106576e+01 3.921942936839423766e+01 5.930359754970564978e+01 6.839221836546487054e+01 7.645550931742197065e+01 6.249972310199257208e+01 6.821715844353610692e+01 7.383370569473774481e+01 6.630354113002496774e+01 4.694690233897473064e+01 6.075963432654184260e+01 7.645305278475478872e+01 8.346541937903855057e+01 9.151544372684770678e+01 9.603606098523903256e+01 7.729199112288770834e+01 7.799422036188137497e+01 6.040914645653156612e+01 6.247664644019109659e+01 6.457634867737050399e+01 8.468745150309031544e+01 9.025764827935539358e+01 7.790600909591445600e+01 9.203318273000283511e+01 1.114724154914813283e+02
3.391143174296320950e+01 5.417409946780573904e+01 7.000862706692495863e+01 7.485097988867725860e+01 5.448951357735785450e+01 7.477912171483781378e+01 8.718209287649072792e+01 8.611375265733713036e+01 6.534425535247520145e+01 5.956756638741032361e+01 7.975222264161297403e+01 7.199399014035758171e+01 5.208457518609641568e+01 5.930359623041404404e+01 4.008926090153492794e+01 6.017103867553633734e+01 6.166611783651045187e+01 4.926648252542839401e+01 6.810978487815404492e+01 6.272688800290251976e+01 4.603282377910372247e+01 6.625335399440045592e+01 7.519731399716248177e+01 8.299012233031731967e+01 9.415687885583804473e+01 1.045413302154286868e+02 1.004116732052295049e+02 7.975807368361890326e+01 6.790470474390151878e+01 8.063262679119893050e+01 7.681649847427857480e+01 8.468742520502507887e+01 6.767407026388919178e+01 7.027507595676758001e+01 9.025781184299248139e+01 9.790964693669063479e+01 1.057867858727556580e+02
5.417409863636562051e+01 4.156590165671317294e+01 6.183513722981375338e+01 7.942110168859831276e+01 7.489206253774854360e+01 6.895917043109515987e+01 8.923981693756175559e+01 9.418296377173480494e+01 8.611521501066724227e+01 7.072874403356604489e+01 8.810214635892073431e+01 6.866834999259603478e+01 6.866344672438744112e+01 4.840260332422374034e+01 4.722706319433235223e+01 4.096150015230478658e+01 4.158051560846997319e+01 4.219578533066243153e+01 6.229086523695200839e+01 6.612897308134107277e+01 4.539688751537169509e+01 4.812793212467688164e+01 6.811597990848790118e+01 7.908895088662390549e+01 7.405097947772739531e+01 9.615173053186973107e+01 1.085961351030920099e+02 9.406399390826777562e+01 7.404614158617660280e+01 9.406398710660735674e+01 9.670657682604954175e+01 9.170863002368284356e+01 7.173924419982724032e+01 9.025764682515891479e+01 7.461683166338838191e+01 7.809763361914457391e+01 9.791040556843515219e+01
7.000768668518576021e+01 6.183515892011402570e+01 5.118206312144750569e+01 6.134881150853643561e+01 8.132236501160178932e+01 8.924298444476004022e+01 9.731851054638177345e+01 1.129256812531818355e+02 9.951416418369912265e+01 8.539962070988721621e+01 9.592585173752588901e+01 7.886054867712763894e+01 5.852830567074070700e+01 6.867337109204363799e+01 6.501837279885671705e+01 4.568662987013658494e+01 6.166611536575156549e+01 6.229088787664186810e+01 4.305921205721048750e+01 6.317959324602316684e+01 4.478230427400564650e+01 6.498318699048924429e+01 5.216838269571643849e+01 5.873712746815623831e+01 7.163308560554065707e+01 9.309266002561346909e+01 1.102186604598903159e+02 9.044937204761886562e+01 8.827402957870624789e+01 9.044843614695354006e+01 9.784390510605511793e+01 7.797747205457902453e+01 9.170963440921300958e+01 9.966600459659547084e+01 9.450405460632707388e+01 8.462975035074940422e+01 8.330283637654018492e+01
8.412860216365571375e+01 7.942173595368979022e+01 7.133559297338102567e+01 7.942154313522640052e+01 8.132239316796699313e+01 1.009336882538783158e+02 1.070253240105940336e+02 9.385749698388154627e+01 1.070135973929351678e+02 1.062648802812677076e+02 9.171043360474149608e+01 7.144189294636009890e+01 7.886744033875500293e+01 7.666922457413033953e+01 5.647839301211025287e+01 5.239878392396078510e+01 7.253590468705068872e+01 6.886630837177200704e+01 4.883275025810423386e+01 4.391521865525795221e+01 6.354386320018343781e+01 7.297401255915811191e+01 5.541837502059861720e+01 7.517248392642763122e+01 8.709885384509796324e+01 1.007767187862926050e+02 1.106350583549408384e+02 1.102187547742346254e+02 1.081040237883014186e+02 1.045106706028058881e+02 1.057264393759143530e+02 9.784391736873311629e+01 8.486364230393520813e+01 1.046283297838596269e+02 1.120788762776609246e+02 9.275521025250904472e+01 1.030142683564170909e+02
6.898194485624264871e+01 7.710444972947337305e+01 8.860398793158556430e+01 9.342608129911096171e+01 8.559004053237244136e+01 9.342590482433030274e+01 9.851073527963406207e+01 8.009045826139637825e+01 9.723702349228663877e+01 1.040826794693968083e+02 9.991094635796264356e+01 8.574910977510326404e+01 9.109647768555322500e+01 7.078626949185694173e+01 7.658233224148027318e+01 6.007131015179224676e+01 8.017965831653744146e+01 6.955129766980529382e+01 4.929304726996967645e+01 5.211599956908320053e+01 7.077241062464767651e+01 8.268804656294540223e+01 7.517291778287687976e+01 6.024759209045092234e+01 7.655518419723757972e+01 8.334511291949254996e+01 9.630080574772863145e+01 1.045677901482006433e+02 1.144611685162164747e+02 1.239603989076102408e+02 1.144137077962080866e+02 9.480561691193159390e+01 1.046283741826840981e+02 9.633946903278102525e+01 1.160615384386721587e+02 1.026206425259614008e+02 1.198529206301203516e+02
4.801286593139136727e+01 6.043493713765083442e+01 8.065789944514710896e+01 8.369402111452902204e+01 6.589908995308636008e+01 7.970077361766797708e+01 8.389605617918672920e+01 7.125875120967917553e+01 7.785998136552608173e+01 9.165424439232664611e+01 1.108349351517078247e+02 1.061544410151501978e+02 9.942720908359338239e+01 9.107977544226041289e+01 8.021699828173264279e+01 7.175689929227512209e+01 8.116660799199655685e+01 6.104880369966439702e+01 5.404371495986352159e+01 7.225451000334356877e+01 6.659959427764560758e+01 8.710171980575742623e+01 8.767202080533699871e+01 7.971035845530461472e+01 6.529876305193991470e+01 6.996071107079973217e+01 7.715570404257040593e+01 8.653791436191946218e+01 1.003687654322011014e+02 1.207961714223990413e+02 1.219907670095511349e+02 1.046871474203389738e+02 1.215304259257992356e+02 1.077759492164494048e+02 1.237699886864794792e+02 1.164197949466590813e+02 1.292767436768147320e+02
5.777331966272461017e+01 7.710404166427920813e+01 7.871064431239074111e+01 7.069887182076918464e+01 5.585802824633545782e+01 5.989389081159914952e+01 6.419037195050329103e+01 8.389615014553339734e+01 9.723701325145414387e+01 9.374859669549444163e+01 1.127612949132385864e+02 1.097318665534771327e+02 1.153104326261004786e+02 1.079431336066234337e+02 9.977657844316793501e+01 9.177360521959558071e+01 7.535174673131184875e+01 7.922527388786367908e+01 5.906392663195997983e+01 7.922526935473581489e+01 8.726617611381759332e+01 9.575444809451725803e+01 9.407439540262946309e+01 7.496243632476277696e+01 8.451883582346708579e+01 7.888159141837120103e+01 7.942393098845185762e+01 8.778448152620687495e+01 9.891499768318837482e+01 1.193683054495562033e+02 1.315816833279261573e+02 1.242346730964043360e+02 1.315168416924157668e+02 1.275014313870554759e+02 1.349218523772148899e+02 1.353386759689246333e+02 1.246185641516461828e+02
6.610650837605987817e+01 7.406319901508300063e+01 6.599930341804900991e+01 5.074097609398871356e+01 7.069495231082218822e+01 7.970076872819699076e+01 8.389603613889602229e+01 8.389609491164220856e+01 1.031692059729238480e+02 1.127654277290935738e+02 1.036578989112749838e+02 8.998276993565693260e+01 9.576293389213071805e+01 1.058334585423072696e+02 1.135180071042120318e+02 9.520530517323132358e+01 9.520532207897591093e+01 7.558693515962546883e+01 7.922729642595992061e+01 6.821419865222823375e+01 8.235721884864223341e+01 1.022406460647682138e+02 9.407711734987340435e+01 8.834827613928378298e+01 9.407699835872145400e+01 8.983312306994716323e+01 9.866219104569309195e+01 1.067669370199658516e+02 1.156355167505495416e+02 1.273002022180316004e+02 1.308221944578815510e+02 1.233085883082070495e+02 1.308223696855472440e+02 1.399339694247816226e+02 1.330731754417289210e+02 1.204523961408757202e+02 1.119064253188897453e+02
7.662847915351613892e+01 6.599932502868391282e+01 4.601873500489548974e+01 6.599930512300774410e+01 7.871060894575852274e+01 8.766749034420004705e+01 7.972617657014511394e+01 8.767233521207062097e+01 9.043855461568058729e+01 9.859245251211244465e+01 9.566409228870212189e+01 7.586910434763889555e+01 9.199600972899487772e+01 8.627154008826265397e+01 1.058335426271222275e+02 1.147238081880613976e+02 1.033454334833980255e+02 9.543151539281529949e+01 8.814290758045207497e+01 8.235075976533833852e+01 8.451850871289082079e+01 1.042802990025558216e+02 1.136851982182884768e+02 1.079086655436200175e+02 1.136844911663747979e+02 1.093932197343322628e+02 1.172258945757014033e+02 1.216569776602640616e+02 1.139151420387417204e+02 1.216574320425739302e+02 1.210305084324826481e+02 1.031269720311628078e+02 1.132223466783368764e+02 1.302424839487165400e+02 1.248745564875139422e+02 1.025069441004980320e+02 8.979297641010764153e+01
6.680342064086237031e+01 5.867577346831516394e+01 4.291492644309692395e+01 5.706479426582737347e+01 7.692491757690592635e+01 7.784675219502048549e+01 5.990101155747139217e+01 7.380104638066825373e+01 7.027113027902649378e+01 8.639860820663948004e+01 8.803713122360703380e+01 6.831552351069079521e+01 7.230787869298515602e+01 9.199724308266262085e+01 1.025469808137029446e+02 1.122090046635748166e+02 1.101373753301653409e+02 1.022321975808082470e+02 1.078288343510434828e+02 1.021374049621859541e+02 1.042803026025602122e+02 1.087866949299657904e+02 1.008642614125474353e+02 1.087510465976961171e+02 1.091804493674891887e+02 1.012200863223300473e+02 1.091954343586480149e+02 1.119343884839860834e+02 9.400241633569227417e+01 1.119346074666896129e+02 1.131684084172702853e+02 9.303947778630374899e+01 1.028044604732735365e+02 1.227941211227046949e+02 1.238862338659548783e+02 1.185810831526230658e+02 9.980675904101140361e+01
5.465255137585748457e+01 3.874616621778775993e+01 5.867580529298198400e+01 7.097454426334296329e+01 7.101038143093056476e+01 6.980738713638726267e+01 4.985091822511115822e+01 5.385991291643412637e+01 7.392154196757839202e+01 6.662900476740448141e+01 7.606227903274128721e+01 6.161668693023997179e+01 6.797456006201647938e+01 7.501845289404563744e+01 8.487906436810749256e+01 1.044758440874561103e+02 1.022324485541899435e+02 8.252147384182710255e+01 8.829355840476159756e+01 9.631826491783152733e+01 9.574580874150927912e+01 9.890416734963147860e+01 8.094609636082125803e+01 9.867384296719215797e+01 9.920429495094671779e+01 8.123464045835699210e+01 9.929307425376757124e+01 1.040258715128331914e+02 8.402831368062345518e+01 9.404014161819100082e+01 9.888040477486644875e+01 8.640501499617529646e+01 1.064568046197133242e+02 1.084018119347050515e+02 1.042889986302861729e+02 1.042889415609633801e+02 1.037832284722912419e+02
3.476716623254787919e+01 5.465251409991228115e+01 5.092202923594921060e+01 5.902525755844159505e+01 5.105087000725691837e+01 5.906416629569273624e+01 4.229735405724100161e+01 6.228476634399356016e+01 6.846167546341041543e+01 5.242850653543039385e+01 5.611611471312434674e+01 7.606290649483845812e+01 8.770079085349190962e+01 9.464861727429749294e+01 1.025455999142361492e+02 1.122082840753617745e+02 1.022499917491850283e+02 8.252232655352985091e+01 6.854076478879316880e+01 7.945377859790167463e+01 7.596531637431804995e+01 8.979136530479973999e+01 7.094725936621020423e+01 8.900358113210643296e+01 8.122158116354779622e+01 7.123349666742667807e+01 9.122287083351965009e+01 9.669236983345707870e+01 8.861156127703422669e+01 7.408655414806381145e+01 7.891642888218446217e+01 9.888405434411259876e+01 1.023167043523829136e+02 8.833669079159611215e+01 1.023162945042297025e+02 8.442028444992683944e+01 9.023818760275409545e+01
3.202249566145287218e+01 4.803912521808949521e+01 3.104972115527074195e+01 5.092200724372991516e+01 3.697101587280111801e+01 3.911706610119264127e+01 5.906418150362059549e+01 4.586588444809787291e+01 4.844503286047725510e+01 6.846172349280226399e+01 5.915986562359570655e+01 7.904908097280218726e+01 9.248375521742183025e+01 9.249527820113942767e+01 1.118736621691842004e+02 1.019962414136761168e+02 9.380486712088914203e+01 9.623436516173185851e+01 7.945237124933152018e+01 5.966880520534012078e+01 6.185255443209108961e+01 7.990005733188597503e+01 6.332857324836683688e+01 7.334561619059151383e+01 6.115683491357334134e+01 8.122154842089423710e+01 9.585664014580119385e+01 8.860959873891033567e+01 6.861343563408701129e+01 8.353366050201289283e+01 9.167089951944453219e+01 1.033495615062479516e+02 9.342389948784710896e+01 7.421717737856002373e+01 9.342204315360505973e+01 9.023583874215994172e+01 7.034561120046728888e+01
4.574985324921089358e+01 2.807393307460716514e+01 4.803912894183654458e+01 3.398801803683042522e+01 5.386349373553090203e+01 5.062978380082385854e+01 6.720891755540975510e+01 6.587816102447452238e+01 5.745340622870168090e+01 7.653897101337284425e+01 7.904908977428812022e+01 6.650633795523337710e+01 7.282481133952674668e+01 8.677713722819981967e+01 1.063355751725084133e+02 9.380411380706379987e+01 7.326098857381481366e+01 7.927243376908198513e+01 8.688628991360130271e+01 7.179080442261646056e+01 5.220454860904638394e+01 6.580507714589080592e+01 6.766510969397273811e+01 5.325834953880494282e+01 7.334563497499553364e+01 8.934695094858228970e+01 7.588661530039769332e+01 7.587181845065882158e+01 7.893484908736310501e+01 6.348932327895668237e+01 7.508341917716211356e+01 9.515587850890088362e+01 8.524882564728976320e+01 6.524804424392253566e+01 8.525192189715956204e+01 8.642341240357481524e+01 7.835675508756868624e+01
2.586268264261575212e+01 4.574986039433473195e+01 5.622179522360367798e+01 5.386885461252067131e+01 6.203539788593939619e+01 7.058981434964420032e+01 7.866579734700736992e+01 8.527785126481248312e+01 7.158309181854518499e+01 8.503730515226786224e+01 9.415852322748486358e+01 7.798130948291989739e+01 9.248414692028744355e+01 8.891753568996807644e+01 1.083777036465041448e+02 9.445564698686872873e+01 7.333750088642993603e+01 5.853579298682751642e+01 6.921665155901804667e+01 6.813466203652849629e+01 6.144128044284126133e+01 4.644268298905775083e+01 4.764432585900145511e+01 6.766512492917435395e+01 8.150422355176056044e+01 7.996677365977348018e+01 7.178124601933339477e+01 5.598503177061046898e+01 5.894561089102793972e+01 7.893501778435448557e+01 9.167114421412611591e+01 8.838453772793063479e+01 7.741145949896171885e+01 5.889493167813481023e+01 7.891755173584000715e+01 7.835671782375946748e+01 5.826530968466531846e+01
