LEM_wLE/output/LEM_wLE_example/elevation_000010.asc
nrows	100
cellsize	150.0
xllcorner	0
ncols	100
yllcorner	0
NODATA_value	-9999
[rows 34 to 50 of 100, columns 37 to 73 of 100]
6.344151254969688125e+01 8.301005707141679579e+01 9.552007662430078483e+01 9.018354757579778891e+01 7.144332908131842430e+01 9.019329988716511082e+01 1.014008544290655891e+02 1.170254222473247836e+02 1.052380716436084640e+02 9.730192685637631200e+01 1.052380716436084640e+02 1.006187048275945841e+02 1.085774083241192898e+02 1.017889907711651745e+02 9.361962345757557102e+01 9.509166794274869972e+01 9.765675981855625309e+01 7.781778066542121053e+01 6.905173227757197196e+01 7.781778066542121053e+01 9.765675981855625309e+01 8.791377514251051650e+01 6.780591350403189210e+01 7.383529863854239750e+01 6.997646853040755843e+01 7.786160698869224461e+01 9.141510414676324103e+01 1.123959650080331016e+02 1.130589257444523241e+02 1.054190566062253396e+02 1.034057319755130919e+02 8.314140196166680141e+01 6.940808553822890303e+01 8.154631693627516142e+01 7.465599445585502281e+01 8.604884090743797742e+01 6.770673024712540666e+01
8.301005712396256797e+01 9.119549250269795948e+01 9.690542406575805501e+01 8.394190057379201164e+01 6.508282817136871756e+01 7.481325298164192361e+01 9.357446447443399506e+01 1.098041773872438682e+02 9.575045097162636409e+01 7.840302798567161346e+01 9.111605996500769322e+01 8.171336005511010114e+01 9.761020654217826120e+01 9.559614647848431446e+01 9.559614647848431446e+01 1.035434893592115628e+02 1.058192598599756025e+02 9.716661743184924660e+01 8.062735698858877242e+01 8.899684530571762764e+01 1.058192598599756025e+02 9.461272878542398246e+01 7.451586785668359880e+01 9.387494442017347751e+01 8.431628383310263075e+01 8.431628383310263075e+01 1.042097490196108964e+02 1.189757547571169454e+02 1.054183743499642389e+02 8.735464353462761267e+01 9.263955789829208243e+01 8.629476719197343471e+01 8.149972263156813312e+01 6.259781794359452078e+01 7.608913292057489741e+01 7.692836344691950501e+01 6.309110381747606056e+01
9.114820879327557179e+01 9.679253949289883963e+01 8.910180084010535495e+01 7.031632140547672805e+01 5.925650000818733787e+01 7.825599925549575175e+01 8.312685594781460452e+01 9.699411185399577562e+01 8.785247742102393431e+01 6.887815285248150587e+01 7.215741609687138691e+01 7.074042957699789724e+01 8.613393130806198883e+01 7.667171613763987637e+01 7.667171613763987637e+01 9.559614647848431446e+01 9.358422084592518786e+01 1.014104761820058513e+02 1.004297789635926250e+02 1.085770192822985223e+02 1.168901921002538558e+02 1.027610631636233194e+02 8.621705956611299371e+01 9.098373007688041980e+01 1.042097490196108964e+02 1.042097490196108964e+02 1.122708024049762940e+02 1.120632697205535635e+02 9.519657918819075348e+01 8.434707356437995429e+01 7.458160728077342583e+01 6.878707070864477657e+01 6.335991648324376513e+01 7.332223676609434904e+01 5.695514229822701679e+01 5.778332517735055518e+01 5.861437358430477929e+01
7.322482069433249308e+01 7.886992890561776903e+01 9.165737407805319492e+01 7.389736071420497865e+01 5.473867853003189765e+01 6.417226002314718869e+01 8.312685616476528594e+01 7.830149846651924861e+01 9.157258479464506706e+01 7.771027432374769717e+01 5.862407158694635712e+01 7.771027432374769717e+01 6.714152334870131256e+01 6.319398824349266874e+01 8.221455345438064910e+01 7.990601738005626942e+01 7.494341129414841873e+01 8.723828068440204220e+01 8.723828068440204220e+01 1.059203646964935075e+02 1.167153907331142477e+02 1.141747373064592921e+02 1.060814262207737357e+02 1.107599213156620266e+02 1.188491993489452057e+02 1.076123883686935585e+02 9.971069995604104008e+01 1.076123883607368015e+02 1.019133854500470306e+02 9.344500799300256233e+01 9.263955789783170758e+01 8.163387429343936219e+01 7.385140034720069480e+01 5.580611686958808093e+01 6.893832918559019163e+01 7.668701549301705711e+01 7.770731467996569108e+01
6.234112240054472664e+01 6.581872384310081259e+01 8.411934001006655137e+01 6.973478921173906997e+01 5.036468540333093102e+01 6.973478921173906997e+01 7.194494489040909002e+01 6.506920472798375954e+01 8.377643816961271739e+01 7.308119021340752397e+01 5.393951635975625436e+01 6.702806145284452555e+01 5.357020726384661202e+01 7.011846577451329665e+01 7.343398462842672814e+01 5.990109853396600670e+01 6.399834525286826192e+01 6.851195739185369860e+01 8.723828068440204220e+01 1.013812266089500724e+02 9.793495186496726035e+01 1.167153907331142477e+02 1.238713488870175468e+02 1.160550675228738839e+02 1.093453982333477086e+02 9.815136408929004119e+01 8.085257070676884439e+01 9.815136408929004119e+01 9.356734064509225846e+01 7.244678352051586501e+01 7.819811937372527666e+01 7.278227205999031924e+01 5.465658655555626666e+01 7.387770191921650564e+01 8.270544274618995928e+01 9.021696007049739308e+01 8.667133506855932978e+01
5.337190686254199079e+01 7.254501407564414706e+01 7.956799719169677587e+01 6.048498022649231132e+01 4.653816370950179504e+01 6.324549016255620870e+01 5.311851494649339145e+01 6.583656645879894143e+01 8.349749468408525388e+01 8.096842780857953414e+01 6.702806145284452555e+01 4.779598773469007256e+01 4.771044027225926243e+01 5.096230330669366992e+01 5.433701369752647281e+01 6.389757727905604412e+01 8.186965593285923148e+01 8.723828068440204220e+01 7.623841249981528279e+01 8.284326429833525651e+01 9.589531425437917278e+01 1.146253906173452748e+02 1.160550675228738839e+02 9.818269026377289777e+01 1.009872665183132199e+02 8.083685891000752122e+01 7.126394023966544466e+01 9.028163533139910157e+01 9.144455664790925198e+01 7.827043724496931532e+01 5.767231467430849534e+01 5.347549454016108683e+01 7.278132175044414964e+01 6.834213397080111463e+01 8.719370064490696848e+01 1.019867572012164345e+02 9.077191158550817818e+01
4.758974075202888798e+01 6.177409477353798195e+01 8.039267572075348767e+01 6.256555037902194272e+01 4.291683366527181676e+01 4.400907162204467937e+01 5.758484908408826897e+01 7.664582836186684744e+01 8.883913820804603745e+01 7.890020033688215051e+01 6.301789687210376911e+01 4.369138179682603607e+01 6.300759477164148592e+01 7.011625920950481827e+01 7.343398462567314766e+01 7.269540788640478013e+01 8.186603945320545961e+01 9.907559131878083747e+01 9.482706717934188134e+01 9.482706717934188134e+01 1.092572019861556356e+02 1.176178742395908330e+02 9.849749499825519194e+01 9.849749499824012844e+01 8.590786574176307511e+01 8.355786475044428130e+01 6.438741619590039988e+01 7.595298395220356724e+01 7.788142226597983608e+01 6.458495724025428331e+01 7.092413373734270010e+01 5.260978517107498931e+01 7.200983001098840930e+01 8.721011911319534704e+01 9.481765489312756756e+01 9.522872455725875795e+01 7.529924493636660543e+01
4.290583171772740201e+01 6.283624778761737417e+01 7.309687512686386412e+01 6.995581061208737594e+01 5.774840791903971393e+01 3.806386894817198652e+01 5.213110799260449824e+01 7.147783869210130092e+01 7.349878152866223502e+01 5.822225826899117607e+01 5.344274205062281169e+01 4.136935782023730468e+01 6.058230086815827065e+01 7.599884219457982226e+01 8.364973623469313679e+01 9.025764147673721993e+01 9.543259340949140324e+01 8.766992161356697011e+01 9.566407253659778576e+01 1.053218662106408772e+02 1.215489230712790487e+02 1.119613026581116628e+02 9.292060326435984052e+01 7.953689098786125555e+01 8.755058516884540154e+01 7.470639145029929296e+01 7.595297918218513189e+01 5.662827086369586027e+01 6.876681984304012474e+01 5.051910257652686198e+01 5.137590800414782422e+01 7.031824187267194759e+01 6.108976111878607185e+01 7.460434451022132407e+01 9.319274243809624636e+01 9.760622288791984147e+01 7.861169935269218456e+01
3.859343659448895636e+01 5.386844852204872325e+01 5.386844852204871614e+01 5.894401615139513950e+01 5.093597480808689681e+01 3.522828004302453309e+01 5.516711187632805746e+01 7.006421337891349310e+01 6.513856450554244759e+01 4.757640000103101841e+01 3.812722057605770942e+01 5.765030211608116417e+01 6.868415745937852535e+01 5.714686056123813529e+01 6.874458861889490890e+01 7.280982032902038270e+01 7.842767734141554570e+01 6.827435704937605010e+01 7.800550061777514088e+01 9.733434260935871407e+01 1.136865725509504585e+02 1.080625134551105049e+02 1.009681497375473214e+02 8.199284795047832120e+01 6.851480780126696857e+01 7.942515798671010430e+01 6.399600183401833675e+01 5.661093893797331589e+01 4.936052188418850051e+01 6.823235132675858949e+01 5.856368134182022089e+01 7.641743594420304930e+01 8.010295439844306031e+01 7.136297761013472041e+01 9.013934485589055612e+01 1.022754425756859717e+02 8.531293610155044860e+01
5.267628276930841480e+01 3.378105705602025211e+01 4.943040060534801228e+01 4.921818306098591478e+01 3.132382727839307535e+01 4.928840913329362650e+01 5.944280247628866221e+01 5.092922742776063671e+01 5.097913683478086710e+01 5.257721193794336756e+01 3.595763487019011961e+01 5.553080973892617322e+01 6.043891273619671267e+01 4.596362047598560707e+01 4.965497340033007134e+01 5.353326322943909332e+01 5.912016615920497742e+01 7.842767734141554570e+01 9.566407253659778576e+01 1.053218662106408772e+02 9.471369275376643770e+01 8.918443017758309566e+01 1.026252765436079812e+02 9.546905605030372044e+01 7.943370242653693936e+01 6.020278540051251071e+01 7.240770600704175308e+01 7.265087259030200073e+01 4.860596988964169185e+01 5.154433923247047744e+01 6.895130991855647551e+01 7.094397449673867584e+01 9.025963179323726138e+01 8.466526961529200435e+01 8.670559967419826819e+01 9.434053802251801812e+01 7.683930925041616433e+01
6.122151746121327420e+01 4.941370609913420253e+01 2.953257931221055443e+01 3.559731102765313437e+01 4.519892397221137514e+01 2.819171160172880164e+01 5.009975777484506665e+01 4.843672120948716042e+01 3.141784886193394044e+01 3.297026510911030073e+01 3.556622611087147590e+01 3.825554720800337094e+01 4.102044321600767773e+01 6.043891273619671267e+01 6.894027358188945698e+01 7.280982033178000279e+01 6.218872920875146804e+01 7.184998587668357573e+01 8.292198670988088338e+01 1.019281555561773160e+02 9.471369275376643770e+01 7.586906874129230971e+01 8.529138074752935950e+01 9.316552855568104974e+01 8.734204441082513881e+01 7.240770600708474092e+01 5.291822307700260808e+01 6.605385864323798728e+01 4.786776413242354522e+01 6.666687493437665069e+01 7.690269973925518343e+01 9.025963179323726138e+01 9.821903568589630140e+01 1.033549315431944109e+02 9.989450050338801645e+01 1.022754425756860854e+02 8.610337382532637207e+01
5.047547226217152883e+01 4.992209665371170502e+01 4.335929763441993856e+01 2.558945358944123427e+01 2.607877379524879302e+01 2.656447239213228784e+01 4.532429293807002324e+01 2.930501181864342541e+01 4.875382946805377316e+01 4.443509897258065422e+01 5.515394833374379147e+01 5.213212344098364071e+01 5.231187053980094248e+01 4.820298348821493306e+01 6.747666677204296093e+01 8.320989985758673413e+01 8.140246461122094956e+01 7.581494017959531106e+01 9.489193914945676056e+01 1.098719555814003996e+02 1.026252765436079812e+02 8.529138074752935950e+01 6.632542729199100506e+01 7.785232176570757190e+01 7.335065460617640554e+01 7.715197371059841203e+01 4.921125130549459215e+01 4.682793531119341424e+01 6.601932766542216768e+01 6.148966149286586358e+01 7.503576537040210326e+01 9.403904716120788976e+01 9.998214561381905696e+01 1.079401930480633069e+02 1.187520839604211602e+02 1.127035248252983308e+02 1.015881656919088840e+02
3.132492488822104448e+01 4.274152138343547591e+01 2.490102449575016408e+01 3.460433647949230362e+01 4.473094734184047638e+01 4.581833838636098477e+01 2.726187067357076899e+01 4.258706268574088938e+01 5.438292109989565404e+01 6.418279461487368565e+01 7.232990518325985363e+01 7.136796932429405160e+01 6.594789817983212288e+01 6.747666677204296093e+01 5.612394640342419194e+01 7.530888520154030630e+01 9.340680029603966261e+01 9.489193976497293193e+01 1.028188944057041994e+02 9.917878854740789052e+01 9.121259112268764113e+01 9.316552855568104974e+01 7.785232176570757190e+01 5.875336551720298672e+01 5.418990448718351871e+01 6.729149339636582283e+01 6.431786459858732030e+01 4.610103176425744920e+01 5.723696817265972214e+01 7.639248610687185703e+01 8.850289566387046136e+01 8.659702762179165347e+01 8.105273021552969226e+01 9.998214561381905696e+01 1.111872968538990278e+02 1.192132938105804811e+02 1.096581255219769560e+02
4.266945620853879007e+01 2.420480100686894431e+01 4.264445852057571074e+01 4.294936211010617200e+01 4.979844086944552828e+01 5.368707357467623353e+01 4.656682329967994605e+01 2.799944224871335763e+01 4.158046773909178739e+01 6.039031784621871424e+01 7.333660830138354925e+01 8.125153382748821684e+01 8.504277683226968065e+01 8.321000331129906158e+01 7.530888520154030630e+01 6.642859990347663768e+01 7.994594941652138687e+01 9.893050269532091079e+01 9.769954512912156019e+01 8.818204262319152065e+01 7.224237220204705068e+01 8.818204262319152065e+01 8.572142383684408173e+01 7.785232175698396873e+01 6.729149339723291234e+01 4.808225782965297412e+01 4.507793654146803419e+01 6.033173682162470897e+01 7.232954028453418971e+01 8.430261230316791909e+01 8.073178558980144714e+01 6.759147125042615301e+01 8.659702762179165347e+01 9.920021863994485045e+01 9.223406203056005381e+01 1.055732184945484420e+02 1.247408809692684173e+02
2.350458495318756746e+01 4.207284362797630450e+01 5.106143129569596795e+01 6.186229661562779825e+01 6.652074903928183858e+01 6.225276195015791103e+01 4.663764318470368408e+01 2.851957694350993577e+01 4.773652764473345655e+01 5.962143544482630375e+01 5.406651132854749875e+01 7.333660828952422150e+01 8.254901175887177089e+01 9.047011743475225387e+01 8.910565035277797108e+01 8.550639633408452767e+01 8.550639633408452767e+01 1.045157315770694453e+02 8.974027732300163507e+01 7.077998292155022853e+01 6.126286393688825882e+01 7.176429440683349981e+01 7.966945021296973550e+01 7.032484807892204515e+01 6.240159021423475849e+01 4.404972051989908977e+01 6.329626597000209642e+01 6.852095804505877652e+01 7.193477725306904347e+01 7.532794946515508627e+01 6.162633974900978728e+01 8.073178558980144714e+01 7.482732084191498245e+01 8.031525173112167693e+01 9.119636162717100092e+01 1.045255553465564589e+02 1.236729269511814095e+02
4.196966767765187001e+01 5.039388497492628005e+01 5.464927349822436753e+01 6.256594041282815510e+01 7.363167465541411616e+01 5.620249063102852460e+01 3.812342721278864843e+01 2.903925301602624387e+01 4.847958597329815689e+01 4.022982718318125706e+01 5.970936695431401375e+01 7.378912430001031453e+01 6.322495988085128005e+01 7.139707860326910804e+01 6.997470995204032818e+01 6.997470995204032818e+01 7.790819322544632541e+01 8.896756062279865773e+01 9.769954510967903616e+01 8.519530742715784299e+01 6.620098665740547972e+01 5.194884331272168509e+01 6.475010106754240269e+01 6.150023744594812314e+01 4.312546464849288697e+01 6.239400139866305750e+01 4.619236281761828167e+01 4.940253354478147685e+01 5.270928608792626591e+01 5.613320225190759061e+01 7.532794946515508627e+01 8.862531139395424873e+01 9.374859827572178972e+01 9.920021863994485045e+01 1.071478145624107157e+02 1.114096926331866797e+02 1.114096926331866797e+02
2.770213069233516023e+01 3.131866882950768627e+01 3.520679593917973449e+01 4.652627201780500599e+01 6.576540300416974105e+01 6.418794835446202285e+01 5.524310322840553056e+01 4.844803578932672394e+01 2.977877052690334736e+01 4.928097260381520783e+01 4.654072666769794608e+01 6.588897469374870752e+01 5.202283182944523077e+01 5.202289267158479191e+01 6.033516728404045892e+01 5.069996792658160700e+01 6.187775362131327483e+01 8.103535799314676069e+01 9.198679566152921439e+01 8.899238457023966475e+01 7.918077179193255688e+01 6.473859546716784052e+01 4.404724493735497504e+01 4.219206116463058009e+01 6.108873056304506832e+01 7.027573960328113856e+01 6.542893576699971447e+01 4.861909987568310498e+01 6.785161736808380795e+01 7.532790489717037019e+01 7.183851020980846158e+01 8.529238562533888057e+01 1.042804843690263112e+02 1.079550142064560703e+02 1.000180268491527897e+02 9.246700302982954156e+01 9.246700302982954156e+01
