LEM_wLE/output/LEM_wLE_example/elevation_000006.asc
nrows	100
cellsize	150.0
xllcorner	0
ncols	100
yllcorner	0
NODATA_value	-9999
[rows 68 to 84 of 100, columns 37 to 73 of 100]
3.164726944945963538e+01 4.555039961748617827e+01 5.391096035213851678e+01 5.975729821412132736e+01 6.847823850380376598e+01 7.360473129824455896e+01 7.360473417654017680e+01 8.190345218724608856e+01 8.292864896257808027e+01 8.142794594386619167e+01 8.971003851339034441e+01 9.200135299058302962e+01 1.002802540354667116e+02 1.030941367912213167e+02 1.066638030164497337e+02 9.508754611408200219e+01 8.682079249632630535e+01 7.801413649882948675e+01 5.791759128257845646e+01 6.390329358525856662e+01 6.649447534104956503e+01 4.731859795778460409e+01 6.355904668441728944e+01 7.314443368615368968e+01 7.633020735751040320e+01 6.814925484381278409e+01 5.256017933219328597e+01 7.225540723554942701e+01 8.491069386829335031e+01 7.532882299171663476e+01 5.875795251996371604e+01 5.579958705176117917e+01 6.863282447182183432e+01 6.951531475675356830e+01 5.034677107521238071e+01 7.074035645218299351e+01 5.155570216914247084e+01
3.066529246167384670e+01 4.315452718613144611e+01 6.157727304531166368e+01 7.448702597249837254e+01 6.737316666342528038e+01 5.348333417352176866e+01 5.348333417534228573e+01 7.360473413711045509e+01 6.277314273363903396e+01 6.126622473476199815e+01 7.553995689316126061e+01 9.564280896518235409e+01 9.831938803928818515e+01 9.247143091760378297e+01 9.844964657867116387e+01 7.830788047427689946e+01 6.660180956717425715e+01 7.514735725938939481e+01 6.981261965135519176e+01 4.979551985778345369e+01 6.264986594557356625e+01 5.599774259724693337e+01 4.349146796460956921e+01 6.265277326642814870e+01 6.808983106189283774e+01 4.843504357420199824e+01 6.814925484381278409e+01 8.053015791198887996e+01 7.461009170109062438e+01 6.621770077205306393e+01 4.693386649554230416e+01 4.767046213049333403e+01 4.840524228095337378e+01 4.913836523603053053e+01 5.052513662141512185e+01 7.086723349286164364e+01 7.432636207687281171e+01
3.922385972232834206e+01 4.036721830289923219e+01 5.596797967209736413e+01 5.807910866380383652e+01 4.517292694219064941e+01 3.935702378788314348e+01 5.937675494440561863e+01 6.076985096440370171e+01 4.851833745259642683e+01 5.859268407655174826e+01 7.286566272051925353e+01 9.299163520463666543e+01 7.820830863593606352e+01 7.230032994508344757e+01 8.650929345920152969e+01 8.942985416553966616e+01 6.923135333637988253e+01 5.496594009961777516e+01 6.612213489754439877e+01 6.273618485835041980e+01 3.957150085959930408e+01 3.980809713269774619e+01 4.263374767666765308e+01 6.040690901420630610e+01 6.212692538575726786e+01 4.556575401885341137e+01 6.407144802398376271e+01 6.449537426901713388e+01 6.519766698554064988e+01 4.588610399394610795e+01 6.605726211411875681e+01 6.880787115969538092e+01 5.739934795931006306e+01 6.211033065878223880e+01 7.084149228231659379e+01 5.247172386141353684e+01 5.385424971397166161e+01
4.136803266864973239e+01 4.620543891304667028e+01 4.918083896246829312e+01 4.676757075440244904e+01 3.044810824439637997e+01 4.950883716691244274e+01 5.385777742178891714e+01 4.061786659049572279e+01 6.076985096440370171e+01 7.698957828371875678e+01 8.705117382437592255e+01 9.052080266815836751e+01 7.820830863593606352e+01 5.801069796762324415e+01 7.659522744760509738e+01 7.614921694580010580e+01 6.776120319914646473e+01 6.612213608849941693e+01 4.597844171268220492e+01 5.819986027517639116e+01 3.894583509999962700e+01 5.904739409755070767e+01 4.073332256744042468e+01 4.138377753199607412e+01 4.202420428529602248e+01 4.267570653834393113e+01 4.337217008802058871e+01 4.409631967658943097e+01 4.482618847198117606e+01 6.519766084164982090e+01 7.461405420228062724e+01 7.761602641365263366e+01 7.201656282884496818e+01 8.062679989176118056e+01 6.675246801688953724e+01 7.287911781224893559e+01 7.432674238521863685e+01
2.535186232600469225e+01 2.976543698059066045e+01 3.646641164342307206e+01 2.685689811106523806e+01 2.725203512027218977e+01 3.488236433986306650e+01 3.381394769481550355e+01 5.385777742178891714e+01 6.909308517742915967e+01 8.316659809094406342e+01 9.145199911433481077e+01 8.223525154984730534e+01 6.203794186023208113e+01 5.041984972211022153e+01 5.643899141109935869e+01 6.422198740992429578e+01 4.757730903150288526e+01 5.671692165882073766e+01 5.733596262886547379e+01 3.805267860853897588e+01 5.822147237046949897e+01 5.539272094069791308e+01 6.870376012358055107e+01 5.573952848096063661e+01 6.224583331253926133e+01 5.857331044549295740e+01 4.805170904066410031e+01 6.413758400120555336e+01 4.746312945336052991e+01 6.731526377515736215e+01 7.942727835075983478e+01 9.701146181484671160e+01 9.326033755757416088e+01 9.569772425687258988e+01 8.135138956606431293e+01 9.258538605353272999e+01 7.186820728674307190e+01
4.666808132135470544e+01 2.590625949516395110e+01 2.629894712607081431e+01 4.461476279611402163e+01 4.722760126601010455e+01 2.781259608409198947e+01 4.779885059754081311e+01 6.209988037959904261e+01 6.890438291091444967e+01 6.299677995386261387e+01 8.316659809094406342e+01 8.102661156775891982e+01 7.889272343385698605e+01 6.234629750479767551e+01 4.219904932935452280e+01 5.466692767045633161e+01 3.592494652578129433e+01 3.654241634278462669e+01 3.716368370320570591e+01 4.356179082249121848e+01 6.362561711408670106e+01 7.536318897183210197e+01 8.331598625139189096e+01 7.671684734113151194e+01 7.263625341352026510e+01 5.474697355790413411e+01 5.844134490378951341e+01 7.372778082861375992e+01 6.731535147011817344e+01 5.110040624966444511e+01 7.105276093137673854e+01 8.558329219443133695e+01 9.281175823215360765e+01 1.010536296948741466e+02 1.017771020299237676e+02 9.258588652786224316e+01 7.186820927176896134e+01
6.422696737767594755e+01 5.428579507890886902e+01 5.224484380296362929e+01 3.594407267556526620e+01 4.692582417786726978e+01 2.821038203668194555e+01 4.768975964264571843e+01 5.801652161707608713e+01 4.878134631584676839e+01 6.890438291091444967e+01 7.576423280575976094e+01 6.125938640232531185e+01 6.142745458093883570e+01 5.376109244752287708e+01 5.435382827209294732e+01 3.506369431385678581e+01 5.522149671161115236e+01 5.671600411069028524e+01 4.027474427752074604e+01 6.104670754726475934e+01 5.361102731902521867e+01 6.778829690982608724e+01 8.776774557505865459e+01 8.091378191273983589e+01 6.238674638888205237e+01 6.471126886584370652e+01 7.673113929654269327e+01 8.488418604840764203e+01 7.416690805281344012e+01 5.398492695373153794e+01 5.897323580776674135e+01 6.503052727778545261e+01 7.236656882075341457e+01 8.430555827014487136e+01 1.044314434699277996e+02 1.008969731462080688e+02 9.258590441318166597e+01
8.296279315299143775e+01 6.224543386294698166e+01 4.674228592211176192e+01 5.215443313625335264e+01 3.380416211996356424e+01 2.860765752818234020e+01 4.860853971094142167e+01 3.807144101457151208e+01 5.814666955305845875e+01 7.403840700911196393e+01 6.746039116658045032e+01 4.635593420573827927e+01 4.871133605486593865e+01 3.366361344828030155e+01 3.423439204300797201e+01 5.436681570460478241e+01 4.516599309695242681e+01 6.531633382261665588e+01 4.609925000301706888e+01 6.705027979557394247e+01 7.364013521066840440e+01 6.778829688549595289e+01 8.776772266011396084e+01 8.770040519060856354e+01 6.850493514410362650e+01 8.346198851588555101e+01 9.173141634199377847e+01 9.596799936849508583e+01 7.740250261756786188e+01 5.693880648543758127e+01 7.740250261756786188e+01 8.558329219443133695e+01 9.281175823215360765e+01 1.010536296948741466e+02 1.126080898130747272e+02 1.141775712861124248e+02 9.405154574812841872e+01
8.296279315299143775e+01 6.224543386294698166e+01 6.224543386294698166e+01 6.036573738044213400e+01 4.610791173194122194e+01 4.859820100117772057e+01 2.916919429849118828e+01 4.645337700875767695e+01 5.747732738212256720e+01 5.456877637329336750e+01 5.543138019689141771e+01 5.206021833689393929e+01 3.285116050857673997e+01 5.290735761993362019e+01 4.596282996128699239e+01 6.160790225579092549e+01 5.416673437262016932e+01 7.363139033769810737e+01 6.719580846500991811e+01 5.649804116506352614e+01 7.672037122819854460e+01 8.776772266011396084e+01 9.599600586438401706e+01 9.602107494997643755e+01 7.780158727481067160e+01 9.602107494997643755e+01 9.938932126767301156e+01 7.911733784709578288e+01 6.711971925698028940e+01 7.740250261756786188e+01 6.226127590540696133e+01 8.292515719330141621e+01 8.573977477266377889e+01 1.000421703251010115e+02 1.198607760973562506e+02 1.118706974556716887e+02 9.405154574812840451e+01
9.131370311535049211e+01 8.296279315299143775e+01 8.296279315299143775e+01 7.412144091752961117e+01 6.303752500131286496e+01 5.124489901596542296e+01 3.123476928861287050e+01 2.974112075294822333e+01 4.977347266171538820e+01 4.965600574034594672e+01 3.258249180392508038e+01 3.200903115211479388e+01 5.206068276077284196e+01 4.392166375640108811e+01 6.280166247837799887e+01 7.193875458208272278e+01 6.843501375659533892e+01 7.434516778201253828e+01 8.497415047408617284e+01 6.822890798902786003e+01 7.302631237538155062e+01 9.294971257612263571e+01 1.026388676758971883e+02 1.059856436377741034e+02 9.759922310640639864e+01 1.059856436377741034e+02 1.075933680060715716e+02 9.596807737447215914e+01 8.176606981945985808e+01 9.124628366131405244e+01 7.160140423859283487e+01 6.886095767992722472e+01 8.942950202026453610e+01 1.038164667794165439e+02 1.119855770107756001e+02 1.036571632271327843e+02 8.328057142962596515e+01
8.302243673162607251e+01 8.545725670273247943e+01 7.022661389536341403e+01 6.191417675235300777e+01 5.470565543703828126e+01 3.427657481788518368e+01 5.117568306573417658e+01 3.756063439961273787e+01 3.031539448445803941e+01 3.072309994593064886e+01 3.113835198232636969e+01 3.570279529890021308e+01 5.870749964168084034e+01 6.421412000159884315e+01 5.833567281144458150e+01 7.840594693376323221e+01 8.861354603272040720e+01 9.446620092140280178e+01 9.652670065944168698e+01 8.831992782985135193e+01 9.294971257612064619e+01 9.676457798302240576e+01 8.259457063764199347e+01 9.680052200016832842e+01 9.825671265725665648e+01 9.586568774668324977e+01 9.437271555220090136e+01 1.026577803659922949e+02 1.019755386057797608e+02 9.208626577316687190e+01 8.620329814634916943e+01 8.942950202026453610e+01 7.678730709082105932e+01 8.370072187133690989e+01 1.038164667794165439e+02 1.118706974556719445e+02 9.360633151565927790e+01
6.285013843301337744e+01 6.546182086057822858e+01 6.191434317422609723e+01 4.171673921751140313e+01 3.787165853001659599e+01 5.470565543703828126e+01 6.237421199369054392e+01 4.895875058537728819e+01 5.036071368394036085e+01 4.213493954311476841e+01 4.951850075424675168e+01 3.199714045163602449e+01 5.304687556355200684e+01 7.269665012463694609e+01 7.840594693376323221e+01 8.669037176415079671e+01 8.848255151690553078e+01 8.020888460407734044e+01 8.848255136259929543e+01 9.711345238048109252e+01 1.019024900339056217e+02 8.775892942865134216e+01 6.840240290536446821e+01 8.772365015717994652e+01 7.836272750096813411e+01 7.579563048066235353e+01 7.429473200575971248e+01 8.851161893020950799e+01 1.085226545073913940e+02 1.120747635565345632e+02 1.062890060048320322e+02 1.053187727194502941e+02 8.865744504407146565e+01 1.038164667794165439e+02 9.801427649616914550e+01 1.178241932527021021e+02 1.079227860763803903e+02
7.137935338026193222e+01 5.133748569252454530e+01 4.732990760759771831e+01 4.352561256543130241e+01 5.828668860544865993e+01 5.239385294748661437e+01 7.251325237173658422e+01 6.928713812366899560e+01 6.845893888618556389e+01 5.988120014917496547e+01 5.183981233397742017e+01 3.260142633683175717e+01 4.259328407893844570e+01 5.718363194247282877e+01 7.863267791013591079e+01 8.716558800522891204e+01 7.855767642873041723e+01 6.041076582589153787e+01 6.892782944600010353e+01 8.302062854119918711e+01 8.869319860241419917e+01 7.361516161095302380e+01 5.945900221925813867e+01 7.051033038187902946e+01 6.419306364694483591e+01 6.158445900979101140e+01 7.596706801250550711e+01 9.701914686312109382e+01 9.798088809002828725e+01 1.061710155441469112e+02 1.041944564338381127e+02 1.123842677064427278e+02 1.086592877435638371e+02 1.168133885029239565e+02 1.178241932527021021e+02 1.259568775253822963e+02 1.276747244475986349e+02
5.883455565373348861e+01 7.137935338026193222e+01 6.736786475981793387e+01 4.748954447466577733e+01 6.163132349635770169e+01 7.251325237173658422e+01 8.081115937888921508e+01 8.300544927621635338e+01 7.409874296984504838e+01 6.389812163294921987e+01 5.314895342060499672e+01 3.318325851917574454e+01 4.720458708054506758e+01 6.659826532310806613e+01 7.006537803352640026e+01 6.727357601466441395e+01 6.715691562787144164e+01 4.994463368245414614e+01 5.457892121233644644e+01 7.476090149950680086e+01 6.873769848417988726e+01 7.594310525526157107e+01 6.768306721030450035e+01 5.060035826764499944e+01 5.272392947561779408e+01 7.265006172437976772e+01 8.253217630058288989e+01 8.393496520553063078e+01 7.813529290130030347e+01 8.960931440871299003e+01 8.445898087165235779e+01 1.009841335536642930e+02 1.149474642999676064e+02 1.102717767306571943e+02 1.164882784384261072e+02 1.234491162457479447e+02 1.316893235015005246e+02
7.046253335479862301e+01 8.326521127204192396e+01 6.309143784410564848e+01 5.157581686605041682e+01 7.161787775285239377e+01 9.004130306012622498e+01 8.909877039692079848e+01 6.857835591871631209e+01 5.409117403736548368e+01 5.614436707143423178e+01 3.621816612471295116e+01 3.374341185730987291e+01 5.376437247347489290e+01 5.524546290772540402e+01 4.999791340764798520e+01 5.650747837261406659e+01 4.739830587893138159e+01 3.880417933209229631e+01 6.199148839252737986e+01 7.075157247323176080e+01 5.461489885783958442e+01 6.491875128086587665e+01 4.775077130991657981e+01 6.768310446627432952e+01 7.265006172437976772e+01 5.601748413918741676e+01 7.600231511993072786e+01 6.350659754783702482e+01 6.647428627287938241e+01 6.960772970202569354e+01 7.287319066464677064e+01 8.702184810785314539e+01 1.022446937196873336e+02 9.060951922921991297e+01 9.682997396165741577e+01 1.037608937782355127e+02 1.150862563269485577e+02
9.066686536477128300e+01 9.154469154562056588e+01 7.623479559083089896e+01 5.611011730445208912e+01 7.032358005892201902e+01 9.050573229807602615e+01 8.733391732907460892e+01 7.577406835606032587e+01 6.142011649743343327e+01 4.095997104173390824e+01 5.589928013979056942e+01 4.325483239436104554e+01 3.454103878331545729e+01 3.514281735631935533e+01 3.575876972028655842e+01 3.638593855713616421e+01 3.702067618431531315e+01 3.766348997818647604e+01 5.768173544131374086e+01 6.019639265751883528e+01 4.301124815870139884e+01 4.492532792558235144e+01 6.491875128086587665e+01 7.594324720636555526e+01 8.426099012767950569e+01 7.600220909874133213e+01 5.944122473550486063e+01 6.547611710486314962e+01 8.533738661365129019e+01 8.960932480961531610e+01 9.280020111240322933e+01 7.802715778882173936e+01 8.252227850646431762e+01 9.060939530134798758e+01 1.102680050231515594e+02 1.234491162457479447e+02 1.316893235015005246e+02
1.031825934862051071e+02 8.416851935025607645e+01 6.394141321787419940e+01 7.623479559083089896e+01 8.454075835944144046e+01 9.441225634430179525e+01 7.908956544142557732e+01 5.901818584155359559e+01 4.733218246483897218e+01 6.142011649675495022e+01 5.730258479813936390e+01 3.722270856728702171e+01 5.457775235306660733e+01 4.393033007095590392e+01 5.586999842679989570e+01 4.674863934065749760e+01 5.712452734093199780e+01 5.778017773498041265e+01 3.857119618683256590e+01 4.037815572960753485e+01 6.049942375936782923e+01 5.907213254848833373e+01 5.648137627867059507e+01 7.059967858191849643e+01 9.055534231502953446e+01 8.774800642122376360e+01 7.364309377066572893e+01 7.578039514403695875e+01 7.499038783125728003e+01 9.456490195590538406e+01 1.060106374648761260e+02 9.783017166736165393e+01 8.793798009088570211e+01 1.070027939333789675e+02 1.044968407196332549e+02 1.242008281553889191e+02 1.348482074354245981e+02
