LEM_wLE/output/LEM_wLE_example/elevation_000006.asc
nrows	100
cellsize	150.0
xllcorner	0
ncols	100
yllcorner	0
NODATA_value	-9999
[rows 68 to 84 of 100, columns 0 to 36 of 100]
2.958550950857541384e-02 2.002958550950821959e+01 3.304361120968113852e+01 4.458363167228078794e+01 6.189355949127104140e+01 4.935553292868694086e+01 3.489256828434958635e+01 3.356835595339111222e+01 1.024843621256617254e+01 2.527143066393788828e+01 1.387098164773260400e+01 2.776992099570784944e+01 1.640073078408607898e+01 3.268948618085506297e+01 2.618792448822695818e+01 5.520822879123675975e+00 5.495177457087050854e+00 1.431608159682010672e+01 1.625055733599026908e+01 3.411337650047313019e+01 3.856937915196114375e+01 3.923589375539454238e+01 2.684771342776846836e+01 2.825251492158258060e+01 8.358564585053530394e+00 2.880182165181756204e+01 3.906197296859111390e+01 4.361741910354561469e+01 3.224940342939481752e+01 4.634994745930471538e+01 6.659394488401498791e+01 8.081978735645225242e+01 7.167222564928833606e+01 5.873168555044805572e+01 7.167216920603254948e+01 5.300318932715430975e+01 2.362123879488208900e+01
9.835479489548564214e-01 1.233705652166276501e+01 2.598736728920307471e+01 4.545814281593287376e+01 5.129579220186145250e+01 3.454882826029306386e+01 1.969883312506684092e+01 2.441525596633771045e+01 2.858142492897032927e+00 3.145132591905938746e+00 1.430923736149131642e+01 8.973733268884080516e+00 2.253759641884420972e+01 2.465633478975888337e+01 2.430669711746512363e+01 5.085957396800933061e+00 2.542520919475653329e+01 5.913629372508974136e+00 1.315134213882787506e+01 2.660976284997498809e+01 1.577453290318951673e+01 2.335205135241544738e+01 2.431646254158847142e+01 7.936757943501266510e+00 8.012034601951814494e+00 2.895041231475021704e+01 1.877232400618162700e+01 2.342791285948977631e+01 4.361771049001309564e+01 5.227927702667936671e+01 7.255598926809564375e+01 8.902742665601955707e+01 8.067444949968135859e+01 7.693137100504867476e+01 6.875289431207282576e+01 4.984065726351535375e+01 2.401594640550635162e+01
5.722010782348829760e-02 2.005721953436779614e+01 3.710844114495239410e+01 3.157100885814034541e+01 3.617060970603606762e+01 2.029575469686139044e+01 2.340709495604697210e+01 2.451915527315799981e+00 4.764778346596446390e+00 2.004153270255427444e+01 3.548559823888754572e+00 3.832031579199129290e+00 4.114048312430277576e+00 4.395265278484780325e+00 4.678480035735756992e+00 2.420871820700894972e+01 3.265334974947991498e+01 2.729197693941752334e+01 6.335591513255527829e+00 6.632359738060875642e+00 6.927349781095984760e+00 7.221653533393896041e+00 7.517652507924542427e+00 2.787209823023914623e+01 2.894645413016224822e+01 1.241067161705326427e+01 3.290624199584992482e+01 4.361771049001309564e+01 3.617915677070477898e+01 4.783974860772953974e+01 6.813512288169218323e+01 8.067444949968135859e+01 5.993093011672960557e+01 6.600656627832161405e+01 5.938018104451607115e+01 3.648914930920214061e+01 2.440793175361719847e+01
9.757004629446797139e-02 2.009757004629370414e+01 2.338457077382049221e+01 1.062715756484447915e+01 2.182024713600335986e+01 1.759957981019077966e+00 2.045650105563264098e+00 4.825051106295814130e+00 2.248611361230419448e+01 2.379330425898512047e+01 2.338483137705998516e+01 2.468810782731902620e+01 1.442197452227404142e+01 2.278059604021757423e+01 5.352957647891271264e+00 1.966305955136904160e+01 3.830772202250813763e+01 2.158042247795419755e+01 2.182732043238117114e+01 2.692784572659186537e+01 2.646173111010561030e+01 2.669104799758703095e+01 7.561906532658068336e+00 2.841177084173041578e+01 4.123213218138855751e+01 3.290624199584992482e+01 1.796790336801267074e+01 3.835491328597260718e+01 5.288448956935707912e+01 6.483090821016034511e+01 7.655307436362059548e+01 8.067454745296694796e+01 5.993093030014563283e+01 4.501074303943656929e+01 5.582113846616863384e+01 4.522231165519870189e+01 2.479792354848052582e+01
4.225409065741109194e-01 5.005224721121406262e-01 7.855108082476884857e-01 1.070731173922913726e+00 1.356097391576443600e+00 8.688062530864808508e+00 1.640731359183204319e+01 4.328593945611682869e+00 1.567976535468425681e+01 3.010242091276566967e+01 4.406296948022384896e+01 4.147929333653504358e+01 2.890982830412239579e+01 2.696737570098455095e+01 9.242777113621249541e+00 2.342550191979137608e+01 4.032143624673610560e+01 3.360486425641207830e+01 4.329239079252452171e+01 4.203119017248814515e+01 2.299665162586078893e+01 1.124047195894670104e+01 2.841463774940330822e+01 2.247237689942979699e+01 4.275811249402732273e+01 4.676356867857975175e+01 2.978026901287419292e+01 2.417177624688645565e+01 4.447597470958453414e+01 5.774842755135404104e+01 6.617564580615743353e+01 7.790381075200707528e+01 7.445934273410678372e+01 5.620729563932754047e+01 3.521756272799647292e+01 2.946099721746799460e+01 3.156989373363505180e+01
8.169748314230130815e-01 9.151502898803459018e+00 8.857848723408343616e+00 1.828622289131484280e+01 1.967484081711752353e+01 7.591356619228575298e+00 7.121778967973622088e+00 2.416338680160526309e+01 3.227286425068461284e+01 4.081233091893643916e+01 5.198524801358350089e+01 5.391102552423787841e+01 4.636856959142521362e+01 2.677166730555610386e+01 1.618278054375544173e+01 1.808914375511756489e+01 3.778366429526106884e+01 5.204702830211665798e+01 5.723094406587347294e+01 4.947923304966270308e+01 3.382699191460890376e+01 1.364810819729903280e+01 3.400102718776547306e+01 4.275827912042765178e+01 5.117660125686659711e+01 5.848039595366514476e+01 5.006809658874158941e+01 3.591074607533293772e+01 3.138028353105469392e+01 3.749023042024496277e+01 4.916479518872431242e+01 6.947427438091085605e+01 7.626855063298698667e+01 5.653857186827853809e+01 3.562826395736530571e+01 5.008842624056705972e+01 5.324578145303572541e+01
7.482281904641915338e-01 2.074821084351340161e+01 2.343750298397450038e+01 1.992490818333314806e+01 2.775471254297664103e+01 2.461996474940748314e+01 1.470905903365233591e+01 1.086980338887681974e+01 1.472384977951933749e+01 3.382803400864420951e+01 4.836366036693463144e+01 5.768476479996929385e+01 5.550820686843227492e+01 4.348289235289786347e+01 2.346866522997529003e+01 3.810393780293588151e+01 2.831727853747435830e+01 4.009012764509385107e+01 5.966678790967433343e+01 4.814563367228591773e+01 2.773250658100629096e+01 1.606423808504848338e+01 3.636041564820678929e+01 4.842610798851386988e+01 5.822674284083471008e+01 6.680558178668501057e+01 6.459708348171426451e+01 5.617936166153229038e+01 4.150242300381532345e+01 5.774769724863580933e+01 5.179746305284029972e+01 7.212122684576443987e+01 6.776335161389644668e+01 4.676457338043467615e+01 5.653857186827853809e+01 4.447968846640780072e+01 6.550289893025045274e+01
6.697973685351282791e-01 1.806172132031027644e+01 3.742577145524899151e+01 2.990207575843575327e+01 3.876775628673875929e+01 2.798228657363695859e+01 3.163108998315518861e+01 1.540060377080646248e+01 3.356892924514613696e+01 2.083105161973924524e+01 3.026813135982579794e+01 4.463163641971997464e+01 6.535067230656021309e+01 5.141249592952396341e+01 3.378554771453037375e+01 5.140708320286810817e+01 4.000083627775114792e+01 5.582399274726368077e+01 6.864712621770058831e+01 5.670280380176964741e+01 3.636455276054837071e+01 3.636041564820678929e+01 1.961784141749417643e+01 3.988919565009154411e+01 3.762383861808832108e+01 5.822674333130082402e+01 6.911783748184652154e+01 7.020441447960301673e+01 6.177842886074940765e+01 7.020575795289759924e+01 7.212122719367513923e+01 8.059404739948084284e+01 7.627957362715979173e+01 5.896126720437428759e+01 7.249819569952525455e+01 5.151230539170055067e+01 7.249819569952525455e+01
9.239707316362346656e-01 1.506612026564762274e+01 3.506811595658923153e+01 4.642015839355761386e+01 5.043649075273393123e+01 4.341802694040472943e+01 3.893961552762630873e+01 2.012804984740170511e+01 3.893961388874193830e+01 4.033636005251955936e+01 2.879420422148060155e+01 4.885810468508230997e+01 6.838391227519232984e+01 6.107009390286218320e+01 5.330587701665334777e+01 6.105597660102320390e+01 5.912752806495333147e+01 6.674491954224640722e+01 7.572086690963129740e+01 6.555659519477296726e+01 5.440090976178030502e+01 3.387825044106961059e+01 3.988919818812448170e+01 2.336106271218142183e+01 4.365828912365308412e+01 5.100581153990597727e+01 4.827862124128455434e+01 5.438220879096864024e+01 7.520361341209626005e+01 8.050683477823216094e+01 8.901826753141753557e+01 9.442069057473139537e+01 8.823377537814724292e+01 7.978890109424322929e+01 8.097113339736219473e+01 6.211282735705728442e+01 8.097113339736219473e+01
7.344999525375345284e-01 2.073449995252451217e+01 3.455833163670468622e+01 4.284288488778855708e+01 5.438952185215506319e+01 5.255121374748610208e+01 3.330149321649535210e+01 2.656997603120738205e+01 4.557213579634563416e+01 5.708997325910910803e+01 4.293698444848074303e+01 4.027558728868809368e+01 5.465993866843040649e+01 7.426966065252098304e+01 6.144599374516607071e+01 5.322170624071544154e+01 6.144576767187046329e+01 6.987932477679221677e+01 5.584118768157144075e+01 6.168642127225503913e+01 6.297399708858802114e+01 5.440090976178030502e+01 5.221465489267878013e+01 3.762383861556100584e+01 2.740492388521469991e+01 3.056162326433780407e+01 3.384391333659549872e+01 5.438228636353233014e+01 6.381225865671587627e+01 5.950964377106697611e+01 7.364582969772395415e+01 7.364488904647252809e+01 8.771504594483982942e+01 9.616999238993085442e+01 9.128508344362992943e+01 8.288356404198813721e+01 9.128508344362992943e+01
8.205962881864476977e-01 7.487262954853084906e+00 1.455833076671849824e+01 2.610533614744774411e+01 4.610534603523490205e+01 6.055089605783656737e+01 5.255121374748210172e+01 3.964267061798208402e+01 3.994138143387041140e+01 5.916598120118564452e+01 6.315295346455059899e+01 5.999517601591226423e+01 6.838391227519232984e+01 6.345076301569180544e+01 5.155490976822272842e+01 3.345379386165162572e+01 5.155467843933749350e+01 5.209222826877021362e+01 4.181346067596039973e+01 4.181379094264249829e+01 5.586400245187420666e+01 6.798285797133108588e+01 6.680535441778266659e+01 5.504256758391250060e+01 3.448201128018517636e+01 5.100581153990597727e+01 5.438228636353233014e+01 3.902498784913619545e+01 4.298477925472310801e+01 4.743315606922618599e+01 5.259876555998301484e+01 5.924338735559673097e+01 6.676080631637140073e+01 7.899129041322875366e+01 9.963191761742761798e+01 1.028925869620921105e+02 9.130377740533036501e+01
1.503081736372913202e-02 2.001503081736337464e+01 3.455833163745886338e+01 4.284288491534993426e+01 4.419619924825342139e+01 5.253606717403981463e+01 6.035146733418427090e+01 5.798366808051320476e+01 5.916598070813427768e+01 6.712887849548447150e+01 6.271255402136122115e+01 5.269230775285808477e+01 6.017781291084255457e+01 4.398656470772835547e+01 4.267566153905677595e+01 2.353041579574448505e+01 3.716713353522415275e+01 3.237839869817600658e+01 3.914195413289238701e+01 2.788439474078228741e+01 3.943236639242370956e+01 5.962904572198031872e+01 6.963284872666802983e+01 6.363860874986691130e+01 4.894079673871251401e+01 5.122022412772593469e+01 6.833310929739789685e+01 5.360104351984146120e+01 5.494516052032412290e+01 6.838410362006878529e+01 6.752417851115795600e+01 8.030660347689064338e+01 8.771504594483982942e+01 9.616999238993157917e+01 1.080215436472073662e+02 9.465879772653407542e+01 7.450591682655776538e+01
1.711296032766891351e-01 1.913711857196097199e+01 3.694764773490089738e+01 3.206993388771498132e+01 2.474513541667554861e+01 4.345057721756965918e+01 3.849689208159882980e+01 5.201262080746957395e+01 6.093941564391494836e+01 5.287570884126261461e+01 4.935893686121611523e+01 2.971096141734576079e+01 4.631948564636600452e+01 3.960867237788574613e+01 2.588845003151844182e+01 1.648001557596568034e+01 1.746879185416018387e+01 1.846973250523583943e+01 1.947546437603606506e+01 3.913424777799404097e+01 3.956046991279218616e+01 4.157977385761432743e+01 5.698700653261536786e+01 6.525229166492233901e+01 6.977354660584569501e+01 7.205004733010041207e+01 8.060243761767695503e+01 7.451866796689911610e+01 7.592493996887644414e+01 8.446564702915698319e+01 8.842480301644864937e+01 8.884417006790150140e+01 9.713742534999884981e+01 1.055995869760899808e+02 1.044821268741747531e+02 9.443641027556306256e+01 8.615626962764181940e+01
6.634215400813491259e-01 2.066339641186173992e+01 2.182660519648756647e+01 1.150800051522020695e+01 2.641640676720338377e+01 3.215423620664325455e+01 2.444770652184597992e+01 4.263350755538923664e+01 4.976721136181897265e+01 3.330177685865066195e+01 3.954071577291131945e+01 1.939884699267550161e+01 2.674785272729599583e+01 3.347525962127379984e+01 1.509669453541577155e+01 3.483012077063997936e+01 2.446589935757782897e+01 3.815242285173300019e+01 3.913973187248787866e+01 2.092435759941306017e+01 2.195470745864514939e+01 4.157967161758841712e+01 3.723883979486703311e+01 5.698701255123106080e+01 7.257151605242547987e+01 7.159492905158735709e+01 7.390514702202669639e+01 8.219704680957508458e+01 7.565910669185134907e+01 7.706218144959360927e+01 8.535383660497798530e+01 6.882977832792150252e+01 7.728885560915739461e+01 9.713742534999884981e+01 9.624398967855414355e+01 7.606854957672946682e+01 6.592062494716059007e+01
1.702428053490451232e-01 9.964359472092991776e-01 1.823340483988280747e+00 1.808897285138690592e+01 2.810285193831479944e+01 1.275662508892769686e+01 2.224421554027316361e+01 3.337808406459667765e+01 4.161218115682044782e+01 2.194626588432097591e+01 3.028044456213886804e+01 1.182033631326452294e+01 1.276958933360345405e+01 1.372309637813371808e+01 2.123300037357400782e+01 4.091062612192368420e+01 3.186025573415782830e+01 5.154433551404915903e+01 4.879902628073492110e+01 3.224304769456512076e+01 4.157368342997072119e+01 2.342004868793953776e+01 4.302280853949304884e+01 4.448060438749345735e+01 5.785755843287566336e+01 5.116442597429856676e+01 5.395865014951569805e+01 6.981264676912662992e+01 5.567530391796303491e+01 5.706552988130538751e+01 6.998473320569073053e+01 5.728569259336951092e+01 6.882977832792150252e+01 8.884417006790150140e+01 1.044821268741747531e+02 9.443641028177890462e+01 7.900188884001701695e+01
1.450734497938095391e-01 2.013123038814377352e+01 2.182390728627710530e+01 3.005006771363927243e+00 1.932659520623037253e+01 5.386588613405542958e+00 6.237470323088094126e+00 2.606825820330082877e+01 2.811824276796536637e+01 2.896595748830360506e+01 1.048971892292713193e+01 3.024694642652831433e+01 3.253033387146837896e+01 2.118666450633766374e+01 4.017687841611473942e+01 3.365822377842879121e+01 5.154433551417453430e+01 4.573627321072179086e+01 6.036597399598936420e+01 5.201622958061310698e+01 5.124481146980130575e+01 4.302291286736364384e+01 2.489570321993054591e+01 4.448061305914420416e+01 3.173453225708766468e+01 3.814665441620677910e+01 5.761889909069657278e+01 5.630638646963585359e+01 4.164349684504182392e+01 4.557368404769687942e+01 5.000491163096898362e+01 6.998473320569073053e+01 6.882977832792150252e+01 8.038366370901553637e+01 1.004014366830197105e+02 1.073588960184570880e+02 9.892874700854936520e+01
2.896770308316644060e-01 1.833075048146218222e+01 3.140300803512561600e+01 2.471531182158189210e+01 4.192007936523788558e+00 2.426834078223900093e+01 2.511565470860783122e+01 7.446371325702488164e+00 8.307498316595337329e+00 9.173394375354570585e+00 2.897818492650732125e+01 3.812753160074260705e+01 4.805603423430968490e+01 3.212086329985906019e+01 4.831707809024398870e+01 4.757645535815705529e+01 5.339026432265391975e+01 5.972696043222450157e+01 7.368748842156824708e+01 6.653288818888411527e+01 5.103201580315966623e+01 3.137728350401136268e+01 4.445619088673120700e+01 2.641193193899788128e+01 2.748781420921083907e+01 4.706068263403758323e+01 5.143537516160457557e+01 3.653567411450220703e+01 5.630638646963585359e+01 6.551710928375129583e+01 6.998473320569073053e+01 7.827509168691395303e+01 8.884417006790150140e+01 9.713742534999886402e+01 1.086958111367200388e+02 1.066833475526939026e+02 1.150619481821945129e+02
