LEM_wLE/output/LEM_wLE_example/elevation_000009.asc
nrows	100
cellsize	150.0
xllcorner	0
ncols	100
yllcorner	0
NODATA_value	-9999
[rows 68 to 84 of 100, columns 0 to 36 of 100]
2.958550950857541384e-02 2.002958550950821959e+01 3.350422399570880572e+01 4.764636366260830158e+01 5.553430916030009712e+01 4.172094140921856820e+01 2.214018649416928852e+01 2.933860021593712020e+01 1.596091108274125148e+01 2.567535457425273293e+01 3.933912320551235808e+01 5.068119023527223987e+01 3.085050806954390623e+01 4.008124725222976537e+01 2.494492964765196419e+01 4.466639277668637931e+01 4.281174939389880052e+01 2.872804424104269927e+01 4.016576538851957423e+01 6.011730770067143936e+01 7.097289247898574160e+01 6.283496664329364023e+01 4.811613815827693230e+01 6.762408113891949313e+01 8.088873277214278801e+01 9.098252348091710928e+01 9.252500269498423791e+01 9.195208882855793320e+01 8.260466621259415376e+01 6.924570303943339411e+01 6.930761727750217460e+01 6.434738657216415447e+01 5.975783066665638188e+01 5.368812081362955979e+01 4.623361453229611584e+01 3.173566740024262600e+01 2.256578171700501656e+01
9.835479489548564214e-01 1.879042419577856293e+01 3.356201244158356189e+01 2.790594948396141106e+01 3.757706551679398643e+01 2.767645275538476923e+01 2.753071223603711459e+01 9.871590633168944251e+00 1.109641519743676241e+01 1.236252864400866969e+01 3.174155447226429061e+01 3.477057336489169614e+01 3.601167085281139890e+01 2.056446362239075754e+01 3.897055059780837638e+01 4.053342682254417895e+01 2.314125182868032837e+01 2.470010264746274231e+01 4.444032731841916473e+01 5.523844497063924308e+01 6.283496664694306588e+01 4.318622818973079092e+01 6.283496663715678920e+01 7.571021687227977282e+01 8.530210241576796193e+01 7.716559848309678671e+01 7.346785643570800062e+01 9.231656939857074917e+01 9.688136004973783599e+01 8.467715951698484389e+01 6.274595618614826975e+01 4.984051149835083550e+01 4.107366126992063471e+01 3.336521464977793272e+01 4.338678094674016705e+01 2.308040030020435651e+01 4.124874591475192886e+01
5.722010782348829760e-02 2.005722010485645868e+01 2.225968673687238564e+01 3.807437598790230471e+00 2.399432518356537614e+01 2.604374850801476171e+01 8.161742243408211195e+00 2.768469815154901426e+01 2.477280526833467889e+01 3.174155447237429684e+01 1.414996161261594310e+01 1.540435575127748358e+01 1.667031708649594535e+01 1.807276041585407711e+01 1.946863377786951688e+01 2.097339307460598690e+01 4.053342276396953281e+01 4.444032691870476981e+01 2.717457270017529325e+01 4.698370150548491608e+01 5.782102874445255480e+01 3.992991083490888826e+01 5.965559443611488177e+01 6.564481339557794115e+01 6.996287313277964870e+01 5.740211810124716862e+01 7.716559850114421693e+01 9.523251801629510283e+01 1.069837414237037763e+02 9.320227342719321939e+01 7.201518883356737888e+01 6.857634404845900633e+01 4.661784864653598959e+01 4.731287394331150153e+01 2.671149423122969324e+01 2.344848089861908491e+01 4.368698414581895406e+01
9.757004629446797139e-02 1.179046186420120046e+00 2.262106896308118120e+00 1.488743610379526316e+01 5.364385215758739278e+00 6.473921150174040129e+00 2.604374851537037117e+01 3.585993968682696220e+01 4.439661009800254732e+01 4.167836492895537504e+01 3.348284374534136987e+01 2.136842867083669972e+01 3.600099823586489123e+01 2.528337960313281840e+01 3.897059530196839461e+01 2.342255029866731064e+01 3.276947692323395245e+01 5.300203771155790378e+01 4.698370130109148590e+01 2.972973734793700018e+01 4.957481951337702242e+01 3.675508808204706668e+01 5.654431005995495241e+01 4.580704392418466142e+01 5.014674088352593628e+01 6.996287314494236398e+01 6.730995857811410588e+01 7.874056656826675749e+01 9.877302557311847409e+01 1.019025104563709903e+02 9.010282701262599403e+01 6.857417581955668595e+01 6.857634885306957528e+01 5.610762485623926210e+01 4.574932009518169451e+01 3.924708095793185691e+01 2.398011618639843689e+01
4.225409065741109194e-01 2.042254090608247807e+01 1.640291653049509790e+01 2.648041639576841177e+01 1.523992724872435645e+01 9.607181423649398866e+00 2.864837834702468911e+01 3.316206264149485605e+01 5.306641714935960152e+01 5.224196260175737194e+01 3.252984885686586836e+01 4.086129320212499039e+01 4.086129320378867646e+01 4.234432425785585252e+01 2.913054838273349390e+01 4.713572718263208117e+01 5.260774386924765622e+01 5.300203837908125593e+01 5.780471837285701753e+01 4.374863568487042897e+01 3.238168757340603321e+01 3.612403376221988083e+01 3.994499597709601346e+01 5.980269836656636784e+01 6.417268330855060299e+01 7.814124977268839700e+01 8.129267752571124106e+01 9.502005247665775300e+01 9.847621582970803900e+01 8.910128216901361498e+01 8.087014499736132223e+01 7.869876147996836835e+01 7.188107164872698718e+01 5.160283027036838632e+01 4.789354463286401398e+01 2.756988682577044258e+01 4.429848930304934385e+01
8.169748314230130815e-01 2.081697483142187366e+01 3.639918080647505860e+01 3.481989353587014335e+01 3.478286772543756200e+01 2.289926700636036472e+01 1.401200845570740583e+01 3.316206264213433741e+01 4.364297227796747336e+01 5.193431044482730385e+01 5.224202964223232470e+01 4.864607619215085776e+01 6.049593714228699071e+01 5.578935956795812956e+01 3.585292448562965006e+01 3.945391989726766013e+01 5.940514231154670455e+01 7.305224266603900674e+01 7.177331586352863724e+01 5.976708039817345508e+01 3.987856063754293245e+01 3.726000738097125264e+01 5.712548704999550608e+01 5.980269836455426002e+01 7.963932518274637573e+01 9.210981428154835271e+01 1.010583815384457296e+02 9.564689563031501507e+01 8.570844769836426735e+01 6.986995181696893553e+01 6.065868301029166787e+01 5.843560425913188539e+01 5.978411797828976404e+01 5.160283215026034753e+01 3.129024392519722397e+01 4.789402941981239081e+01 5.436166762112594597e+01
7.482281904641915338e-01 1.489036381419526656e+01 3.489036381423012045e+01 5.459162525651574072e+01 5.079702800588184886e+01 4.075329657406665973e+01 2.216436467259851995e+01 1.899173786111565576e+01 2.360609078235503944e+01 4.364297227799238499e+01 6.050464669683496055e+01 6.824218765425862898e+01 7.616366559891197596e+01 6.408185201012720711e+01 4.474584868213452893e+01 5.940514231154671165e+01 5.354891691090245587e+01 7.354332104516105062e+01 7.388297075221657906e+01 5.393760515230919594e+01 5.977946747958493035e+01 5.130800096393018350e+01 4.247688882083528483e+01 5.652525838598291585e+01 7.637958632245046431e+01 9.327023332556812818e+01 1.047670341362874069e+02 8.750353121857655481e+01 6.748168675716287623e+01 5.721628581539283687e+01 4.938268171040898125e+01 4.387527737120634441e+01 3.934156515558046863e+01 3.548556814098166967e+01 5.160283215026034753e+01 4.082018083570362421e+01 6.121886104104045501e+01
6.697973685351282791e-01 1.481193299226620397e+01 3.481193299226709570e+01 4.815617168635528600e+01 5.704491271597906632e+01 3.767835573081869427e+01 4.123226953162496500e+01 2.524930803490385500e+01 4.364297227799236367e+01 3.207466613092326213e+01 4.378404800866230318e+01 5.796502552550588661e+01 7.787552381728609419e+01 7.302427265950224466e+01 5.886503325165424627e+01 7.302427265949907564e+01 7.354332099624964769e+01 8.185311796461459721e+01 8.217921107923454827e+01 7.388297075107206524e+01 7.940518092945939088e+01 6.623371393400820750e+01 4.637580045473200840e+01 6.623371393425809117e+01 6.521476297123714971e+01 7.666354362719791027e+01 9.652425461858875622e+01 9.570874716041939223e+01 8.571100564796498134e+01 6.615026163729680775e+01 6.982126965284425069e+01 5.383102429385846932e+01 5.978411378845551383e+01 4.021921138869848278e+01 6.066957382497439966e+01 4.853451474809978805e+01 6.892618788679345698e+01
9.239707316362346656e-01 9.868242641770525125e+00 1.986824265706243509e+01 3.401039017592410829e+01 5.401203873838384339e+01 5.704491271598279667e+01 5.241682294439573297e+01 3.228618236533511521e+01 5.241682294439573297e+01 4.638639525765497496e+01 4.638627268524952996e+01 6.054860743031213133e+01 8.044804585307016964e+01 8.718349428809469259e+01 7.225953124369335967e+01 6.396078911984995585e+01 7.225954771587241510e+01 7.310198417439040952e+01 6.433608869465220437e+01 7.310196840509402705e+01 8.608277992354264541e+01 6.623359598276250892e+01 6.623371393425833276e+01 5.266336829044322343e+01 7.250610842518585741e+01 8.795352358067178500e+01 9.604800641929047345e+01 1.073136856914668300e+02 9.469917352910202624e+01 8.631413305821071447e+01 7.415644278247170007e+01 7.415518526701474400e+01 6.578941242417087665e+01 4.531009460567673841e+01 6.578945063194726117e+01 5.881552107154468700e+01 7.718447382650738575e+01
7.344999525375345284e-01 2.073449995253717759e+01 3.262432587671084860e+01 3.969539370618850427e+01 4.797967186233472603e+01 5.952668377193818827e+01 6.067570014740294226e+01 4.397586589965460746e+01 6.067570564035942482e+01 6.638761357076538161e+01 6.637701798999508185e+01 5.984356803121664825e+01 6.818734470262157288e+01 7.514220619131165790e+01 6.209680106410593226e+01 4.351498252557406943e+01 6.209680106410583278e+01 6.266708384586500102e+01 4.358764842610270307e+01 6.266708383941494986e+01 6.830072527597585008e+01 7.643632602640249729e+01 8.071156961649843709e+01 7.250610518881693167e+01 6.112953337651111241e+01 6.813894556749291098e+01 7.958126246344549770e+01 9.929589126448907166e+01 9.979441611033314530e+01 1.023066661071554222e+02 8.904637253722889056e+01 6.903758844637448533e+01 5.722185008186624344e+01 5.312070999594443066e+01 7.348728896127478549e+01 7.320016076161780916e+01 8.723064743296154688e+01
8.205962881864476977e-01 6.594098980082729433e+00 1.262432587163805486e+01 1.969539368350365649e+01 3.124239906729637539e+01 5.124239915424428915e+01 6.005170894875252685e+01 6.394737077108705137e+01 7.219566979257022865e+01 7.099199939737897580e+01 5.661505794500404676e+01 3.988662115132166264e+01 5.661505714279438450e+01 6.276829256940405344e+01 4.641506474647209757e+01 3.302582027591749636e+01 5.373788568509826291e+01 5.396186840492584480e+01 3.353129103580080539e+01 5.396186850411375246e+01 4.790889128132841535e+01 6.478895724450788407e+01 7.581264635338683888e+01 8.912468623121118583e+01 8.094669623615968135e+01 8.795352358067178500e+01 9.595237571438434543e+01 9.377866142528388593e+01 7.967639649884569053e+01 9.392924798329565306e+01 9.722969017809975867e+01 8.571429539979094159e+01 7.749381474557759475e+01 6.342508661020038119e+01 8.171912791331246240e+01 9.312784745343320481e+01 9.008491896415813471e+01
1.503081736372913202e-02 2.001503081736337464e+01 3.262432587671084860e+01 3.969539370618850427e+01 4.797966852447873265e+01 5.409201767996528787e+01 3.986323919456430787e+01 5.409202062224031948e+01 6.512977718965245799e+01 5.101310790342457580e+01 4.832016082244876287e+01 2.840944165467552196e+01 4.832016082228478382e+01 4.286319893168744244e+01 4.641448412783548605e+01 2.569129560018342318e+01 4.086057147699391834e+01 3.850616402807310124e+01 2.688332451172608373e+01 4.714279859945665407e+01 3.483557569594493231e+01 4.682648821086970514e+01 6.404119069617611615e+01 7.225163139661053435e+01 8.080468379535894030e+01 8.307974992484680854e+01 9.134096497816395299e+01 8.490622121482087437e+01 6.569525998245970300e+01 8.491754265955196956e+01 8.991051063340670169e+01 9.813751698037897597e+01 9.172508346713648564e+01 8.354969789966222038e+01 9.172632453538633968e+01 9.596421575344953681e+01 7.611839178643258208e+01
1.711296032766891351e-01 1.431326522702650550e+01 3.431326536399203775e+01 4.470130124878409816e+01 5.304002012281294753e+01 4.500524328060242851e+01 2.535748755635503215e+01 4.500524393118960376e+01 5.513581531510930489e+01 3.686301277801228338e+01 4.127900661906021185e+01 2.136309304396666064e+01 3.241896017214772741e+01 2.874663089369055058e+01 3.767039278433127691e+01 3.040951589743079708e+01 1.740883627079189111e+01 1.838335954771040903e+01 3.835980610154759063e+01 4.071063548786450070e+01 2.599463039633950601e+01 4.682648071144532054e+01 4.413566843108447557e+01 5.255651622718071536e+01 7.225152851521966113e+01 6.283651734552238111e+01 7.969145877267307299e+01 7.662979594800991379e+01 5.680852674456154006e+01 7.662974858586038351e+01 7.016688305497082467e+01 8.671353390604802769e+01 8.874234588520643285e+01 9.695366548584939892e+01 1.019709996678758444e+02 9.209060203729789862e+01 8.395452305519319225e+01
6.634215400813491259e-01 2.066342154008099286e+01 3.058834365521859411e+01 2.608342174138765301e+01 4.360248301599050791e+01 3.651927766257732344e+01 1.675445047200638271e+01 3.651927766277020027e+01 4.686389222030437907e+01 2.685454862422182742e+01 3.607879601665091940e+01 2.865723800956045508e+01 1.242745218891911030e+01 3.234108341190815850e+01 1.509873714214281648e+01 1.605266197192294086e+01 2.848302401054323951e+01 3.717386787715503971e+01 1.978633311885725021e+01 2.078553634827281371e+01 2.404714367240524098e+01 4.182581399233065866e+01 3.257753445072537346e+01 4.413566843107658144e+01 6.404118945941915797e+01 5.071337298927026893e+01 7.050606910506073177e+01 7.035579648066817526e+01 5.048441464412116630e+01 7.035563256718651814e+01 5.872409454963970177e+01 7.477807317887044292e+01 6.899413415311063602e+01 8.874256173768459632e+01 9.388403110411503860e+01 7.402501500627127484e+01 6.385527527366958367e+01
1.702428053490451232e-01 2.017024250240061534e+01 1.227644314338259157e+01 3.042729123785098722e+01 2.159259740114625004e+01 2.486768852115192630e+01 1.112284068829032257e+01 3.025889778820913634e+01 4.183660875890642927e+01 3.616840099166768141e+01 1.615900847406033947e+01 1.112498511800622580e+01 3.111829516381388316e+01 1.375224859381550324e+01 1.972553278922138276e+01 3.544153241960328415e+01 4.013309644840735047e+01 4.582698083843300196e+01 2.974778811011241331e+01 3.558875067784153146e+01 2.215656111724451804e+01 2.311620268278814549e+01 4.313368527148143272e+01 5.283814039875885982e+01 5.195339850712656471e+01 4.177386248879648889e+01 6.213642716835401103e+01 6.483869680232186283e+01 4.492044024257143775e+01 6.353033988207370442e+01 4.979313804586545444e+01 5.496282882967949490e+01 6.899413495489660875e+01 8.874278069564616089e+01 1.019709996678758444e+02 9.209060203729789862e+01 7.684836585366119266e+01
1.450734497938095391e-01 9.476458036989378053e-01 1.881875987630316516e+01 2.272734156509083903e+01 4.052453646990641367e+00 4.871884086002789438e+00 5.693494394703634498e+00 2.568873404741007960e+01 2.185108057549912530e+01 2.854890608348322800e+01 9.829491477282980227e+00 2.982521623701092395e+01 3.086789452811174073e+01 3.011232448174330045e+01 2.979556036773631433e+01 2.761541842894040144e+01 4.531697526520407848e+01 5.790327288606457046e+01 4.385418361284539657e+01 5.439290893099609292e+01 5.022857468441426931e+01 4.313368527148143272e+01 2.457096079154097978e+01 4.460461009619695716e+01 3.275075369505012191e+01 5.194722626531844867e+01 6.355400259514117778e+01 5.537887223417612148e+01 3.973465740762075882e+01 4.360053625067581606e+01 5.772670669437043500e+01 7.477836172592147079e+01 6.643291601664492418e+01 7.783134596964633545e+01 9.758091102797247629e+01 1.047882564591236729e+02 9.650764549630913791e+01
2.896770308316644060e-01 2.028967703083131013e+01 2.089118874829781092e+00 2.897598747718319601e+00 1.972865930061648143e+01 2.467463085690918234e+01 1.423976674472319814e+01 6.870611693006771326e+00 7.709606423651623963e+00 8.551666327300287307e+00 2.718948767628402052e+01 3.767439337768954033e+01 5.010837344593956999e+01 5.151635012343295017e+01 4.655689476496969093e+01 3.735813834716685733e+01 3.977807756661516692e+01 5.868905720974377260e+01 6.374810924497593589e+01 6.634376686903289055e+01 5.108385603142062337e+01 3.111302173828707396e+01 4.458287778655484601e+01 2.612507301308911067e+01 2.722996762350309297e+01 4.710444089425588743e+01 5.130800172601992415e+01 3.541053485788610544e+01 5.538937053326681337e+01 6.353036563251006186e+01 7.173595711246635176e+01 8.574350091131607599e+01 8.617849432516985075e+01 9.438793761008567174e+01 1.058102962179147397e+02 1.159082980770305227e+02 1.039683369465986118e+02
