LEM_wLE/output/LEM_wLE_example/elevation_000007.asc
nrows	100
cellsize	150.0
xllcorner	0
ncols	100
yllcorner	0
NODATA_value	-9999
[rows 0 to 16 of 100, columns 37 to 73 of 100]
1.419437319638680890e+02 1.368299098063687325e+02 1.268288598200352340e+02 1.185391072077164267e+02 1.114839660620905448e+02 1.166712469816102669e+02 1.229520814880863782e+02 1.030110567728258246e+02 1.030110567728258246e+02 1.062074964878837733e+02 9.794569234864792406e+01 1.039351453183854801e+02 1.109799872833704200e+02 1.192566647598783476e+02 1.281858138783279060e+02 1.397198751419396388e+02 1.278755763109036678e+02 1.196322229410005775e+02 1.278755763109036110e+02 1.276446821018159028e+02 1.359280561626830206e+02 1.249543184599030639e+02 1.166760495865810441e+02 1.229924808486546937e+02 1.300504761486957364e+02 1.383336307808489494e+02 1.472680053911174127e+02 1.588135006274876559e+02 1.536140719870253406e+02 1.436924622574893249e+02 1.354400467218793835e+02 1.382133153282308058e+02 1.299801710827477450e+02 1.382133153282308058e+02 1.377872800180234094e+02 1.295562904491448535e+02 1.377872800180234094e+02
1.319467040176320722e+02 1.285206237448818456e+02 1.085583071673799509e+02 9.858446832889609368e+01 9.155680571266583456e+01 9.673213489811591614e+01 1.108439482221986907e+02 1.030110567728258246e+02 8.316984330625803068e+01 9.046237155363397164e+01 7.814668654408207260e+01 8.407037711823529946e+01 9.105416517998924064e+01 9.994936447703381077e+01 1.114673103840896999e+02 1.314286107050183148e+02 1.179174260424900069e+02 9.970967397942405341e+01 1.179174260424900069e+02 1.076706680379610503e+02 1.171169437363236767e+02 1.088393321532361142e+02 9.669626202901180534e+01 1.030181713766097999e+02 1.100874507957284720e+02 1.190150321534907931e+02 1.305329284706467377e+02 1.505149816815881820e+02 1.453285715368774333e+02 1.255515219068813053e+02 1.157541851473337431e+02 1.255971159346065065e+02 1.103475876260232695e+02 1.283612928177664685e+02 1.279397274141500418e+02 1.099341951208629098e+02 1.279397274141500418e+02
1.236431216204002368e+02 1.368170108141254104e+02 1.268288468714659416e+02 1.166712469816102669e+02 9.673213489811591614e+01 8.272031406663928976e+01 9.576299225342947352e+01 9.154695278901922961e+01 8.759453627514398022e+01 7.070395154777226310e+01 9.046237155363397164e+01 1.039351453183854801e+02 9.968857283207987052e+01 1.079492087597519543e+02 1.179064322121807038e+02 1.212395169535243014e+02 1.096709484602122870e+02 8.975065143748496155e+01 1.096709484602122870e+02 9.614775691520340217e+01 1.019953475049245384e+02 8.888585952655398614e+01 1.088393321532361142e+02 1.161598235619202910e+02 1.217000011543622833e+02 1.292428770977138868e+02 1.375161719606167026e+02 1.490297446343433876e+02 1.536140719870250280e+02 1.436924622574953503e+02 1.255971159346065065e+02 1.060073028528931474e+02 1.006428756560554092e+02 1.138304294307015709e+02 1.197452427850038532e+02 1.002493815168641618e+02 1.099973121509340785e+02
1.171509983520112570e+02 1.371118953426565099e+02 1.295151982716607506e+02 1.212146577310080886e+02 1.108439482221986907e+02 9.576299225342947352e+01 7.598811271218787056e+01 7.178495602059400937e+01 6.779013295796936234e+01 6.643141649923039438e+01 8.624986225433487164e+01 8.977321256506500902e+01 7.985785229871119384e+01 8.974315267686877462e+01 1.096339929887000437e+02 1.129918495047897125e+02 9.310117091156173785e+01 8.317278609960564495e+01 9.517469340700071712e+01 9.771012107798225088e+01 8.212543597473995760e+01 8.651507864750270471e+01 9.118346154759842648e+01 9.617130442507311727e+01 1.017241581972334501e+02 1.092855051609602413e+02 1.208068937607332032e+02 1.407643813926535188e+02 1.375171506333002469e+02 1.292795756358073618e+02 1.338147896578589098e+02 1.255971159346065065e+02 1.138304294307015709e+02 9.441888433010132076e+01 1.079776283670876182e+02 1.041238173075194737e+02 9.068903895100203272e+01
1.113130568496889055e+02 1.312476712790291913e+02 1.212146577310080886e+02 1.010427508658963518e+02 1.069509655972241973e+02 1.040223559809764282e+02 9.576299225342947352e+01 9.154695278901922961e+01 8.220443895475374063e+01 6.224427174625849801e+01 8.131627811057087740e+01 6.993994324290308384e+01 8.977321256506441216e+01 1.079492084364340769e+02 1.179064308828659193e+02 1.108301236401282353e+02 9.675117844108669374e+01 7.698226248094081825e+01 7.541995068667593216e+01 7.791847469497747625e+01 9.771012225030811749e+01 1.064536908368163211e+02 1.111627855856665406e+02 1.161598235619202910e+02 1.217000011543622833e+02 1.180366278575915118e+02 1.375161719606167026e+02 1.422406812927318072e+02 1.292795756358073618e+02 1.098021251649606569e+02 1.155069383276465516e+02 1.224516966449117490e+02 1.143131652761615698e+02 1.079776283670876182e+02 8.870857306924665409e+01 8.496674441883060069e+01 9.890992246945357635e+01
1.086810232178210498e+02 1.286002204869707271e+02 1.182324823174912041e+02 1.069509655972241973e+02 8.650028466623373902e+01 1.069509655972241973e+02 1.034440153207348914e+02 8.357247180090929817e+01 6.953908925200184399e+01 5.932942361291850375e+01 6.126778861221612260e+01 7.210123974433346916e+01 8.619655583471021032e+01 1.060683788536191798e+02 1.078840608509506893e+02 9.677746198656723209e+01 8.272480033300664104e+01 7.192327235578689226e+01 9.165520171028575191e+01 9.184231972799254606e+01 8.561002536333569424e+01 9.370338468492047923e+01 1.026280852857038752e+02 1.141562582200987492e+02 1.340954257411767117e+02 1.380001430623296983e+02 1.462803841530947579e+02 1.339525753184574910e+02 1.144329173012765040e+02 1.047735128268099345e+02 9.618235868028651225e+01 1.072666404454539872e+02 9.502364990097314035e+01 1.112542434509359026e+02 1.048318570576878983e+02 9.676324920023506593e+01 7.989034884657266389e+01
1.227968117591512254e+02 1.241519888201911641e+02 1.040136345080411218e+02 8.952909410413010960e+01 7.911400698108921858e+01 9.163800371987538540e+01 9.886679238008665038e+01 9.764567864934014096e+01 8.769847487262862273e+01 7.575582769529502514e+01 5.527809634318211351e+01 7.575582769529502514e+01 9.323906013567483342e+01 1.052812257781922654e+02 9.383731153192594832e+01 7.980166954479817321e+01 6.878235284636276958e+01 7.623171011854061874e+01 9.601130654223115357e+01 1.114280118811524289e+02 1.055122668651143698e+02 9.817826989576143148e+01 1.122897084604881570e+02 1.308540423539845676e+02 1.423738093733942662e+02 1.569123188264811688e+02 1.486520693723804527e+02 1.422465371591169969e+02 1.280811379319336254e+02 1.087051991750301312e+02 9.759662005025624865e+01 8.808488335738087471e+01 8.408901691049013039e+01 9.798070746214914095e+01 9.465945895839111301e+01 7.777078831155753846e+01 9.111439239139136248e+01
1.092012175137087695e+02 1.174932231449279811e+02 1.070710663197186818e+02 9.869301108817093393e+01 9.163800371987538540e+01 7.097675581777112086e+01 7.830878270354210713e+01 9.278122988053998199e+01 9.126942830187734046e+01 7.343177336722135351e+01 5.261756772954225880e+01 6.496581533277523590e+01 8.500903223649135043e+01 9.703811677878223918e+01 7.723749436245763889e+01 6.579275070395344471e+01 8.560695689919603524e+01 9.601130654223403837e+01 9.018102021158220793e+01 1.042413449880713614e+02 1.241991914340275542e+02 1.181323097699919913e+02 1.264027982967812704e+02 1.405158881330746681e+02 1.481528967332131401e+02 1.454360545477217954e+02 1.288000007749449765e+02 1.454360545477217954e+02 1.362462029781210617e+02 1.211667134108625135e+02 1.016021237384366884e+02 1.072666404454539872e+02 9.798070746214914095e+01 7.898863298022028800e+01 7.566790409410215545e+01 9.465945895839111301e+01 1.048318570576878983e+02
8.937895648094993817e+01 1.092012175137087695e+02 9.869301108817093393e+01 7.815382742323021148e+01 8.416961503865539385e+01 8.433314946234163756e+01 6.372757543388285484e+01 8.433314947019819385e+01 7.748157144367776539e+01 6.329697907412899127e+01 4.989897315040546744e+01 7.115027215324818144e+01 8.169989587399822994e+01 9.139582075604408828e+01 8.361555748512337516e+01 6.373056769738233385e+01 7.524522155557546910e+01 8.922483669074702561e+01 1.091119898858443378e+02 1.183617370068715218e+02 1.194715498022944331e+02 1.277520031272142802e+02 1.392877655943390209e+02 1.481528967332131401e+02 1.283058905745110110e+02 1.319478840629813590e+02 1.174802846104377352e+02 1.258108095738724330e+02 1.339217486487841882e+02 1.297913370346990689e+02 1.212154214821554916e+02 1.195970628887474447e+02 1.060215305401020487e+02 9.318543709882398218e+01 7.417439439020625969e+01 9.318545009209280749e+01 1.071308964146878395e+02
9.518476231899512641e+01 1.065164257877645042e+02 9.869130492623628470e+01 7.815381251943564678e+01 6.351353759438526225e+01 7.384169376216458147e+01 5.925909209643020858e+01 7.571223021444609458e+01 6.734626284259438478e+01 4.758177289872158866e+01 6.925653490379541211e+01 5.260982365969649521e+01 7.343422556235567811e+01 7.150416992317533982e+01 7.895950018352421296e+01 6.168749668079352944e+01 7.328955486416036536e+01 8.728621425735944683e+01 1.071619353536331687e+02 1.079420514687825801e+02 9.950187290287121300e+01 1.110310337559337626e+02 1.310015091426731715e+02 1.372860155058966711e+02 1.290518330040229102e+02 1.122964776582823561e+02 1.258108095738724330e+02 1.062384679975432817e+02 1.258108095738724330e+02 1.306032935115028124e+02 1.227667229999638607e+02 1.114844193022399708e+02 9.221639509856743189e+01 8.128498218964024602e+01 7.279944592105707102e+01 7.997936108634608843e+01 8.841113436023815098e+01
7.848879379469317996e+01 9.825340774284832435e+01 9.776279564072697781e+01 8.830274484949177349e+01 7.384169378140995832e+01 5.272406927228676921e+01 6.969632648770031835e+01 6.541535877416522737e+01 4.522527939129840036e+01 6.734626284259438478e+01 7.758274485863788072e+01 7.343472815728030412e+01 5.521553210711840620e+01 5.702826292644495965e+01 5.880921335210359757e+01 7.895946849985865867e+01 8.989946226360000026e+01 9.421760477693058533e+01 9.854674141013730093e+01 8.801158910732777940e+01 1.079420514687825801e+02 1.210098264403551696e+02 1.325449607782415171e+02 1.290518330107984468e+02 1.094196760117170157e+02 1.035888044609543925e+02 1.125216867264340834e+02 1.003608310436403173e+02 1.199100622452453706e+02 1.227667229999638607e+02 1.037425251503936607e+02 1.093145836938982569e+02 1.084498689402890221e+02 9.053641377658583167e+01 7.145452581058179931e+01 9.053208037584174406e+01 1.032197691704055984e+02
7.377508385409039704e+01 9.350911789864287016e+01 8.961357512052170193e+01 7.109404315339521929e+01 6.191883404559693105e+01 5.464539186283379735e+01 4.677637693270074948e+01 4.286623156776627042e+01 6.541535864952749080e+01 7.571219772176272045e+01 9.344084269063024806e+01 8.396102574375429128e+01 6.597370101235921425e+01 7.732959309467526055e+01 7.895949382068106104e+01 6.349538097813869797e+01 8.342505160903388628e+01 7.441508755418620069e+01 7.870814509466119091e+01 8.527010477426694024e+01 9.276541213221879900e+01 1.042897675357993847e+02 1.242632412213129527e+02 1.290518342042556981e+02 1.094196760120165663e+02 9.562469926140930454e+01 9.298010271909886626e+01 1.125216867264340834e+02 1.281034982867204235e+02 1.229190332868227387e+02 1.093145836938982569e+02 9.025633924658646379e+01 9.912752353458000698e+01 8.923829081543635766e+01 7.010740315317367788e+01 7.691594263129205444e+01 8.406126159011289189e+01
9.032089298858079474e+01 1.017590859125000691e+02 9.769261284507426524e+01 8.828085619609205992e+01 8.034547278125990033e+01 6.961630159560978370e+01 5.005251611629586250e+01 4.122739732506735777e+01 5.231832011268787852e+01 6.496228904407936966e+01 8.518563330082972129e+01 9.450375088900347009e+01 8.668377345066544137e+01 9.505268126988670474e+01 9.161448001039509847e+01 7.248526834729938173e+01 6.856463813240999627e+01 8.837816102470566193e+01 9.854674141013730093e+01 1.051850597280724742e+02 1.127315508123297718e+02 1.210098264403551696e+02 1.166978734737319598e+02 1.249212495979327144e+02 1.233528507808568548e+02 1.077824473543497277e+02 8.829908252504127120e+01 1.029861327405406826e+02 1.111312822998330034e+02 1.090988407842214656e+02 9.527864825486921063e+01 9.912752330822023339e+01 8.011532526812962374e+01 8.794673313258067537e+01 6.878000320041179805e+01 8.227988527641674921e+01 1.009865746293182980e+02
1.012536051147674812e+02 1.040732425588796417e+02 1.014611857324111241e+02 8.360207327167120184e+01 7.091084087057573981e+01 6.181597618318490817e+01 6.275256478332006083e+01 3.978234980919376085e+01 6.275288441161972486e+01 8.181451495978302546e+01 7.722713761664998344e+01 8.040534952524323842e+01 8.917475196847462371e+01 9.718861743644717421e+01 1.008520207876227488e+02 8.412497860361956725e+01 8.837816102470566193e+01 7.998843023626484694e+01 9.399985516087215842e+01 1.139350768618392067e+02 1.109240890824191581e+02 1.027177042602973103e+02 9.692692856782180399e+01 1.166978734737319598e+02 1.266221085200184717e+02 1.069987440131304766e+02 9.322596131392845109e+01 8.367435669064337844e+01 9.872099118215129465e+01 1.009762864804879001e+02 8.185263138568933527e+01 8.888141473376593638e+01 8.662966817860865376e+01 7.154811589878548261e+01 6.745504560066703448e+01 8.128261751694134318e+01 1.016951249707475711e+02
8.934809291898022821e+01 8.202327403086088964e+01 9.678574631358263503e+01 9.693694924739851615e+01 8.791289341854690065e+01 7.733432852055746309e+01 6.147391867703947810e+01 3.839025427450752659e+01 6.148484626239039130e+01 6.991595936895197383e+01 5.833098228115662209e+01 6.446968568546168399e+01 7.105552545973036160e+01 8.131575941692007348e+01 9.994973033716868827e+01 9.928751749007662397e+01 1.081067395712252193e+02 9.983874641262821115e+01 1.081067395712252193e+02 1.080860514060189956e+02 9.988170600471617888e+01 8.296142727519897164e+01 1.018351471816034319e+02 1.100408906785032030e+02 1.199358971951592991e+02 1.209238663787111250e+02 1.111311537308803423e+02 9.872099118215129465e+01 7.965222793390715594e+01 9.470104546165816828e+01 8.888142502305625214e+01 6.997609154818387367e+01 6.761920189351120314e+01 6.558189739239955429e+01 8.491828543560978915e+01 9.220645057048929516e+01 1.002554219620256788e+02
6.862434648979106555e+01 6.710444256635386751e+01 8.807984456505045046e+01 9.886384663359559966e+01 7.807767699271470008e+01 6.949011760870762089e+01 5.026600116794536888e+01 3.705663597662778841e+01 4.324559901989409383e+01 4.953482335194497921e+01 6.991595936895197383e+01 8.275919084524082336e+01 8.917532793374307687e+01 9.718562276313335246e+01 1.081044430009581987e+02 1.216966629877266683e+02 1.139059569505275817e+02 1.023129449540862197e+02 9.407051651216850985e+01 9.667272781037451068e+01 8.012952297394060963e+01 7.550472731508618551e+01 8.208130595979388033e+01 9.194859236391054935e+01 1.117217019992965135e+02 1.277749315211324586e+02 1.179556079902239674e+02 1.068440568328357898e+02 9.470104546165816828e+01 7.583330300241449606e+01 7.342445373098954065e+01 8.888098288623709209e+01 8.368303431826613803e+01 6.428263754575759492e+01 8.216920601571978011e+01 7.297501593398214936e+01 8.902765765895065897e+01
5.343089797028595456e+01 7.469419128730997670e+01 8.889827615053967236e+01 9.294775642578842678e+01 7.191828841797044447e+01 5.572790445969376094e+01 4.467860472502852076e+01 3.581429570421802566e+01 5.527759762536373955e+01 4.874973021964966335e+01 5.926665314987074140e+01 7.253723538020075523e+01 9.141538861938484217e+01 1.070007631269877635e+02 1.098898516719073228e+02 1.203648234030134887e+02 1.055293243685247404e+02 8.570734607247196379e+01 7.427418028595909050e+01 8.263517086427081892e+01 6.866525715098167382e+01 8.847777781481514126e+01 1.018351471816034461e+02 1.100408906785032030e+02 1.199358971951598249e+02 1.195670655457162468e+02 1.000016904996538045e+02 9.032745212021427506e+01 8.366472826718482736e+01 9.470104546057442008e+01 9.226527545157966870e+01 9.377906265576618239e+01 7.471744844549361630e+01 7.809952420848425447e+01 6.268295296162691699e+01 6.155207435507957570e+01 7.394915126593029697e+01
