LEM_wLE/output/LEM_wLE_example/elevation_000007.asc
nrows	100
cellsize	150.0
xllcorner	0
ncols	100
yllcorner	0
NODATA_value	-9999
[rows 68 to 84 of 100, columns 37 to 73 of 100]
5.643253586228999552e+01 6.499211014943276155e+01 5.790306276173345168e+01 5.736721557731414123e+01 6.622950183474389974e+01 7.294062980569475485e+01 7.294062980582235411e+01 8.148911904227819036e+01 8.235117839811759666e+01 8.081765691122767237e+01 8.922755020101008938e+01 9.291253011035709619e+01 1.013290372682558598e+02 1.042386935643352928e+02 1.063822633585642166e+02 9.472743141856817317e+01 8.640216681284337596e+01 7.618879700594268911e+01 5.379994563968892862e+01 6.099907830397344100e+01 7.598659754706817182e+01 6.594207481636625801e+01 4.229864344942932775e+01 6.604797727842623090e+01 7.574900791397232069e+01 6.729233466869045799e+01 5.001290642327454350e+01 7.195887014031255546e+01 7.427052981151040001e+01 6.550070790568017287e+01 5.347463398532543977e+01 6.687871321835351068e+01 6.790288792455694988e+01 4.647147594105422286e+01 6.717057008738565571e+01 7.121769276136252813e+01 7.118917737998869200e+01
4.918155433686425226e+01 4.754255468193669287e+01 5.676951418140451011e+01 6.789665036787940267e+01 5.908955765653801251e+01 5.092243681099097330e+01 5.092243681099097330e+01 7.294062980582060618e+01 6.105359163037422121e+01 5.943094139623067207e+01 7.480090502145023379e+01 9.534338092496203387e+01 9.798928097714744467e+01 9.210707669587071678e+01 9.810667510184620710e+01 7.783387206768230726e+01 6.555141134128471947e+01 7.436397752853184784e+01 6.740713428864717116e+01 4.385011936572023927e+01 5.955344692328804257e+01 5.784857446534152103e+01 3.864819267657200186e+01 6.261926890834548942e+01 6.729233203768482952e+01 4.439343517517734483e+01 6.263914207225223407e+01 6.344657715603879211e+01 6.425852745183229331e+01 4.208582249213728232e+01 4.306083427529656404e+01 4.404876622769144490e+01 4.504823139179319469e+01 6.743907804320163279e+01 4.914392010847227255e+01 7.115188582251177252e+01 7.444293058670012897e+01
4.066084581960440403e+01 2.034730082196071876e+01 4.700985095512752565e+01 5.482337537787012138e+01 3.677022090761396811e+01 3.503508943740255432e+01 5.737141622966557719e+01 5.847865553373468117e+01 4.482305097700695740e+01 5.650532141672267272e+01 7.203408726550934205e+01 9.266826953072578021e+01 7.764395747770845446e+01 7.165313734332663387e+01 8.603323255882641263e+01 8.902647045395755754e+01 6.829057410062101496e+01 5.238238239934552354e+01 6.453350934403199801e+01 5.954534176126732348e+01 3.616784095059396265e+01 3.393375643045492041e+01 5.759771585123692716e+01 6.663493997279692849e+01 6.074984223364452163e+01 5.964983689736050820e+01 3.894803365408780849e+01 3.981402261525744279e+01 4.072064725624356640e+01 6.410183958272689608e+01 6.624824528237651577e+01 5.401457233321515616e+01 6.360926249053800063e+01 7.544217839979502571e+01 7.109762092705047110e+01 5.175101707219999980e+01 5.357035998735940296e+01
1.961028312621612812e+01 2.002746614324817997e+01 4.166786307041562765e+01 4.221787851769483524e+01 2.115392267515154856e+01 4.578975048892637290e+01 5.064202862663493931e+01 3.563115827715082418e+01 5.847865553373468117e+01 7.590210164371902124e+01 8.651055300854270058e+01 9.004918645303250457e+01 7.751545402017286790e+01 5.643193105878684435e+01 7.570074441431363255e+01 7.482106219028059968e+01 6.617137534011403943e+01 6.453350934408464923e+01 4.141552489232107348e+01 5.530249170645586076e+01 3.299715642375534230e+01 5.412382061555409507e+01 3.492439224847079515e+01 5.799216111647917415e+01 3.701570426071313591e+01 3.779134666427896860e+01 6.152564376538448698e+01 6.342151496725758619e+01 4.324757155754750926e+01 6.346281869014752175e+01 7.397217469398533751e+01 7.399980649434274937e+01 7.301202416743420542e+01 8.624140339564115720e+01 6.636844801064131616e+01 7.325897805970538457e+01 7.474968881953371636e+01
4.121662275364725758e+01 3.249193914200020572e+01 2.061368630550173719e+01 2.102827165054903347e+01 2.144264239491807800e+01 2.376845152112950288e+01 2.793296782806520895e+01 5.064202862663493931e+01 6.728232389904762556e+01 8.263510179275174039e+01 9.103224452975386782e+01 8.166866054798181551e+01 6.041461300515858568e+01 4.691078889139791386e+01 5.380192387356678552e+01 6.155261013265268133e+01 4.339749342036331825e+01 5.373010608859200943e+01 5.441280408187984818e+01 3.209484951576324363e+01 5.546805130390977467e+01 6.185895458718769646e+01 4.662482597978935672e+01 3.594958608083697271e+01 5.967879509101495472e+01 4.368099482897498831e+01 6.580671733688701863e+01 6.960843448091664243e+01 4.612918973496184094e+01 6.935380451440998684e+01 8.109909794794485549e+01 9.524848002538351466e+01 9.145465052327067212e+01 9.537178598419154696e+01 8.132980771666272801e+01 9.232542120557836540e+01 7.255549421512932895e+01
5.052557653090050849e+01 2.833866332852177550e+01 4.232471286112416209e+01 4.275950143459164110e+01 4.319807186498984208e+01 2.203141448154611126e+01 4.382148678417308929e+01 5.936012405215996068e+01 6.752382778835878696e+01 6.126453315100318520e+01 8.263510179275174039e+01 8.035209044307806892e+01 7.795092250431061132e+01 6.021741584219819288e+01 3.703545558620411526e+01 5.062273470286049104e+01 3.004600647157514004e+01 3.062754345304185577e+01 3.122152865648823905e+01 3.885800102353414331e+01 6.193691355013987732e+01 7.445475346015923890e+01 6.240665096483608920e+01 6.007457027141612826e+01 6.849878732639719203e+01 4.963690597320810127e+01 6.493856966800701969e+01 7.820233864010907610e+01 6.961681580017518911e+01 5.153955566530515853e+01 7.387605057665228969e+01 8.860270533121691017e+01 9.586672646253036589e+01 1.042440588228010085e+02 1.012721375129456618e+02 9.239359360887671357e+01 7.257417485647918909e+01
5.940503765200210751e+01 4.110371541000375117e+01 3.932485209716239893e+01 5.653511857117298689e+01 4.041827823369695238e+01 2.244761204570604818e+01 4.198846922034122997e+01 5.482706216081871275e+01 4.486984401242075648e+01 6.752382778835878696e+01 7.592956758861440392e+01 5.890087977726114588e+01 5.733529123429755714e+01 5.037839582470689237e+01 5.105834644279114087e+01 2.923871523102538461e+01 5.203062106699954370e+01 5.373010604796731826e+01 3.709667120367419813e+01 5.946944970689384036e+01 5.150047340390030826e+01 6.995027988781218653e+01 8.630044339937079201e+01 8.032466145414485936e+01 5.961674582748833018e+01 6.236882217280800944e+01 7.942008206528606706e+01 9.351574118158526971e+01 7.724269714862234082e+01 5.591677432422314098e+01 6.151776844737366190e+01 6.803730579515577404e+01 7.532097205999419032e+01 8.720207871209490236e+01 1.077028554044687638e+02 1.005209019236693138e+02 9.232634644033032600e+01
7.217890406947441306e+01 6.352576699671529781e+01 4.804436177981572342e+01 4.989271835846982128e+01 2.468315826950014369e+01 2.286362606182827051e+01 4.470309332178356954e+01 3.240690577741724354e+01 5.540975539847418219e+01 7.392328602301286367e+01 6.742924712791024433e+01 4.457355465776090853e+01 2.949897951690509146e+01 2.789364383421231608e+01 2.845131994194185410e+01 5.105834701781357410e+01 4.057284516018381026e+01 6.351170282030818015e+01 4.374017636014514210e+01 6.580556375896136956e+01 7.310619443273445484e+01 6.706470501779301685e+01 8.769164011521969826e+01 8.749108545201265486e+01 6.722137742898121360e+01 8.294136155869071558e+01 9.121832460785411456e+01 9.923535461766212507e+01 8.059862822760435108e+01 5.987663769624236210e+01 8.059862822760435108e+01 8.860270533121691017e+01 9.586672646253036589e+01 1.042440588228010085e+02 1.160012859405200203e+02 1.129426489706527406e+02 9.330482297220713406e+01
8.510733789478115341e+01 6.404333934319696198e+01 6.404333934319696198e+01 5.899373772138633854e+01 4.232594193045674302e+01 4.470700998189960984e+01 2.345186009236583757e+01 2.831769062203461829e+01 5.287798771421955735e+01 5.194676441028580882e+01 5.187901705004740194e+01 4.559521835820277857e+01 2.709692202438477793e+01 4.942626037206645861e+01 4.288225638286928643e+01 5.919684789939095992e+01 5.130131153536432720e+01 7.222062796522887140e+01 6.589571033447350601e+01 5.451977283421211951e+01 7.604083682107859943e+01 8.769164011521969826e+01 9.599146457399410792e+01 9.573763074483036917e+01 7.755667525748681612e+01 9.573763074483036917e+01 1.026757372653929963e+02 8.218571111550697594e+01 7.035144130316386679e+01 8.059862822760435108e+01 6.579876023177719446e+01 8.625981601268387067e+01 8.931821287701738754e+01 1.037703719614694648e+02 1.238669039652263706e+02 1.099927335846955287e+02 9.330482297220711985e+01
9.333989236435976977e+01 8.510733789478115341e+01 8.510733789478115341e+01 7.373482816778570736e+01 6.053252721801580094e+01 4.770997916589086429e+01 2.577917704721416570e+01 2.404820066430787051e+01 4.598232128544331943e+01 4.707639627875134636e+01 3.149184526360074088e+01 2.629129626675629439e+01 4.847120804267421335e+01 3.905063244596068017e+01 6.128338071943939980e+01 7.094335375225168150e+01 6.728087949584656258e+01 7.339824767090316016e+01 8.446882297463046996e+01 6.727833645854937572e+01 7.226717740385333855e+01 9.283168651093319568e+01 1.028606181291269479e+02 1.056811254793373251e+02 9.742549564653839411e+01 1.056811254793373251e+02 1.109978688039867620e+02 9.923535468308969598e+01 8.485350226307681964e+01 9.465482822228419479e+01 7.493694128102238494e+01 7.260894571639690298e+01 9.305035992013353052e+01 1.089078589332950884e+02 1.170328576554481828e+02 1.017571425523446038e+02 8.206604557364956065e+01
8.259823081777192044e+01 8.411618525515527267e+01 7.992728997745254560e+01 6.452012087750759406e+01 5.154744703489477331e+01 2.904020716037030425e+01 4.766315511410931549e+01 3.828822643294489581e+01 2.464054076451859032e+01 2.505688062664609816e+01 2.547012759863665110e+01 3.227082451173145472e+01 5.491195536850725745e+01 6.248551709372463137e+01 5.605247456953800622e+01 7.884707183619515547e+01 8.816688088534266399e+01 9.408374552303010319e+01 9.632850439178046997e+01 8.801063491705704678e+01 9.283168651093319568e+01 9.704560801239802004e+01 8.294849769130931350e+01 9.704563816045801161e+01 9.835749836444087180e+01 9.572905713885782575e+01 9.422160635674224238e+01 1.025758537606368037e+02 1.053125381986055089e+02 9.541932877835365900e+01 8.944441463799785197e+01 9.305035992013353052e+01 8.094079226626523393e+01 8.870332080951183684e+01 1.089078589332950884e+02 1.091685339286096479e+02 8.903087368012623415e+01
6.150154842581024894e+01 6.310010038748277594e+01 6.463553068542687186e+01 4.908510195553873245e+01 3.254265243863631696e+01 5.154744703489477331e+01 6.002496954116892169e+01 4.592059899324214456e+01 4.651250851866107894e+01 3.757063437852820442e+01 4.755841162148147561e+01 2.627219497736462017e+01 4.186428446256948632e+01 6.433237539320784037e+01 7.867913632163350712e+01 8.764869109621292864e+01 8.741267116258252656e+01 7.899435096851691185e+01 8.741267116245309410e+01 9.663152683564980805e+01 1.014308235016989244e+02 8.802199496780923482e+01 6.851053551868339753e+01 8.802196537730480941e+01 7.800506029081255122e+01 7.533156102147636091e+01 7.380000139703508921e+01 8.830714238304932451e+01 1.085003854961990015e+02 1.157150188665593333e+02 1.098440475300156010e+02 1.095834235503885736e+02 9.279239814805227127e+01 1.089078589332950884e+02 1.084506311246942118e+02 1.177449755869682946e+02 1.006814180933082667e+02
6.925557183224456992e+01 4.662814261586417075e+01 4.143773400458795919e+01 3.670743187910428418e+01 5.562848240348230178e+01 4.908516373366358465e+01 7.142545107908765090e+01 6.778831706707265425e+01 6.796882377158195254e+01 5.983480360232334760e+01 4.914952104745874806e+01 2.683176586424484711e+01 4.807789840257174774e+01 6.457078130047440823e+01 7.377661262174443380e+01 8.461157595972569823e+01 7.694084814325837840e+01 5.779388288936737439e+01 6.742910869004546726e+01 8.203031775247066548e+01 8.825605128571010027e+01 7.237851604719993759e+01 5.871243788651310780e+01 6.946817805102716648e+01 6.303568737139078593e+01 6.023335720407068550e+01 7.533156113908439977e+01 9.572912624963505834e+01 9.837989339215064888e+01 1.067174949423265673e+02 1.048804340334080791e+02 1.132135411329010850e+02 1.130027886179401975e+02 1.211675175296226286e+02 1.271862520880563352e+02 1.301161074255725509e+02 1.218191484633721444e+02
5.588989806345129097e+01 6.925557183224456992e+01 6.447498741682278478e+01 4.125633908215858980e+01 5.817842685355680743e+01 7.142545107908765090e+01 7.997794102004779404e+01 8.361476105565311912e+01 7.518797529222088372e+01 6.325744220226452796e+01 2.769129315430870975e+01 2.738872355825010629e+01 4.977384189941589909e+01 4.544589796424722294e+01 6.302136501521431455e+01 6.416631918772914389e+01 6.756580093641636608e+01 4.510004865771561100e+01 5.085249785086165986e+01 7.352578322923706367e+01 6.726843710482353345e+01 7.256673795422544515e+01 5.022910648050095261e+01 4.677450532909532654e+01 4.962800952351643957e+01 7.188194259730315139e+01 8.400288007447595362e+01 8.360633274449867258e+01 7.814663906217931810e+01 8.992019709694567098e+01 8.474506001620801499e+01 1.015913326503378187e+02 1.158231688472294252e+02 1.113618567807552608e+02 1.177028375400070246e+02 1.248087355820004376e+02 1.331579436363728064e+02
6.869023149443754050e+01 8.132674448067365347e+01 6.014740964388880684e+01 4.644669714436886920e+01 6.909884981139876459e+01 8.808492789492169095e+01 8.984562125100580943e+01 6.911661021878384759e+01 5.329807768733025597e+01 5.535869267655370862e+01 3.215271076479780277e+01 4.756147902680764616e+01 2.816825929071044499e+01 4.458773936437687979e+01 4.116158887510529496e+01 5.314918778264770083e+01 5.388732149209304367e+01 3.375043669795660151e+01 5.918338624053216535e+01 6.935864699518484144e+01 5.110760040376459301e+01 6.277716952929538508e+01 4.274108188394805552e+01 6.603959991266543739e+01 7.188194259730315139e+01 5.395042647328966723e+01 7.556117451756935566e+01 6.290519396876923253e+01 6.618862039580361056e+01 6.954235151999947107e+01 7.296852563651047774e+01 8.735949733019243979e+01 1.031735689159883407e+02 9.130472964505264599e+01 9.765089574146783491e+01 1.047102208143452202e+02 1.162701368563306090e+02
8.924309157897648959e+01 8.969633702594840940e+01 7.411642716456255187e+01 5.224531454072310765e+01 6.807546271569816554e+01 8.870060546682461222e+01 8.879800639703621812e+01 7.669817720741021105e+01 6.134358736148129054e+01 3.816418871119321921e+01 5.535757793249221947e+01 5.249784264246770249e+01 2.989526289875321297e+01 2.899243883753340612e+01 2.957815842352856706e+01 3.017110844671794823e+01 3.077453289732741482e+01 3.138987340105958879e+01 5.456608436478999380e+01 5.740810591077435276e+01 3.651516380524100924e+01 3.895407931574926153e+01 6.277716952929538508e+01 7.470306740554413238e+01 8.400433011782264714e+01 7.556117451287524034e+01 5.819695904446345480e+01 6.489293028040404465e+01 8.550449773592896463e+01 8.992019709740607425e+01 9.325527042553072476e+01 7.836717488213948002e+01 8.305156384666443614e+01 9.208558815903285222e+01 1.121424827574687839e+02 1.248087355820004376e+02 1.331579436363728064e+02
1.014826226078256752e+02 8.232245226087853496e+01 6.140111121330488686e+01 7.411642716456255187e+01 8.254893418056263954e+01 9.603289887372967826e+01 8.046185502782458343e+01 5.915959890761909890e+01 4.554558616333952159e+01 6.134358736148127633e+01 5.566148125070346708e+01 3.242315199013736304e+01 5.257001671152625732e+01 5.420533515291671733e+01 5.253530628903217092e+01 4.042257380653471444e+01 5.389092983507834589e+01 5.462726747036957420e+01 3.229198338133492285e+01 3.374036180736354140e+01 5.740880122359966720e+01 5.639168056147625663e+01 5.347332608306869162e+01 6.938511877606140388e+01 9.021228582088646419e+01 8.769083132464021446e+01 7.331424193111276111e+01 7.555148968151850397e+01 7.477523282027411256e+01 9.507291855105347622e+01 1.068864688260370457e+02 9.855738363566408111e+01 8.920642086349059241e+01 1.092952739090621179e+02 1.084504786303939454e+02 1.285577502209449676e+02 1.338308764597893799e+02
