LEM_wLE/output/LEM_wLE_example/elevation_000008.asc
nrows	100
cellsize	150.0
xllcorner	0
ncols	100
yllcorner	0
NODATA_value	-9999
[rows 51 to 67 of 100, columns 0 to 36 of 100]
8.885398060199247716e-01 2.088853980601956906e+01 9.877967275207842235e+00 2.980509102511912545e+01 2.499442342911675397e+01 4.483516780210838704e+01 6.458439774951963841e+01 5.776727977539044900e+01 4.869196681548896777e+01 4.561673253073556822e+01 3.019913954469077666e+01 9.868171423402960940e+00 2.592059538085558046e+01 1.981074513538493775e+01 8.314537488241919405e+00 8.937438055168033912e+00 2.820601937173430684e+01 3.825179363046640191e+01 3.847430531128036080e+01 2.122530510044430940e+01 3.861266226504476862e+01 5.100724779954266808e+01 4.425845643908577642e+01 2.504189958510677982e+01 3.057533365129226510e+01 1.747224037330486013e+01 1.035253077884278561e+01 1.059902015453925017e+01 1.082976324726963746e+01 1.105439758671131401e+01 1.985390877586215552e+01 2.385652298263840976e+01 1.223566377869684629e+01 3.198756247273618314e+01 3.368103306770502314e+01 1.741932890764952191e+01 3.640400512487461526e+01
1.344321116831868057e-01 3.983375594333289804e+00 2.396114650941968449e+01 2.980509102511912545e+01 4.483516780210838704e+01 3.643148824249711026e+01 5.631480756580110381e+01 6.615449194595508686e+01 5.175118467682206358e+01 3.066912489300376166e+01 1.630470801898050937e+01 2.325953538251462760e+01 3.876695262465919711e+01 3.469930670093567215e+01 2.686200317832662421e+01 2.831464790440287516e+01 1.134071163834457785e+01 3.110711862981192155e+01 4.366815521235703557e+01 3.863631535457668065e+01 2.548497561307509685e+01 4.412235687468908907e+01 5.249172580120861653e+01 4.457890663592832681e+01 3.122364648712195034e+01 3.113056877964209690e+01 3.579000331842265581e+01 1.462965516309730596e+01 3.196298613183662951e+01 1.364095172849854443e+01 3.249482097068277398e+01 3.199718460733663505e+01 1.260768747462296702e+01 3.219487846554834931e+01 4.466514564333922976e+01 3.648894908334825260e+01 2.296032863165501681e+01
8.052006432555327553e-01 2.080520064325517637e+01 2.396114650941968449e+01 4.393629803202897932e+01 5.801162577778875118e+01 5.047383926222955353e+01 6.458439774951963841e+01 5.733646126763499495e+01 3.601128631336266039e+01 2.416823243789835729e+01 3.355780583224271396e+01 4.532408872162879732e+01 5.575750678123071680e+01 4.607908106117398006e+01 3.478862890593845947e+01 1.487757879144759876e+01 3.111602679623942791e+01 1.572976601592754342e+01 3.581016769880772443e+01 4.897147837725354691e+01 4.412475935886342171e+01 3.098022083153783157e+01 5.040594942995210914e+01 5.864100575353796785e+01 4.505132933443348975e+01 5.074367868719131991e+01 3.979224863277138269e+01 1.866236186309694745e+01 3.979202896162601633e+01 5.211052786272333037e+01 3.935823377653394317e+01 1.780103104567018235e+01 1.296016406819711086e+01 3.153853056933645505e+01 4.124656734413117221e+01 5.005411950516774056e+01 4.283804079050436542e+01
2.804825088837598068e-01 2.028048250888340576e+01 2.527598547207284696e+01 3.941812109580330059e+01 5.941812109580259005e+01 7.041615246167486930e+01 7.164527406494538297e+01 5.010335768317073502e+01 3.510695657928658875e+01 4.502436576727000528e+01 5.384857977734860413e+01 6.489146739852438373e+01 4.820689842484776477e+01 3.995367052622371773e+01 2.004028813002486942e+01 1.866341810887621833e+01 3.862833965067767394e+01 3.581136789629717043e+01 2.055255070721771915e+01 4.083109240530584572e+01 5.420821167238496940e+01 3.600558688178982436e+01 4.686336557706588479e+01 6.617291972885591633e+01 6.434285315703463937e+01 5.735541777870128044e+01 4.302344996294928592e+01 2.265519829522821027e+01 4.348808470399897885e+01 5.120212361463434547e+01 3.359040846631938138e+01 3.049741680128801136e+01 2.927005156645757822e+01 1.343452083049059098e+01 1.677403749387778831e+01 4.181596591740020585e+01 5.829265425980710802e+01
7.810880442414250835e-01 8.946053853518614929e+00 2.308818947724931547e+01 4.308818947724860493e+01 6.157901183219871655e+01 6.243155943592238799e+01 7.071727680638807101e+01 6.523646266831737250e+01 5.010335768317073502e+01 6.523646266831737250e+01 6.999969949727842788e+01 5.996659546418637632e+01 4.552734980148660071e+01 2.559510561458089484e+01 3.995367052622371773e+01 2.261844139941262100e+01 4.262729229922319263e+01 4.083111505018398191e+01 4.083111505018398191e+01 2.594205222246199227e+01 4.644471344233128463e+01 4.152332692116856094e+01 6.107473009296502653e+01 7.392531460316193659e+01 6.056029245169833786e+01 4.083709314327160911e+01 2.880527169381523223e+01 3.765916124342744098e+01 5.171950496244042483e+01 5.522413479104348255e+01 3.748177007925450255e+01 2.486466527803287008e+01 2.003676780107623401e+01 2.924273249556603105e+01 1.391471712435894581e+01 3.445760020130681767e+01 5.337990162526145355e+01
7.232205343510359485e-01 2.072322053435068057e+01 3.630480830364577827e+01 3.329474058473782350e+01 5.329474058473711295e+01 4.243111012789525205e+01 5.916949761611751057e+01 7.022659816713947123e+01 7.164527406494538297e+01 7.599855099916412371e+01 5.594279619393587666e+01 4.162179590468050350e+01 3.165487905765811050e+01 4.552734980148660071e+01 4.680869873018881577e+01 2.674023364176250084e+01 4.680869873018881577e+01 6.116406377961089902e+01 5.068151353963978778e+01 3.000902544651445680e+01 5.067937514747686123e+01 6.107707358667975228e+01 5.049187756228722179e+01 6.969590397397736581e+01 6.885477252202879583e+01 5.354896011235427267e+01 3.357277343966162420e+01 5.355522750882152394e+01 6.564884707500372940e+01 4.988128880007195676e+01 3.229709289281491635e+01 4.268941587515524105e+01 3.946938703729846765e+01 3.384623300633209908e+01 1.426569129696557781e+01 2.570923133168422225e+01 4.521654303586501555e+01
9.494692443194679976e-01 8.020537056184881664e+00 1.696480896618388101e+01 3.696480896618317047e+01 5.022488895069005110e+01 3.088410110669165576e+01 4.193993684287397627e+01 6.177247016493110010e+01 7.304370252122188845e+01 8.007945644912614114e+01 6.012662439043589302e+01 4.581631977602885542e+01 3.762221148951638838e+01 5.780461780445984488e+01 5.130865351911539562e+01 3.116700730979967915e+01 4.540101943214258995e+01 6.557094385342418263e+01 5.552103085943184624e+01 3.440900432371928730e+01 4.663582131527276431e+01 6.745718141820177038e+01 5.745377467930172344e+01 7.644034613517483479e+01 6.974546311268451859e+01 4.993679045148184770e+01 3.900266481659183171e+01 5.868967786621463745e+01 6.780671345352774892e+01 4.977917983921936695e+01 3.845617721123686295e+01 5.608959371190265131e+01 4.484636652804806545e+01 3.432118287778227028e+01 1.463494957628271109e+01 3.432064838763474057e+01 4.315026635181096992e+01
2.836664262828419991e-01 2.028366642628248684e+01 3.630480830364577827e+01 4.205973867724999593e+01 3.377492745059217327e+01 2.193982914027681375e+01 3.348683540039525042e+01 5.348708815406684636e+01 5.304207558662411515e+01 6.718727926243066406e+01 7.411687115234384748e+01 6.455395621546588814e+01 4.430594098244777967e+01 6.455395621546588814e+01 5.635694798107245163e+01 3.614251756299729124e+01 5.046288762263536398e+01 7.058644721106266218e+01 6.090292270663440632e+01 3.953748477144911533e+01 6.086016037569026338e+01 7.586011587976852866e+01 6.599859646320985007e+01 8.448440271623583442e+01 7.829055105326027331e+01 6.268252035748498940e+01 4.455375074525783674e+01 6.440847981001614642e+01 6.962521160555040467e+01 5.075597974525783229e+01 5.074578781068459676e+01 5.128814129983322800e+01 3.193949719179500946e+01 2.002119502349484037e+01 1.502484973788472900e+01 3.080594197164428749e+01 2.398477406861215044e+01
1.404418693552202946e-01 2.014044186935486636e+01 3.784311836317646538e+01 2.955852866635735765e+01 1.377486332968222094e+01 1.742634704638339116e+01 3.742644961705975959e+01 4.890015068658775022e+01 3.889988489217127920e+01 5.304207558662411515e+01 7.304370252122188845e+01 7.271811567745774596e+01 5.448003973724355831e+01 7.271811567745774596e+01 6.453421242224213472e+01 4.516835591455946997e+01 4.782193995510565543e+01 6.790852903468737622e+01 6.785699632489185262e+01 4.611813872371713785e+01 5.707675937073184969e+01 7.810102597455089324e+01 7.686114750313748800e+01 9.328498856687288310e+01 8.463639383325576659e+01 6.177521441754714004e+01 5.185386703016978061e+01 7.232508805098217408e+01 7.817144572815784898e+01 6.964417026720802539e+01 6.953806670255413280e+01 5.160460379746561443e+01 3.195959435345411137e+01 3.735840441906504594e+01 3.468884893414148962e+01 1.560567776225157921e+01 3.521162902541644257e+01
6.646099058385387393e-01 2.066460990583818358e+01 2.563618690221969487e+01 9.558493116124346045e+00 2.955852866652540101e+01 3.742644961705975959e+01 2.286965758590244491e+01 2.889988447753105660e+01 4.890015068658775022e+01 5.890041648100429938e+01 7.890352653746435863e+01 8.269285062498565253e+01 7.462787269368824639e+01 8.269285062498565253e+01 7.346945445495528304e+01 5.694942654335198995e+01 6.217377106640071105e+01 6.787261161500408946e+01 7.650612709540327216e+01 5.441599158709272643e+01 7.567062415564876687e+01 8.679597408334493025e+01 9.668466304708653070e+01 1.043078205300080867e+02 9.441464629068360637e+01 8.157787656458704362e+01 6.344174913017135253e+01 8.172730006624510679e+01 8.863011228152943488e+01 7.855753397177653596e+01 6.989256655208862412e+01 5.979112905729573413e+01 5.134211512507953756e+01 4.296243645860464966e+01 2.845037103243117116e+01 1.884659119497068502e+01 1.619790785502556574e+01
6.164072599657668405e-01 3.116407259965772170e+00 5.636170413360631848e+00 1.718317584652236363e+01 2.588843092006162649e+01 4.588859094442764075e+01 4.286984352998189252e+01 3.042894704605950551e+01 4.457102645463312740e+01 6.456819040319420822e+01 7.871430729815114091e+01 9.018395121878667453e+01 8.202264544303744742e+01 8.390741672865566159e+01 8.484377447399072025e+01 7.693210107127055153e+01 8.179184893303985859e+01 8.716762867418579219e+01 8.610217830515740900e+01 6.784217611254256042e+01 8.643120561561562454e+01 1.022271343531981813e+02 1.097429833229545864e+02 1.078559168254043783e+02 1.008145098991599582e+02 9.436770949757696769e+01 8.608176946694658227e+01 8.640887409154595389e+01 7.540273635686864395e+01 5.920679980571837575e+01 4.986179457393149761e+01 5.349961350387307135e+01 4.889224621053718067e+01 4.103738288775814880e+01 2.325267327562723452e+01 3.682407150779830118e+01 2.683116949286430852e+01
7.616414269703414286e-01 2.076164142696998738e+01 1.458044232426479958e+01 3.391968777687871039e+01 3.718321474277301064e+01 5.417352517106670717e+01 5.042806017066755686e+01 5.042806017066754976e+01 4.042894611042105169e+01 5.042893361407146102e+01 7.042733418743202378e+01 7.876654972588545434e+01 6.221714337268814887e+01 6.410399942301553722e+01 7.808552039004973722e+01 7.247048536464089352e+01 8.069150285446866633e+01 8.911412354040021455e+01 1.007027322896935289e+02 9.265249920365158687e+01 9.811418955137541786e+01 8.484575797470903069e+01 9.943614902103364273e+01 9.843380301381043296e+01 8.443986002019406101e+01 9.875030425978025050e+01 9.423069207986912943e+01 7.186545040786651839e+01 5.518354700597587481e+01 4.617689755941790253e+01 3.951136896702536916e+01 3.445912860750413387e+01 3.044137323706507559e+01 2.748381201243020655e+01 4.081599758324795602e+01 4.245352856857967083e+01 3.628224860720128220e+01
8.582653206718614536e-01 2.085826532067150652e+01 3.458040624685298781e+01 3.091037343955078498e+01 5.091017957862179344e+01 6.546837042287442898e+01 7.042234215503756900e+01 6.870868417352593838e+01 6.042764080461045495e+01 6.870868417352593838e+01 7.869897469655471411e+01 7.058637098661391462e+01 5.083780766551197416e+01 5.015790752404363673e+01 6.653647594350651673e+01 5.273664043749091235e+01 6.107832791965142860e+01 7.391708856364441260e+01 8.699537917252639829e+01 9.327139962442620913e+01 9.192802688369680197e+01 7.467484620549075203e+01 9.196781498145753631e+01 9.174718484503132743e+01 7.428790172247668977e+01 8.252608263757213081e+01 8.585029726924622651e+01 8.504152333221007609e+01 7.537994980316028659e+01 6.199768175275176674e+01 5.753508666266008476e+01 3.801208010507397717e+01 4.889224563003661927e+01 4.337529317643677729e+01 4.305850548797535993e+01 2.412564728227546951e+01 1.773619065329770805e+01
9.616989121453964895e-01 1.510383453587647118e+01 3.510383453587717639e+01 5.091017957862179344e+01 5.009979002043696994e+01 5.838442664637845070e+01 6.993167486426192170e+01 6.823720298199548040e+01 6.000550957414397146e+01 6.823718372884431460e+01 7.826741998255516819e+01 7.876653658438813466e+01 6.003124161051950125e+01 4.050325814479574404e+01 4.689862761120806312e+01 4.169595318963249753e+01 5.206612326583913841e+01 7.124333713234598520e+01 6.405694509554376737e+01 8.203256619284641715e+01 8.475467920701844093e+01 6.802275484232832525e+01 7.764508080092149100e+01 8.353832705453359608e+01 7.601644635171656716e+01 6.461343897524353963e+01 7.356913245162081694e+01 9.012261529113315817e+01 8.993416940625147049e+01 6.542463546417211262e+01 5.009499868787820276e+01 5.182082071234333398e+01 6.595156598983311369e+01 5.685122470053924104e+01 3.387915525558023688e+01 1.828943808545411898e+01 3.633402876980100871e+01
2.866789980725219511e-01 2.028667899807216557e+01 3.277925396349229459e+01 3.855276178935921649e+01 3.009975029639673139e+01 4.164675609024188674e+01 6.164684856270114466e+01 5.813711620525019441e+01 3.966830051711173155e+01 4.984018797305623849e+01 6.719520509096145133e+01 7.764698315892381686e+01 6.821251065863792462e+01 5.265044653731907687e+01 3.356655297130499349e+01 5.265044653731907687e+01 6.927507736276635342e+01 7.180568486744093093e+01 5.112072178542621259e+01 7.180582205270755480e+01 8.789264614528953246e+01 7.764509011611366418e+01 5.946802503970002363e+01 7.047063283682626889e+01 5.758596567864869797e+01 6.841977363712052806e+01 8.721089089986372755e+01 8.926807896063490944e+01 9.832116298415269284e+01 8.247823308352046467e+01 7.251453356019960950e+01 7.183212601196171931e+01 6.293142346312605895e+01 4.981875849076084251e+01 3.838099722730226659e+01 1.867628113129329392e+01 3.749344322492930814e+01
7.776801193288799263e-01 2.077768011932852588e+01 1.277924219191642052e+01 1.855274488381476061e+01 3.269488093113971416e+01 5.269493706845895531e+01 5.509800311745407697e+01 4.983696506532763948e+01 2.950619657233368542e+01 3.862332873376198705e+01 5.290502397300073767e+01 5.804973025909577444e+01 5.805267066429249923e+01 4.914266597412348858e+01 3.035766053585446400e+01 4.914266597402044567e+01 6.196997794224744638e+01 5.344183076709106217e+01 4.134924203265012466e+01 5.501615191589294795e+01 7.948235480078477622e+01 7.761281355719012254e+01 7.047041108290564182e+01 5.176890137819655990e+01 7.046975216778511708e+01 8.353813118975422469e+01 9.512962475560300390e+01 1.043833917732526970e+02 9.648198470801338544e+01 8.205437737317559765e+01 7.063578157529994428e+01 6.161385781763429037e+01 5.320663935581360704e+01 3.237703756885628792e+01 2.233617367221074090e+01 1.906040519946963840e+01 3.822213405629142358e+01
5.059075238208947667e-01 5.219952731731231310e+00 1.936209157541032155e+01 3.855276096804507802e+01 4.683726840547808479e+01 4.925849951977217955e+01 3.518293146279284400e+01 4.305992236903639281e+01 2.319268722609809785e+01 2.462062924103573280e+01 4.288728262464938723e+01 5.651866376533152447e+01 3.884585674092287633e+01 4.585292592715885718e+01 2.731190238413191196e+01 4.585292276326486416e+01 5.340788881780454034e+01 3.282915974476776455e+01 5.340790707430999618e+01 6.801689101579373187e+01 7.761284031725709553e+01 5.951245445294992464e+01 6.345131686095459145e+01 4.861309189389684349e+01 5.956663927311520013e+01 7.851984752844130355e+01 9.122307458961283544e+01 9.887208833597757973e+01 8.715554913571254758e+01 5.902054633762786295e+01 4.631370571300181638e+01 3.903032542690903028e+01 3.324033457984954509e+01 2.826964170674542132e+01 3.985398057323460108e+01 3.780530840402934700e+01 1.960340701761152715e+01
