LEM_wLE/output/LEM_wLE_example/elevation_000001.asc
nrows	100
cellsize	150.0
xllcorner	0
ncols	100
yllcorner	0
NODATA_value	-9999
[rows 68 to 84 of 100, columns 37 to 73 of 100]
2.551585041080065253e+01 4.540826463022492021e+01 5.263710501266919550e+01 5.879713422735643746e+01 5.921552896968746182e+01 7.910965874470909398e+01 7.518344827828182986e+01 8.324134117151959344e+01 9.110574452121397826e+01 8.841215412384842409e+01 9.662893020003711797e+01 9.757314424481974413e+01 1.053212373422060040e+02 1.083795912201152163e+02 1.029904263514386002e+02 9.215911034710778438e+01 8.428637729122974065e+01 6.922164613666339505e+01 4.848813338251385829e+01 5.246197490775757899e+01 4.173967536871003148e+01 4.236378064838873314e+01 6.246496710725482870e+01 7.076727777673008291e+01 7.680659877052725903e+01 6.800952264088192578e+01 5.164772918144645786e+01 7.178117512110819121e+01 7.893481935432214414e+01 8.709874883229930731e+01 8.460791642551201619e+01 7.822756816803561719e+01 5.610091356589156675e+01 5.308033984504233871e+01 7.327882481442595974e+01 7.747890289814678511e+01 5.737765667264032743e+01
2.590425924062693142e+01 4.580443766572890496e+01 3.489908246917176626e+01 3.935839814086025967e+01 5.921304771658569166e+01 6.110074949737666117e+01 5.526974091456765592e+01 7.518344093172618159e+01 7.565906507651989443e+01 6.830003165429924650e+01 8.249447179002005726e+01 1.027593587784284210e+02 1.054167687887614591e+02 9.979063109774148188e+01 9.551040431878386983e+01 7.653621948837295008e+01 6.522653093557988768e+01 7.186936058341288458e+01 4.269627348629639130e+01 4.086323085373381758e+01 6.091145513871656902e+01 6.246501796893277714e+01 4.328087412895418851e+01 6.340287895926221040e+01 6.501135130198447598e+01 4.534299392726290989e+01 6.677329802124287994e+01 7.747408996331577669e+01 8.765881355736784997e+01 7.789085307632495869e+01 6.457532909017578504e+01 7.118090331921358427e+01 5.200583156374444371e+01 7.223035742121822977e+01 5.416422451066348742e+01 7.434069322163075810e+01 5.649398108509682714e+01
3.205986356794062431e+01 2.646752617114677619e+01 2.687185589163143007e+01 4.676934127578653744e+01 5.033039009980490874e+01 4.097418717919730113e+01 6.110237608986363256e+01 6.561736000735434970e+01 5.561494117136955140e+01 7.565907117888284006e+01 9.179571024816092972e+01 9.982604558822397678e+01 8.592091236906581742e+01 8.017592947722845054e+01 9.385336657937394023e+01 8.584616231942693787e+01 6.681528130705201818e+01 5.359453090900199612e+01 6.025785631065503622e+01 4.025641933342912893e+01 6.027437610853279892e+01 7.138692026113501754e+01 6.258075731814479781e+01 4.420848844681293599e+01 4.486866659374393151e+01 4.554195971341341931e+01 6.568385267495804669e+01 7.476728329334797252e+01 7.703032168272341096e+01 6.278671238634508711e+01 5.020417373019758855e+01 5.094279989955013122e+01 7.118018316636347720e+01 7.968395091937453856e+01 6.335167071402383954e+01 5.524449071923559274e+01 5.675451751317022087e+01
5.175039377245376926e+01 3.536390437115676377e+01 4.676934852918765984e+01 2.744963180839858552e+01 3.004763365372043538e+01 5.034214141536389775e+01 5.743255472195864542e+01 4.559976588278360765e+01 6.561750640873154339e+01 7.765456311687245261e+01 7.180807407411640497e+01 9.179163429029890153e+01 8.587158130921180543e+01 6.612111627894302046e+01 8.245629304496212342e+01 8.198874786667393266e+01 6.154889030572325481e+01 4.993541134605551690e+01 5.877713918177037300e+01 3.965446219734493383e+01 5.383717929642840261e+01 7.446649322246729241e+01 6.426561225845630076e+01 5.846316947467700942e+01 6.501133897457978605e+01 6.568388881126867318e+01 4.649651390557568931e+01 6.658895865733468611e+01 6.836132045601870288e+01 4.917196376490391430e+01 6.940183024155288649e+01 6.521588253183946904e+01 6.552119763380319739e+01 8.556977073161250757e+01 7.102497871715118549e+01 6.955454308687473031e+01 7.730653382783005156e+01
6.343479824795085875e+01 4.684653245731617233e+01 5.552412119539531687e+01 4.733624747815287748e+01 2.802751750912393547e+01 3.270592503097063286e+01 3.749286692002565502e+01 5.743481815236786048e+01 7.380406439630722559e+01 5.763581495190565107e+01 7.761071734653090459e+01 8.915628390068310694e+01 7.833532540925112642e+01 5.853545731805921548e+01 6.316396699871660303e+01 7.703816724598539167e+01 6.936509202440616662e+01 4.973884070439014948e+01 4.375757231476837461e+01 3.905322115061699861e+01 6.410238178267991316e+01 8.045295972856247602e+01 8.410409936046595192e+01 7.854104380922527184e+01 7.559944590158539768e+01 6.022972540530138019e+01 5.102332953819438899e+01 4.746724131878583819e+01 4.815500609528750431e+01 6.836511701836850818e+01 7.759002302119699834e+01 8.447416502777188896e+01 8.557751372515004107e+01 9.374362237048629254e+01 8.524760652986979892e+01 8.953934785409917652e+01 8.065495278748269925e+01
7.487861230744211127e+01 6.678174393201830128e+01 5.928944014906115001e+01 4.830497210115110818e+01 2.843630002149927449e+01 4.830498122872738520e+01 5.743348912882310486e+01 6.562258784434335723e+01 6.060444753999487943e+01 5.003159802920066568e+01 7.003903975904904655e+01 7.907992174652224548e+01 6.150550294316784061e+01 6.145613558744975080e+01 4.910133766189606774e+01 6.901401320954097685e+01 6.549133628809255470e+01 5.722493293638511602e+01 3.820279060054724596e+01 4.480307268711657542e+01 5.193956985034637341e+01 6.382207455388226691e+01 8.390570499861291864e+01 9.422898608188778269e+01 7.782299416053318453e+01 5.762336728814509712e+01 7.289083550620254925e+01 6.766635758073662998e+01 5.069460865609366351e+01 7.039945890515095073e+01 7.986985753928304632e+01 8.592071855770812761e+01 9.324409982784666795e+01 1.015442806653407928e+02 1.052567159031485744e+02 9.726344590170710092e+01 7.692284308309636742e+01
7.667826082566948287e+01 5.675335094692818672e+01 4.270091586945567030e+01 2.921725957299266341e+01 2.884533991488073923e+01 4.870860663960759496e+01 5.745458805017122472e+01 5.269038562273541260e+01 4.043245594484272942e+01 6.060444825146078074e+01 7.342961322931851953e+01 6.015741451382900351e+01 6.132408451737625654e+01 4.163280164539357031e+01 5.522408291843255768e+01 5.578605262505764273e+01 5.639700851661104508e+01 3.735253093185524875e+01 4.519467896947171681e+01 6.268490362372418190e+01 5.484798504470835212e+01 7.443730889895245184e+01 9.193371290925166761e+01 8.616062062223367946e+01 6.571197507696881246e+01 7.782378128351002999e+01 8.602970071621662385e+01 6.672758032120168536e+01 7.039963051780785008e+01 5.431038236078900638e+01 5.971188326585207307e+01 6.586976900317485217e+01 7.305519885591753848e+01 8.470753510936557973e+01 1.051378361255333687e+02 1.053283807325919241e+02 8.748259451854811175e+01
7.423086315866115115e+01 5.416524342070719200e+01 4.012239278862868019e+01 4.526902429858441934e+01 4.870860900323733489e+01 2.942133140329470464e+01 4.928131135063752311e+01 3.303677467356907727e+01 5.268978025867952653e+01 6.876613115749795213e+01 6.529458006601740294e+01 4.628993317012454156e+01 5.323563662390888851e+01 4.735317839391471040e+01 3.529362068323315782e+01 3.589737030629596148e+01 3.649980277886094626e+01 5.639702161704085626e+01 4.704299557763657447e+01 6.713116137568948716e+01 7.450802786318061521e+01 6.865392876325657312e+01 8.909087638918265384e+01 9.297119308273474303e+01 7.261158034794043203e+01 9.283767479838630265e+01 9.479265032231710109e+01 8.673797166343497622e+01 7.751294926643410577e+01 5.733054530917252123e+01 7.751355070122220070e+01 8.592069007110090695e+01 9.324399006502406451e+01 1.015518350273774502e+02 1.131735927831890507e+02 1.041341438587518979e+02 8.374232267698714338e+01
7.642930975099758939e+01 5.635882025517368987e+01 5.001894363816303013e+01 6.495997468977506628e+01 4.865648806529791415e+01 4.261960010309287838e+01 2.999559048496005786e+01 3.040690811256250825e+01 5.026513137784379381e+01 5.896102624944959558e+01 5.902318055101680017e+01 3.825702369019413140e+01 3.384660272946189963e+01 3.444608396394066574e+01 5.410410146398697862e+01 5.577589894176296070e+01 4.047053194109306418e+01 5.997623084963766615e+01 6.715839835300090499e+01 5.975411959498074310e+01 7.990408902728992757e+01 8.909970025351819345e+01 9.765800984176932786e+01 1.009772974069157812e+02 8.294304767750823260e+01 1.007262603994248167e+02 1.003886259109955148e+02 7.986577668282306774e+01 6.819432107978794022e+01 7.751395481597162984e+01 6.275704357874752048e+01 8.288691819683911888e+01 8.554243059387836468e+01 9.963027143510286976e+01 1.194344580542555008e+02 1.121123865307191352e+02 1.007569500943791780e+02
8.463440769013452325e+01 7.002622537458705665e+01 7.003854617910070601e+01 7.629423851846647153e+01 6.309895670227978570e+01 5.211319576048671109e+01 3.234466381090122411e+01 5.026616401496663400e+01 3.099002264601468326e+01 5.072168551301290762e+01 5.201421932717593677e+01 3.300439277965135432e+01 5.277028985536352934e+01 3.506062304131743446e+01 4.594564740358155319e+01 6.538961338862823425e+01 5.997670963831038193e+01 4.784616402493465870e+01 6.834446196540989149e+01 7.990220529045993203e+01 7.990395611931671738e+01 9.981576872307906001e+01 1.039568754307426985e+02 1.108543926026203508e+02 1.030319160084996071e+02 1.108537637819926545e+02 1.088034134457037823e+02 9.671089782666430779e+01 8.263029230681037518e+01 8.985259301198099990e+01 7.187311739612314909e+01 6.925235124112630558e+01 8.919254319814733378e+01 1.034137293278978831e+02 1.115196508636752384e+02 1.103358711008109907e+02 8.993951550180942434e+01
8.387672044479158728e+01 8.995244634587072596e+01 7.919574393598976769e+01 5.924849699042869133e+01 5.565225520763519285e+01 3.572473367310109893e+01 5.222253609484289427e+01 5.903437601024415216e+01 5.085080415145210964e+01 3.157341108565040599e+01 3.216576240955603794e+01 4.993149994450356388e+01 4.803296690790417500e+01 6.875392965030889059e+01 5.677230510084999082e+01 7.350262096702597603e+01 6.834439301552319534e+01 6.834443782666254208e+01 5.894920845788607267e+01 7.071809239024148042e+01 9.062414569563824784e+01 9.804260353491272895e+01 8.438530041901658763e+01 9.804297420256328621e+01 9.964785713811835421e+01 9.817947464932304058e+01 9.627150680494857227e+01 1.044346645219275729e+02 1.037813017991876023e+02 9.179696390405491968e+01 8.596516288651099558e+01 8.919259875952147354e+01 7.682882613423164742e+01 8.342909249571940222e+01 1.034810359630118626e+02 1.181413601046801887e+02 9.915439213414605035e+01
6.378402843042761106e+01 7.114880036336604974e+01 6.703040645663209318e+01 5.924893809460877492e+01 3.925964559165340972e+01 4.979942046854501569e+01 6.384743068679385658e+01 7.608796766164689984e+01 5.814145828886870504e+01 3.854773629058907858e+01 3.238100001967846708e+01 5.214920518543930683e+01 6.815674944618808695e+01 7.824534798033101879e+01 7.675836019830890677e+01 8.490016437998698962e+01 8.835242285921439986e+01 8.720850957679705573e+01 7.913137972235411155e+01 8.720923804735235763e+01 9.858615678822985728e+01 8.934312199635861873e+01 7.053902845333632854e+01 8.122204908823751168e+01 8.098339673228215929e+01 7.746694893993667108e+01 7.593308724677103783e+01 9.066890214470613785e+01 1.124893646480350213e+02 1.116108457993904182e+02 1.058777028462995560e+02 1.047155751065115652e+02 8.827525476573750041e+01 1.032732760756220642e+02 9.757180745606513028e+01 1.178508419370527207e+02 1.136497204538621872e+02
7.115238834978748628e+01 5.104107034557348044e+01 4.694129567614714205e+01 4.303091316065676608e+01 5.924892014220398551e+01 5.924891542136455769e+01 7.789583866462076855e+01 6.877967466785545980e+01 4.990495769081496746e+01 5.254354346367393447e+01 3.294234143726158948e+01 4.719482831608249285e+01 6.870170543974025179e+01 8.480256513355178072e+01 8.354954114416777600e+01 7.553975545155431348e+01 8.356080237575520187e+01 7.792016580590731678e+01 7.793175269621933410e+01 8.598783680592428880e+01 8.937058455377649580e+01 8.136108983647672233e+01 6.168288718812520699e+01 6.167800199017526097e+01 7.366399820292043898e+01 6.330230451450979956e+01 8.317419796865900139e+01 9.783862608703952901e+01 1.007611500601275338e+02 1.036239179483706607e+02 1.042670207674451603e+02 1.121440583822474224e+02 1.082211624615729448e+02 1.160594100556538137e+02 1.178387364890247682e+02 1.256164994406958471e+02 1.334131895981610114e+02
5.841067674053705616e+01 7.114878720786610700e+01 6.685332890724899357e+01 4.679806340996737646e+01 6.102084608136608779e+01 7.919917931265169386e+01 8.475651047597099819e+01 6.580019978292605742e+01 6.427314955397227436e+01 5.324735507820546587e+01 3.348751483894078262e+01 4.725867870763323708e+01 6.655409348955242876e+01 6.290138892102188350e+01 7.372290742545484932e+01 5.575352923511250935e+01 7.221651902870050321e+01 5.856497105760057309e+01 5.856562963312119763e+01 7.791708661504975453e+01 6.973141071533824231e+01 7.674541426811273936e+01 6.868631056657342526e+01 5.165666839072488870e+01 5.384538620169607981e+01 7.366324449673149388e+01 7.314859368566575881e+01 9.209014018644863597e+01 8.125199056130026065e+01 8.417080236232740731e+01 8.470571224222693729e+01 1.008861220892037238e+02 1.145380593277715207e+02 1.095385687016776757e+02 1.154704750812559269e+02 1.221080709224811045e+02 1.298792238238346783e+02
7.002770848257063108e+01 8.253074256084120464e+01 6.253198770097210257e+01 5.089716269921089520e+01 7.098763428119713126e+01 8.909527643548089770e+01 9.071307192854634138e+01 7.774582612758783284e+01 5.645317541581578524e+01 3.664455657783182119e+01 3.401718504146548838e+01 5.383294440424644733e+01 6.076196174340525147e+01 4.800511137723727728e+01 5.691592290288405565e+01 4.576441470456848037e+01 5.815135168440657765e+01 3.869907981639198624e+01 6.416608408011978781e+01 7.205602800557038279e+01 5.568665618038573939e+01 6.592792678037106668e+01 4.877796802391696929e+01 6.868632890890616238e+01 7.367020069451430686e+01 5.721456147227485900e+01 7.695223437956899204e+01 8.295237532383940504e+01 6.747805178300217221e+01 7.044979127487088988e+01 7.353710668862343880e+01 8.723379045976959389e+01 1.018401223320563673e+02 8.995414622087798762e+01 9.578441621764395109e+01 1.022765057192682860e+02 1.111263824271109115e+02
9.016449921293693137e+01 9.061310857187271495e+01 7.560298194210999156e+01 5.552637513787105661e+01 6.987360986394023143e+01 9.040609184124350861e+01 8.635528256197314079e+01 7.366557644668262128e+01 5.942160684856268205e+01 3.929525130547445144e+01 5.035411701945293572e+01 3.478425598611362801e+01 5.173987735164631374e+01 3.646631633528973992e+01 3.709053333404276742e+01 3.770907370527478975e+01 3.831899502592517592e+01 3.892235608532820379e+01 5.756347126087818111e+01 6.144601280352768669e+01 4.410970923206746619e+01 4.598984169509643039e+01 6.592796905042034439e+01 6.868636511647794407e+01 8.495406643343507369e+01 7.695222567039181172e+01 6.075488534090861492e+01 6.337321285780397773e+01 8.295257611889928739e+01 8.989144632023598547e+01 9.295634271433884521e+01 7.837384790000838564e+01 8.239290981431351213e+01 8.972372291899789332e+01 1.020182980392762033e+02 1.203351416369319935e+02 1.298408549303979385e+02
1.021994297866786781e+02 8.345942720831463646e+01 6.344181530904171495e+01 7.560719428171105960e+01 8.378952517281268797e+01 9.349634553708429507e+01 7.910777894259257437e+01 5.757329365841172120e+01 4.538652785798123546e+01 5.942164866349494190e+01 6.075105285246637266e+01 4.405847582799627560e+01 3.559181044090075119e+01 5.555103534883512850e+01 5.691388595413943108e+01 5.172544983456941736e+01 5.252705159966020432e+01 5.877247474563362317e+01 3.977386341088227795e+01 4.153241200880996331e+01 6.145905509189186233e+01 6.592769923671579591e+01 5.866730628761273891e+01 7.842238821877373312e+01 9.620204460875055474e+01 8.836860100755785652e+01 7.013468611155438737e+01 8.295162105291710475e+01 7.353357871354677400e+01 9.331451660246065671e+01 1.057025290532073569e+02 9.780149469017703723e+01 8.953108407828960935e+01 1.056008313291718963e+02 1.060187132286298066e+02 1.250111689590405319e+02 1.370997727276456146e+02
