LEM_wLE/output/LEM_wLE_example/elevation_000010.asc
nrows	100
cellsize	150.0
xllcorner	0
ncols	100
yllcorner	0
NODATA_value	-9999
[rows 34 to 50 of 100, columns 0 to 36 of 100]
6.278687791629389281e-01 2.062786877916258277e+01 3.876494347374752181e+01 4.684914705251221534e+01 5.176925824753240590e+01 4.446056902801691280e+01 2.952564128586048398e+01 9.935187063782604966e+00 3.237915648865523366e+01 3.398418506479417545e+01 1.549389628645000627e+01 3.517788262120355824e+01 4.948526283291394634e+01 3.467149550446601580e+01 4.318529606140977961e+01 5.685958414545648765e+01 6.587088685727027837e+01 7.478342071168673044e+01 6.787314490116948207e+01 7.010180850677936348e+01 5.266616621842941726e+01 3.463112044373787768e+01 2.869968965213418599e+01 2.295434895030697575e+01 2.025895769522970014e+01 3.996555270184323660e+01 5.683047303747811441e+01 6.305776524993659393e+01 4.699593718105023754e+01 6.031836545864457122e+01 5.256741917187796531e+01 6.298671793040659850e+01 8.172477067452642530e+01 7.633688228567616818e+01 5.835028395432350834e+01 7.633688228567616818e+01 6.344151254970307718e+01
5.760807145981240440e-01 2.057608071459776866e+01 3.654544651281076995e+01 4.726966998716679313e+01 3.588703228719400329e+01 1.652833383017790325e+01 1.953563267638092427e+01 5.610602774946311655e+00 2.347135519449883034e+01 3.131380528840858091e+01 1.187566432773091307e+01 3.149110190179065683e+01 3.620595736121991592e+01 2.319665071009007917e+01 2.926146924181345810e+01 3.597976795557420360e+01 4.671905054962989823e+01 6.931084485035927401e+01 7.299120547708882611e+01 5.462926876742827886e+01 4.420095809055720082e+01 5.130170685732197455e+01 4.094867001369285475e+01 3.182579228182122577e+01 1.988637117276934774e+01 3.994625429106022807e+01 4.526015911322871688e+01 4.955098485696523625e+01 3.757583547881286989e+01 4.237991274356509308e+01 5.256741917199249059e+01 7.090635498957995253e+01 8.974282508803696601e+01 8.617407956191405560e+01 7.798999949358724848e+01 8.617407956191405560e+01 8.301005716935461010e+01
7.930105716671143057e-02 8.365340152310439592e+00 2.008192810085906288e+01 3.908050636295859448e+01 2.397853865581360822e+01 1.707556657982627568e+00 1.834339626633527232e+00 6.364813655296468475e+00 2.348863994839445635e+00 2.416353374113649366e+01 8.496464657119208397e+00 1.225465457267157987e+01 1.631245018638797006e+01 3.620603382988011987e+01 4.944807769742577364e+01 5.685958414545648765e+01 6.587062899157199070e+01 7.822831334462969721e+01 8.080253180042549843e+01 7.011341085283881114e+01 6.238977771621971158e+01 4.514918795851456679e+01 2.458926633872333056e+01 1.935243922679617867e+01 3.643371410121179110e+01 3.756394608190740314e+01 2.821912558284137518e+01 3.177397315617717055e+01 4.955098485696523625e+01 6.031836545864457122e+01 6.810232646161229297e+01 7.881982713173843536e+01 8.488520472876641065e+01 9.305003247650763853e+01 9.441722226917478622e+01 1.025809310130213419e+02 9.872726470211242145e+01
6.786017468061785740e-01 2.067623706779241743e+01 3.473269269159012396e+01 2.840631987238078082e+01 2.112268146396630897e+01 1.514615748827004227e+00 2.016554308249994421e+01 2.154349917080403909e+00 2.380718388375941075e+00 4.948426282515222319e+00 2.435607575998454521e+01 3.200394567586323546e+01 3.620600784088916413e+01 3.620602445958386539e+01 5.633185976647665427e+01 7.544027112375435706e+01 6.695535474160382705e+01 6.680034670510909223e+01 8.706771164503928162e+01 7.800932470100599403e+01 5.681554812739487659e+01 4.113302696272327097e+01 4.032737375843204575e+01 1.896473340491594683e+01 3.271630417663673995e+01 2.327975719263448084e+01 4.222443825402749695e+01 4.955028754094185928e+01 4.621247264538330768e+01 6.440566069855785258e+01 7.504128496632134215e+01 8.159252703690475528e+01 6.498499042431808448e+01 8.046396921013845827e+01 7.468434255386161169e+01 9.441722226917478622e+01 8.831593553328582402e+01
1.053273305859350195e-01 1.448044589549104266e+01 2.230516311370088545e+01 1.939771959895735520e+01 1.195075555880421581e+00 1.990939762205362840e+01 2.790210376509791246e+01 2.594922623818196783e+01 2.178182521800315996e+01 2.702089501568536445e+00 2.315538483088328903e+01 2.788497615526239315e+01 3.947834938116429271e+01 4.370127821354811459e+01 5.268554384554889936e+01 6.695536645569453071e+01 4.516574524341857000e+01 6.695536645569453071e+01 8.143134874379288135e+01 7.074316696459659681e+01 6.219461643823968444e+01 5.502223575626166507e+01 4.652250768088646993e+01 3.503894807753026441e+01 1.840188268189575638e+01 3.671835325643327508e+01 3.747520734141582466e+01 5.760474796375731188e+01 6.440566069855645992e+01 6.826294996886994682e+01 5.478872238905584169e+01 6.545902581207417370e+01 5.316090027871018719e+01 6.047219779729486078e+01 8.046396921013845827e+01 8.993456249619090670e+01 8.010197840361432498e+01
6.652624653148981881e-01 4.243183626778658790e-01 6.499077800753374490e-01 8.756983728643135123e-01 2.075697768463415827e+01 1.377455603025699027e+01 3.137524786504662444e+01 3.237086915823064714e+01 1.583797879765636907e+01 1.980429464017838015e+01 3.023605242186989006e+00 3.844080224856984973e+00 2.582029462236266681e+01 2.170464503434036274e+01 4.370141711149501162e+01 5.874070234996724338e+01 3.657584560489627989e+01 5.136751895759522313e+01 7.241171396791611414e+01 6.344588372900879847e+01 4.726175614985780271e+01 3.865459513970412075e+01 4.670286394112837769e+01 4.143882732028689730e+01 3.160890769243094311e+01 1.782197470470307366e+01 3.756472269605041703e+01 4.443023094129600281e+01 5.291613937832951109e+01 5.387948482115261584e+01 3.982374632995833252e+01 4.483047952273837211e+01 5.695210299140173760e+01 7.707969849314631006e+01 8.863263678344149810e+01 8.236930920078458485e+01 6.382427344005515124e+01
8.924248754756384239e-01 1.131783270503945538e+01 1.101781785385857049e+01 8.420565537102618903e-01 2.400642855851021551e+01 2.658584657882392932e+01 3.848934062528376643e+01 3.814110667491278406e+01 3.000769051741511717e+01 2.591639633704066625e+01 1.335491745917772910e+01 3.345206559926174883e+00 6.873608144447038271e+00 2.814728689054719979e+01 3.842345908167101953e+01 4.324353663047608620e+01 2.906928365707194217e+01 4.208094210055270423e+01 6.392412727565227470e+01 6.975074317010233926e+01 6.219461648144734767e+01 4.670424726212830535e+01 2.990159545694935872e+01 3.726476066006024013e+01 2.556344462753687452e+01 1.740269707573248326e+01 2.041277291018058193e+01 2.341912482099946402e+01 4.443023094003417128e+01 3.377152311965708975e+01 5.490881943572356505e+01 5.649201789056086653e+01 7.285635674962193775e+01 8.526619030979824743e+01 8.242405919084886534e+01 7.485754282098157830e+01 6.722735090896658505e+01
8.870506738290029336e-01 2.080748028109593051e+01 2.361248344248299347e+01 1.048415980789493673e+01 2.166149932038723946e+01 4.136780264970115439e+01 4.735061783950089165e+01 4.183805263219030479e+01 3.546950929437287670e+01 2.465937963218038220e+01 1.776481564744750941e+01 3.573024330731560116e+00 2.536906833741114653e+01 1.243724964870575533e+01 1.657111297063543276e+01 2.109816805297675302e+01 3.676205561557165424e+01 5.882366046845088192e+01 6.051866312183093299e+01 4.793574822612762176e+01 5.650367932127441861e+01 4.505299755992421495e+01 3.225660461033699278e+01 2.192063209328763662e+01 1.681614912844964138e+01 1.936786455047241517e+01 4.090506264501269840e+01 4.443022581285254091e+01 2.814542107232202639e+01 3.755282037998235012e+01 5.828645472332093647e+01 7.491339375641000231e+01 8.333960401074283197e+01 8.542938960946626992e+01 6.711841384197686011e+01 5.582073738846863620e+01 6.283624778761737417e+01
9.587146228554132010e-01 2.095871462285505871e+01 3.950505538230153491e+01 2.506294006202024249e+01 3.947360873900809253e+01 5.207886683923459969e+01 3.642389576696110964e+01 1.966784442985420611e+01 3.095831000097620489e+01 3.207555118182004605e+01 2.101719340681974302e+01 3.800847967017376927e+00 2.605953894462081877e+01 3.403924858116850771e+01 3.370698461907227994e+01 4.301877392996113514e+01 5.218700458146236087e+01 4.699715783148168669e+01 4.322658992818818291e+01 2.576661394802428262e+01 4.200335263028065214e+01 3.833879765016320107e+01 3.512399013025766692e+01 1.624529721651115111e+01 3.424211959512424386e+01 4.270103508348070420e+01 4.600741115025202532e+01 5.368794269973119526e+01 4.935362762129818748e+01 5.765600680770941011e+01 5.454976664753222337e+01 6.914510954133689324e+01 8.868435283744936726e+01 9.298339251837100505e+01 8.242405919084886534e+01 6.468194229710431387e+01 4.485107163868917723e+01
4.749594815986911134e-01 1.457023174364837104e+01 3.423934654633863062e+01 4.452351569593785285e+01 4.957312862300521061e+01 3.969898634676783189e+01 2.623345959539190275e+01 5.290164119667975839e+00 2.341917051593508603e+01 2.380674665109758692e+01 2.266589229795096117e+01 4.028888165826131740e+00 4.475980859824099767e+00 2.742769521794512499e+01 5.340287935366456651e+01 4.470730528380664026e+01 3.459437963756904821e+01 2.989375295618287964e+01 1.422050186740631617e+01 1.460293365951177158e+01 1.497489653866885817e+01 1.533906894346656458e+01 1.570417191368652432e+01 3.184431236115035446e+01 4.072171034668372158e+01 4.030567000207918227e+01 2.723472685279661221e+01 4.610938576104049247e+01 5.964629809067772470e+01 6.680890150668483329e+01 7.271332172472803279e+01 7.985412845621739564e+01 8.849278231339755507e+01 8.529206615006346226e+01 7.776324463450522728e+01 7.236894868551731008e+01 6.437464907636244504e+01
5.246131949027718067e-01 1.466674881863359658e+01 3.466674881863288249e+01 5.039424577107894265e+01 3.990388595991672815e+01 1.930354211056294034e+01 2.086009720715085436e+01 5.035320763614094197e+00 4.806931808583101429e+00 4.578871537818784532e+00 4.351111199402323493e+00 4.563380323164275332e+00 1.807225245424370641e+01 3.703399937803160213e+01 4.972032614448897903e+01 3.367454473681701188e+01 1.342250058160151305e+01 1.366617315892089479e+01 1.988776424924467534e+01 2.296268462491518747e+01 2.344536440865045535e+01 2.541271224912497217e+01 1.762899913368422844e+01 1.601172305271253649e+01 3.482648985499255900e+01 2.148561351524302765e+01 4.053058793315720010e+01 3.345085769129116926e+01 5.224337915463441107e+01 4.885073652450010684e+01 5.523591832089824294e+01 6.440128651736185361e+01 8.136204996003915824e+01 7.776324463450522728e+01 5.951834166105769697e+01 6.486215001988989570e+01 5.860236095092940189e+01
4.470077517107070575e-01 1.044704320872463121e+01 2.199514864693393434e+01 4.205761895071207590e+01 3.414729058459946742e+01 1.014535431362640772e+01 5.357397184369485643e+00 2.404482480551340373e+01 2.341152008153882491e+01 2.221160616663186360e+01 1.134998998939251358e+01 1.316295294091044177e+01 3.079439564642521532e+01 4.315952813873698801e+01 3.078855958610348154e+01 1.308487261553453429e+01 1.554288053073693554e+01 2.870234163811449690e+01 1.409305908072896507e+01 1.438985497132556546e+01 1.468025346650055596e+01 1.496216898757549174e+01 1.523607523492786697e+01 1.550656793858828486e+01 1.599435247273573246e+01 3.471499249183685265e+01 4.726249574858076130e+01 5.223709969548245624e+01 4.056069756451616826e+01 5.905609863255450875e+01 7.273203074888874653e+01 7.986742256181648258e+01 8.842756395757190546e+01 7.776324463451898339e+01 5.951834166105769697e+01 4.608278281388223263e+01 3.957770036343966069e+01
2.599182575669619633e-01 2.025991825756660702e+01 3.657575508579931522e+01 4.370247710185444845e+01 2.904512854976537284e+01 5.678756382069688691e+00 2.158379384484602781e+01 3.032591151075482827e+01 3.580309483362717060e+01 2.158546263743348703e+01 2.854876576685526501e+01 2.355561251117455157e+01 3.880721962155735127e+01 3.472381746999052154e+01 1.934853448899758277e+01 1.285810062306752677e+01 1.315445572322901491e+01 3.736077522448709232e+01 3.913464537881309013e+01 4.012215297215721677e+01 4.022300769937125153e+01 3.870229786838300612e+01 3.572250861450731918e+01 3.482536021563399942e+01 1.589656388212934068e+01 2.476742962196292552e+01 3.587977123616813202e+01 5.448632760401600450e+01 5.905609845150851100e+01 6.634640513767318737e+01 7.173056327148579214e+01 6.291205154730572247e+01 7.173056329138219667e+01 7.582883445037992942e+01 6.911866600698424179e+01 6.486215001988989570e+01 5.049021845005601961e+01
3.519420047721200095e-01 9.715647282896386017e+00 2.377455101505334056e+01 3.264425508760309214e+01 5.999950027597944491e+00 1.147670497602647188e+01 1.077682243474045976e+01 2.237231327151315341e+01 3.817301671589856227e+01 3.205230946794414137e+01 3.461187410702343215e+01 4.080401280822736254e+01 4.945026669987426970e+01 4.152995194124218870e+01 2.820844990531542251e+01 1.645735773346833852e+01 1.254451484284997953e+01 4.087658135952437988e+01 5.025653196425972169e+01 5.776478832226329274e+01 5.209157313878834117e+01 3.225498214166903921e+01 1.897002634688373846e+01 1.631338089902959609e+01 2.366501495386654597e+01 4.114242808961119380e+01 5.139611834598247952e+01 6.183274354689188357e+01 6.857912511611506545e+01 7.346103381629151841e+01 6.202171286366377956e+01 4.398194727589048370e+01 6.202171286659024929e+01 5.440702554788278178e+01 5.157731787281062452e+01 5.408819442459363813e+01 5.061816922812754171e+01
2.695761837762450375e-01 2.026957618377588943e+01 3.657575508579931522e+01 3.107531309125102226e+01 6.227077227088993361e+00 1.910380732870033782e+01 1.709339966262457011e+01 2.472238793181090344e+01 4.017541846081130785e+01 4.560305231520572278e+01 4.715556656801544477e+01 4.663408116826889938e+01 4.133425061874825701e+01 4.387071522290072778e+01 3.257972658582438896e+01 1.224276934349625989e+01 3.134558409782546207e+01 2.686347970109019556e+01 3.518125580950987796e+01 5.533104379393596872e+01 4.625338955605965197e+01 3.643294246400765246e+01 1.675754741090349142e+01 3.563471768387214667e+01 4.137184742176265928e+01 4.846584556216524220e+01 5.651485439846303649e+01 5.527650851182795577e+01 5.166968281186884582e+01 5.681513879872073858e+01 5.385101941871121767e+01 3.428247421285601604e+01 4.956591823713230838e+01 3.455613785750281153e+01 4.979842285694759596e+01 3.580496916203040314e+01 4.196825564216892701e+01
4.879649418637075353e-01 1.379589528439301027e+01 3.168138366631164615e+01 2.925365929428529199e+01 6.454413022294001046e+00 2.323175900791952131e+01 3.006446018069371817e+01 3.492470634191825951e+01 4.278631477097786018e+01 4.204646296742511424e+01 3.628720352646984537e+01 3.296221834471634082e+01 1.429032132330368121e+01 3.390864158594938260e+01 3.247372478865320744e+01 1.204101830759068470e+01 1.196389149780248395e+01 1.868512752342231664e+01 3.205126977254846565e+01 4.040937156815562048e+01 3.847595250605513684e+01 1.838717750804488205e+01 1.708020167334040806e+01 3.637214300370154518e+01 3.462269210683538034e+01 4.121081953262536501e+01 4.156364541716372685e+01 4.089043706170402004e+01 3.992857067834391671e+01 5.653932595629172653e+01 4.665355996484958467e+01 2.749800833497170416e+01 3.984651444714384638e+01 2.254324615694484990e+01 4.096524580282133599e+01 4.128054019548327602e+01 2.279852305124882150e+01
9.938951651180888414e-01 2.099389516511773479e+01 3.230485177247711448e+01 6.548911397453933247e+00 6.682265735489154146e+00 2.456876664481413286e+01 1.923717288054912800e+01 3.202339376650386527e+01 2.938108586315352611e+01 2.932025369826268246e+01 9.030673334592441037e+00 8.965176110571327683e+00 9.766370727655706574e+00 1.521884847764403759e+01 3.401800086403219581e+01 3.235677008225925988e+01 3.060480425991043774e+01 1.169877223998418536e+01 1.158677543182653480e+01 3.139525874559049612e+01 4.520162317229670634e+01 3.811018598844220406e+01 3.308712746355939771e+01 1.754122605817131486e+01 3.391041920131952025e+01 2.343417631038644799e+01 3.941398376619049770e+01 3.109800611279274207e+01 4.562849393247205398e+01 5.172538622471149239e+01 4.061843323839777042e+01 2.172346536778755421e+01 2.080873468461332365e+01 2.110202323859274287e+01 2.159838396720541098e+01 2.209554383636711705e+01 4.125981065264129199e+01
