LEM_wLE/output/LEM_wLE_example/elevation_000004.asc
nrows	100
cellsize	150.0
xllcorner	0
ncols	100
yllcorner	0
NODATA_value	-9999
[rows 17 to 33 of 100, columns 0 to 36 of 100]
4.336683913182175498e-01 8.598637967477163357e+00 1.859885092833185283e+01 3.274713380383612815e+01 5.279594329096010341e+01 4.166968787990332146e+01 2.065725413007200117e+01 1.675959375799216389e+01 1.966968517031147812e+01 3.963062440932351649e+01 4.795719047521020428e+01 5.620424107736054964e+01 6.609915640331209374e+01 7.440663898936495002e+01 7.269012971102807796e+01 5.284429564099567500e+01 7.269012971102807796e+01 7.290691066446218827e+01 7.290691066446210300e+01 7.220602507279446058e+01 8.621756048443570819e+01 1.062819961298290110e+02 8.875466683104029642e+01 7.067875173394426724e+01 8.875466683104023957e+01 9.512121321582370115e+01 8.124218759470760176e+01 7.232725803437578804e+01 9.014906380986957402e+01 8.918187987461645605e+01 6.789035493868743742e+01 6.303645786375882665e+01 4.693770282453021281e+01 6.489254601202648587e+01 5.932240182015298302e+01 7.878240162565245441e+01 7.367209604071339868e+01
5.385724909496417689e-01 2.053857249094928505e+01 3.382109979803774991e+01 4.210537104547995568e+01 5.210537104546887832e+01 5.364097779822184009e+01 4.148229766272530128e+01 2.330939438937705077e+01 3.963062440932351649e+01 2.392716115126903631e+01 2.801165976024516979e+01 4.795719047521020428e+01 6.266439376539770478e+01 7.414160190835214337e+01 8.097458441387942685e+01 6.687148809690734197e+01 6.687148809690734197e+01 8.673757321042704405e+01 9.283529933768596720e+01 9.209429761298457606e+01 1.004591752098483397e+02 9.234511975254982019e+01 8.052773388901306362e+01 6.059762948985589048e+01 8.052773388901306362e+01 8.696727744467629861e+01 6.778674362199940617e+01 6.301382741413791422e+01 8.202016193053032111e+01 9.355257583647613728e+01 8.896674825424250344e+01 7.544274041617796911e+01 6.489254601202648587e+01 4.476370545586989635e+01 5.369332937699629582e+01 7.002476593379947190e+01 6.243878934250010815e+01
8.336531950628578436e-02 6.750031986172923659e+00 1.382109979803846045e+01 2.382109979803863808e+01 4.382109979803792754e+01 5.373986533225213691e+01 3.384320862954091069e+01 4.310465497170861937e+01 4.846108193548468535e+01 2.851800396313708319e+01 4.795719047521020428e+01 3.450524103893758365e+01 4.602829828642899912e+01 6.587764413497025373e+01 8.039590720114023270e+01 8.673757321042705826e+01 8.673757321042704405e+01 9.507768073191927272e+01 9.163281207124803984e+01 9.320040530991678907e+01 9.912614961068503305e+01 8.408937466046349130e+01 6.414495140779033022e+01 5.372079531326676261e+01 7.388436569283585698e+01 8.888240349259952211e+01 7.483644272115093088e+01 5.606694544469873165e+01 6.631419297495881437e+01 8.541950780612069138e+01 8.788578949021498943e+01 6.752800646744191226e+01 5.324525969496650646e+01 4.325132266175026530e+01 6.126272435101140701e+01 5.979704168851760215e+01 4.232233483675245367e+01
4.524162703296725763e-01 1.045241627032958576e+01 3.045241627032923049e+01 4.210537104547804432e+01 5.210537104546864384e+01 6.201280478579599276e+01 4.790516254003807717e+01 5.373986533225213691e+01 5.670801634432234550e+01 4.264007418598833965e+01 3.608068018117291587e+01 5.441761896607700777e+01 4.234396368244907904e+01 5.230222985986512185e+01 6.630554593295721588e+01 8.614656907236395966e+01 9.580590788157364557e+01 8.568432853271335148e+01 7.136221815559143522e+01 7.293040489418426375e+01 7.886735056129815291e+01 8.192225355786580110e+01 6.195718753908887066e+01 4.750923491942112520e+01 6.780482059981544296e+01 8.077428384028011976e+01 6.180105241407783012e+01 5.105533595641957589e+01 6.982008356896520240e+01 8.067836455104973936e+01 8.877472913620971440e+01 8.190702409108062909e+01 6.918553829699111191e+01 4.731053513590234161e+01 4.112664768172237473e+01 3.964043368653150168e+01 3.815604527036293803e+01
4.402443450947634007e-01 2.044024434509440979e+01 3.045241627032923049e+01 5.045241627032851994e+01 4.794898102177389632e+01 5.623325702256241954e+01 6.782608394563160914e+01 7.367571138852211732e+01 7.077595850346368422e+01 6.149467100282672760e+01 4.162467714441586253e+01 6.149467100282671339e+01 6.220953846233766882e+01 5.298639668983683748e+01 6.698768620365504489e+01 8.683477006480123350e+01 8.321239590195337144e+01 6.718854719220402671e+01 5.707775672959945013e+01 5.863906975442046132e+01 7.886735056129813870e+01 7.850940847013715995e+01 6.302110511217208710e+01 4.275144665956131718e+01 6.302110511217208710e+01 7.922860955155186957e+01 6.026516022171344389e+01 4.694737856477508586e+01 6.581942593573567990e+01 6.164355846319090659e+01 7.500994861332598873e+01 9.436313118507410991e+01 8.092179616834047806e+01 6.787476826030589905e+01 5.443752162189883848e+01 5.979704283439976109e+01 5.834138795294465041e+01
4.237187090225543740e-01 1.456585433275337849e+01 3.456585433275266439e+01 3.380684533402098424e+01 2.794898093123315164e+01 4.794898102177389632e+01 5.547351220531859184e+01 6.375771217628771126e+01 7.375784041611758823e+01 6.974691482391183683e+01 5.311938613183579605e+01 5.311938613183579605e+01 7.293552290053182219e+01 6.442284271151395103e+01 8.108269485147212663e+01 8.652760294056797363e+01 6.626048016502879534e+01 5.461858346204975589e+01 4.702052062992719783e+01 6.081085720744692935e+01 6.918643587822835173e+01 7.024830602360131593e+01 5.006921605969692735e+01 3.854395952332088626e+01 5.859790300094033455e+01 6.922767256536255331e+01 6.211831294319610208e+01 4.310023687272337867e+01 4.971539940048801753e+01 6.863969646301512739e+01 8.350971452466724543e+01 9.093930882364985280e+01 8.966752719956359385e+01 8.032714064437355717e+01 7.353510031592843177e+01 6.909874081170026727e+01 6.872599480204094391e+01
9.142864485297492738e-01 2.091428644852939556e+01 2.814999106913355931e+01 1.380684530746063210e+01 3.380684533402098424e+01 4.547351206797308265e+01 3.547351197412785950e+01 4.547351197412881874e+01 6.547351283842824898e+01 8.121821275782728833e+01 7.293552290053179377e+01 7.293552290053179377e+01 6.928870177342719217e+01 8.424521371416157933e+01 9.257629266613557206e+01 9.490748779180422900e+01 8.321239590195274616e+01 7.482637415041138240e+01 6.081085720744692935e+01 4.067203489247767578e+01 5.499727996509221128e+01 6.336595815026011991e+01 5.466500110623071862e+01 3.511235061667411372e+01 4.951241377517289521e+01 4.947646943445072765e+01 5.407090777423864125e+01 3.936975226520860360e+01 5.852423439338152633e+01 7.036977646271373033e+01 6.492703590871013830e+01 8.350971452466724543e+01 7.521887886809388135e+01 5.818753520949164937e+01 6.452547943011533960e+01 4.893990183996091758e+01 4.899579517303251208e+01
9.064013007315497861e-01 4.498507341267063531e+00 8.149991057968202668e+00 2.814999106913355931e+01 2.047351197412741541e+01 2.547351197412750423e+01 4.547351206797308265e+01 6.375780152792300726e+01 7.375784557407041575e+01 7.127455156274913861e+01 6.977429890934912748e+01 7.809738818778532732e+01 8.916201609934859107e+01 9.751422782000875600e+01 9.464888722168377910e+01 8.295355930311511372e+01 7.456721351704719325e+01 6.742325532792357023e+01 6.134221502144814053e+01 5.499727996509221128e+01 3.498675183844442671e+01 5.499727996509221128e+01 6.154529993203364313e+01 4.933686113176064936e+01 3.115262799614825795e+01 4.932543910081222549e+01 3.480119180527407963e+01 5.406841121996250621e+01 6.009332427697665224e+01 5.110562941344361576e+01 7.018931076015252302e+01 6.645854606237138285e+01 6.646236447922204604e+01 4.492298676565744842e+01 5.292387057069702649e+01 3.795875478322300722e+01 3.016393544140832006e+01
3.063610709598194592e-01 2.030636107095946485e+01 2.814999106913355931e+01 3.643426339578940798e+01 4.047351203349811755e+01 3.961564759854169182e+01 4.180344359478056049e+01 6.180344361450156754e+01 6.538811169925324407e+01 5.117871942199890611e+01 4.967858326900535815e+01 6.388807686117050366e+01 8.398489600920149201e+01 8.241295638387336453e+01 8.626846701169363030e+01 6.600130144673302368e+01 5.436104839691408586e+01 4.725472629632483290e+01 4.120083470338633447e+01 3.610214339206881817e+01 3.158390118548314618e+01 4.721813060700784348e+01 4.892728547041757281e+01 4.240281664299651254e+01 2.909075727300255565e+01 4.500384269707732443e+01 3.171047692415914199e+01 5.075280339841017962e+01 4.032484204009340800e+01 6.009309608899484090e+01 5.951095495685549253e+01 4.515387875506489479e+01 5.967842317964419152e+01 5.341066033459945572e+01 3.260849274598381697e+01 2.954389906809019450e+01 4.966599895910319873e+01
2.739570439748240105e-02 2.002739570439712580e+01 2.406505488930423198e+01 3.820719051303468206e+01 5.820719051303397151e+01 5.961564917125791396e+01 6.180344374313372668e+01 5.682176138250098774e+01 4.849913928010818154e+01 3.697674356874743751e+01 5.117871942199890611e+01 7.127455156274898229e+01 6.600401299990240034e+01 6.231618712940039728e+01 8.241295638387312295e+01 8.295355929444481546e+01 7.456721351704632639e+01 6.742325532792357023e+01 5.542342723618866529e+01 5.614173271958833311e+01 4.721813060700784348e+01 2.790537690245074742e+01 3.037178566784748313e+01 2.611780027988335107e+01 2.996899737699081712e+01 2.732553178028901542e+01 4.354558809033508027e+01 3.109004958967934229e+01 4.578219480766516369e+01 4.631294144632378362e+01 4.667087099086727875e+01 3.172581531724227943e+01 5.108900799923826952e+01 5.545629330683876645e+01 4.764286474079399625e+01 2.909145646648158845e+01 4.981023266932910332e+01
1.758338105654860817e-01 7.735123270749997282e+00 2.187725889448120142e+01 4.187725889448049088e+01 5.755417584393288166e+01 5.593065925438173736e+01 4.760939602244000213e+01 4.849913928010818154e+01 2.842717303294033115e+01 4.741321956062607512e+01 5.179509719423672465e+01 5.653028150852701827e+01 4.590719365784136841e+01 5.751013765284106682e+01 7.760686250067604419e+01 9.342217108475941245e+01 7.294444423625552076e+01 7.294444423629632013e+01 7.563145959001099072e+01 6.145183654764512227e+01 4.141938920510915523e+01 2.948962679837134360e+01 2.356070194085435077e+01 2.342358132100539336e+01 2.381425441472359594e+01 2.421609176450025203e+01 2.462782697362902695e+01 2.503852320315039748e+01 2.544902725963302714e+01 2.586199943443675764e+01 2.628083685702526751e+01 2.670823009236791634e+01 4.716382311324070997e+01 4.817552429559930971e+01 2.844099199939247669e+01 3.409543700686279522e+01 5.584488611493880938e+01
4.683972685643240652e-01 2.046839726856396879e+01 3.601939451819279014e+01 3.750380908479019126e+01 3.750380837264039968e+01 4.434154978795402258e+01 2.754319131630063922e+01 3.883139626194336813e+01 2.325822896551363783e+01 2.734386579718619714e+01 3.171481125234764420e+01 3.644059587590622584e+01 5.653028150852701827e+01 7.432736791272694177e+01 8.592954071873599275e+01 8.734469954239308720e+01 6.697966318687606702e+01 5.280868434410881207e+01 6.131905891632137440e+01 6.654142253218300596e+01 4.705139989411751600e+01 4.279002872476003461e+01 2.287666636779053420e+01 4.280555462185364490e+01 5.196129692273982670e+01 4.660280523617883830e+01 3.966757038659316947e+01 4.195103340940207204e+01 3.897923390898176876e+01 4.038564337410419114e+01 4.671983059343783395e+01 3.364153546294561892e+01 2.733381127961485291e+01 2.778634306756052652e+01 4.778756767830699204e+01 3.898103708396920553e+01 5.253255520608091445e+01
2.051881798473268459e-01 2.020518817984697080e+01 2.523333471642071402e+01 1.747506642557011958e+01 2.983765087763170953e+01 3.223691688389547494e+01 1.598388719438907124e+01 1.878464704536544261e+01 3.883139626194336813e+01 4.741321956062607512e+01 5.179509719423672465e+01 5.653028150852701827e+01 4.914381568892503793e+01 6.335439237838163251e+01 8.345119871073309525e+01 8.199943806357320852e+01 6.175186041217885702e+01 5.020626975429902217e+01 4.123893249160447283e+01 5.372948475741492302e+01 4.900180674901165645e+01 4.161688495208793626e+01 2.248302448853995372e+01 3.656510412045881964e+01 5.686672160829912315e+01 6.375106837596239728e+01 6.260368972353190742e+01 6.515144471829664496e+01 5.822352404423574512e+01 6.058121513394653590e+01 5.818434679180937508e+01 3.801410829499524624e+01 4.775570387696037500e+01 3.026434790732721680e+01 4.974317134050193800e+01 5.888238942394492881e+01 5.299437806460481681e+01
8.187695587851057111e-01 3.014054758989642036e+00 5.222685288628323264e+00 7.472861177507041930e+00 9.813684811091754057e+00 1.220414585702551236e+01 3.223691690159368761e+01 3.850023289449258357e+01 2.948855084168101115e+01 3.951640822007927056e+01 5.371801861092057351e+01 7.381316688722857577e+01 6.924061067269198588e+01 7.756376371073704945e+01 9.045754695786999378e+01 9.058358025441120276e+01 7.881307991767303633e+01 6.976681883036123111e+01 5.372948484032922778e+01 3.367332436831006248e+01 2.924824795909613329e+01 2.504522626177970679e+01 2.208593400490670433e+01 4.147106462092482815e+01 4.849061272396550493e+01 4.501048386322123207e+01 6.375094879564559847e+01 6.482733266937709971e+01 7.317889405652620383e+01 7.265128005881287265e+01 5.237694221299354780e+01 5.832925978945005596e+01 5.288568023487142966e+01 3.276923665204050451e+01 5.288568699112457239e+01 6.635280256094945628e+01 7.309873123192494404e+01
2.311624522989861319e-01 2.014520435215409933e+01 2.521674053456993292e+01 2.748943796210148705e+01 2.983765103618346259e+01 3.223691690159368761e+01 2.116232725186852548e+01 3.547109094018916409e+01 4.956007974609060085e+01 5.788228588027111954e+01 6.792691790953068676e+01 7.630903898768525551e+01 6.802161384527146026e+01 6.216052951042697572e+01 7.631440578882424575e+01 9.631185526337709746e+01 8.456208692167118102e+01 6.422930466174337027e+01 5.003127340122052402e+01 5.111325808099832813e+01 3.114008717522440861e+01 4.401075253478545335e+01 2.740074646738230868e+01 2.152378751143505653e+01 3.029283132876629026e+01 4.819295782215382218e+01 5.060260362619875707e+01 4.471052807999980416e+01 6.482733266937709971e+01 8.095326433316286341e+01 7.265732189322888246e+01 6.569741501086465973e+01 4.544029229936942471e+01 5.288568701415735518e+01 3.769081616019445136e+01 5.795064396568829324e+01 7.292020019507789641e+01
9.845726073866658545e-01 6.329625770286910758e+00 2.625722197725661289e+01 4.035620050475822040e+01 4.839327672756179055e+01 4.997368346370140557e+01 3.019412100261027021e+01 4.997368346446459242e+01 6.447627578122668979e+01 6.706936766077798495e+01 6.686352716892466219e+01 5.857037245525869196e+01 4.797250321243480897e+01 6.216052951042747310e+01 8.217152314471285024e+01 9.248865484019950145e+01 8.082854930663482662e+01 7.244265751149654875e+01 5.778514687588283039e+01 3.776948049500626325e+01 5.111325807690945311e+01 5.531193183160096538e+01 4.640741443948865452e+01 2.835678596947326469e+01 2.095857334692228591e+01 3.974447290598463667e+01 3.069348651378783543e+01 5.048541204516995862e+01 6.690241937832249164e+01 6.690241680531657664e+01 8.731123715831310506e+01 7.410556877611161042e+01 5.975045020192035139e+01 6.434325699405071930e+01 4.412803962435881999e+01 4.429359750132472584e+01 5.593378426084707655e+01
3.295302290958179725e-02 2.003295302290922564e+01 1.448495930307653445e+01 2.078670898702240066e+01 3.446649371048096810e+01 5.174975978329873527e+01 4.230576607049970761e+01 6.042708035643967435e+01 6.706936766077798495e+01 4.702640217365383535e+01 5.070435486888870003e+01 3.851588387145218206e+01 5.857037245525869196e+01 6.477961226187727561e+01 7.307056254929587169e+01 8.407478939142659158e+01 6.392734597510309413e+01 5.239565714420052700e+01 4.532709633113043424e+01 5.778514687588283039e+01 6.613190840323022712e+01 6.058503369293229923e+01 4.079472108895281224e+01 4.797202305534735700e+01 4.035635784048398023e+01 2.040149332787662217e+01 2.785829713721123468e+01 4.533124623989195356e+01 4.612829580295829857e+01 6.690241937832249164e+01 7.145028631862653867e+01 7.980572617245773870e+01 8.005468872869617769e+01 7.150308738555133914e+01 5.125202889764896952e+01 6.450957228294114998e+01 5.219594885997345557e+01
