LEM_wLE/output/LEM_wLE_example/elevation_000002.asc
nrows	100
cellsize	150.0
xllcorner	0
ncols	100
yllcorner	0
NODATA_value	-9999
[rows 0 to 16 of 100, columns 37 to 73 of 100]
1.506799124488364043e+02 1.466520724870394190e+02 1.549824319788486378e+02 1.393452307212822063e+02 1.306372143469551759e+02 1.306373287376328847e+02 1.306443520558882199e+02 1.099936584059691285e+02 1.099936584000334960e+02 1.128231368922210578e+02 1.042704923527613232e+02 1.099241796011863386e+02 1.164255421316003947e+02 1.237323207721976246e+02 1.323404963589228487e+02 1.427024663883101425e+02 1.436671169896748097e+02 1.349816113778451268e+02 1.397545925080804068e+02 1.311662337392889981e+02 1.397545955940001363e+02 1.387575024550251328e+02 1.300083363210428899e+02 1.387575233383883244e+02 1.482248966407715045e+02 1.604070557740257641e+02 1.795636717765368360e+02 1.713108608514011735e+02 1.668605038160305583e+02 1.469216753453531510e+02 1.469216883986306925e+02 1.484843223493593598e+02 1.401857869944465733e+02 1.484843212217000712e+02 1.402156080532910210e+02 1.318158960701367448e+02 1.402156085969893695e+02
1.406003104532687473e+02 1.264934942246212302e+02 1.433518599190170448e+02 1.306372145587828015e+02 1.093349683562304193e+02 1.093349686671531344e+02 1.234298419750940923e+02 1.099936584044691443e+02 8.966139809764140978e+01 9.713440789154253707e+01 8.408655199509307465e+01 8.953946538054574944e+01 9.586635908275663098e+01 1.030655471673911592e+02 1.133746455959588246e+02 1.340898429573768169e+02 1.315923616217990002e+02 1.140998848267255710e+02 1.294719562894426588e+02 1.106854873432155841e+02 1.286943086613735829e+02 1.199889920112547657e+02 1.086881286309919545e+02 1.181705525120339360e+02 1.303833722714207681e+02 1.512289144577085267e+02 1.713021269230011967e+02 1.519173124385609697e+02 1.574785240041288432e+02 1.469216883985872073e+02 1.269791646542377208e+02 1.343089341539820509e+02 1.200261431691633049e+02 1.384228366078601766e+02 1.299460704542574661e+02 1.111689682979029783e+02 1.299460704221919514e+02
1.233480126668215178e+02 1.148082780897604351e+02 1.350135116393566932e+02 1.336412078459929660e+02 1.101879110072281946e+02 9.420768943174729770e+01 1.056700449085029021e+02 9.415705446241149446e+01 9.546283753380434689e+01 7.719442179731017006e+01 9.713440786885755074e+01 1.099241796086782443e+02 1.102073261185014559e+02 1.187660135066721949e+02 1.323404956182989167e+02 1.427113055287019279e+02 1.222665371542957331e+02 1.021090950596888547e+02 1.209258548535318880e+02 1.004593652541049096e+02 1.116016346469989031e+02 9.876472034169542269e+01 1.199889920196302029e+02 1.291050377265438840e+02 1.368712740900170957e+02 1.465368868868342531e+02 1.612954726076298755e+02 1.574785230250864174e+02 1.381497133134666910e+02 1.470984223168834433e+02 1.343089342948149749e+02 1.140339564414419158e+02 1.095932496827138323e+02 1.247441179484212483e+02 1.214924255014513221e+02 1.005201324662972553e+02 1.214924255062581864e+02
1.031501386152407065e+02 1.233480138582854693e+02 1.319634083449205946e+02 1.222300551023005255e+02 1.238558710907545333e+02 1.056700534267138636e+02 8.500490975301137553e+01 7.990706581106826434e+01 7.539279459687026019e+01 7.317812385876783310e+01 9.306418165616702254e+01 9.586807422728696793e+01 8.992856161276662874e+01 1.102073261214265756e+02 1.200681903361586507e+02 1.286588010612361188e+02 1.136157829326531328e+02 9.300210407004733781e+01 1.033088607713701634e+02 9.276613028841244102e+01 9.073428249565453996e+01 9.583093857150493022e+01 1.013840031909008559e+02 1.074750832434988155e+02 1.146141918352055740e+02 1.258318072004202293e+02 1.509696640299256671e+02 1.559941468420235253e+02 1.387717218203526102e+02 1.275617094669012346e+02 1.219055438628270309e+02 1.343089341544444721e+02 1.247441179477019233e+02 1.039621339863489879e+02 1.145016542587205777e+02 9.342075622209101482e+01 1.100706924633361723e+02
1.143152491094235756e+02 1.316989201398872638e+02 1.237129883226373863e+02 1.044872906263733654e+02 1.081453549875083979e+02 1.143251508496385327e+02 1.056700511771779247e+02 1.002071873589315913e+02 8.916421060745231841e+01 6.921751970045417579e+01 8.518783724227907328e+01 7.588718044063985246e+01 9.586807422990308680e+01 1.055907034963443181e+02 9.959393208862370273e+01 1.200681903412134517e+02 1.082966200575587976e+02 9.972864294533907525e+01 8.311169956653358781e+01 8.572621455034230564e+01 1.062499201474466162e+02 1.169503439869974386e+02 1.227466675288733597e+02 1.291050375668098980e+02 1.368712730407397373e+02 1.465368556351743052e+02 1.612955230184427364e+02 1.649686250262106455e+02 1.550659216708082226e+02 1.420006732520960497e+02 1.335728179848687489e+02 1.347173738340179341e+02 1.262437626409032134e+02 1.195702812527408554e+02 9.859010456609499329e+01 1.100706924502807453e+02 8.900728331059168852e+01
1.083997086878852230e+02 1.285966259912086400e+02 1.235106676461551132e+02 1.035422188421974141e+02 9.130393741582263090e+01 1.104966725649245660e+02 1.129210644669378922e+02 1.094195802237229316e+02 8.916421060607889615e+01 8.518783723903082716e+01 6.508338623034684645e+01 8.518783724325257367e+01 9.481452116540312147e+01 8.543031242846973328e+01 1.055907034984692245e+02 1.048132631872204286e+02 9.628994250789278908e+01 7.972994140546607866e+01 9.972864632579924660e+01 1.062499199193300257e+02 9.391597947363948151e+01 1.023523976018484234e+02 1.117306123997328768e+02 1.238808241120051576e+02 1.451854341620731930e+02 1.637550660510834177e+02 1.556529956334932763e+02 1.641024742483230625e+02 1.480122923481808925e+02 1.275917922082226141e+02 1.128734939541864151e+02 1.204814118525342508e+02 1.053792717611992202e+02 1.092079771605163927e+02 1.133700254831888827e+02 1.047756515535969157e+02 8.603184326865968501e+01
1.285966259810451220e+02 1.369422634635267002e+02 1.175719779677815779e+02 9.773091820119800843e+01 8.431050168662847000e+01 9.589364676762836837e+01 9.292227485418327149e+01 1.071440669388300790e+02 1.003177983430995965e+02 8.262088557688130663e+01 6.235091342812405912e+01 8.262088549406513494e+01 7.486283574451846334e+01 9.481452117580354866e+01 1.016055375972705264e+02 9.312407735365852091e+01 7.643746773707481168e+01 8.325912933513254188e+01 9.738187806678541847e+01 1.179861658537588909e+02 1.147728034122593073e+02 1.086229147965823927e+02 1.296203806473929490e+02 1.416627763096896615e+02 1.541737523616928343e+02 1.515389940430499962e+02 1.352148120583281354e+02 1.535412780016975205e+02 1.453223341112148432e+02 1.248721356326978622e+02 1.101009725418425660e+02 9.945705195043154845e+01 9.357226024796717923e+01 8.818038566104584675e+01 1.025584686714508820e+02 8.384190063552254912e+01 9.863654346182875088e+01
1.159522825590476316e+02 1.244272327001777398e+02 1.106782647782510054e+02 1.022150171688572584e+02 9.589364644958605766e+01 7.663871512603542158e+01 7.923959216604944800e+01 9.727834400425271610e+01 9.141182250474001592e+01 7.277401037753109847e+01 5.966222724983708758e+01 6.580715445200611668e+01 8.589185616456752825e+01 1.017365312218870201e+02 9.312407727910567701e+01 7.333192527269386574e+01 9.312407733156030076e+01 1.034167305606291620e+02 9.738187806679421499e+01 1.118996636116931569e+02 1.326802821802002654e+02 1.296203972058759462e+02 1.383379511944436615e+02 1.564492390141649878e+02 1.480790745561705251e+02 1.452464657601716453e+02 1.249503435206688948e+02 1.452464657598806923e+02 1.459725685813580469e+02 1.392969370985504440e+02 1.289745863213967141e+02 1.204814138024918151e+02 1.146503044107885927e+02 1.025584686723417036e+02 8.171051862491275131e+01 1.025584686729193606e+02 1.133700258588994956e+02
9.561746713841755252e+01 1.159522819463524428e+02 1.022150069116542142e+02 8.232814065260801328e+01 8.815259022921239307e+01 8.321357206373541260e+01 6.950913360022998688e+01 8.900968840253734982e+01 8.373824444277350665e+01 6.380685790266203128e+01 5.724951939070342632e+01 7.780958899551347940e+01 8.184036458273358505e+01 8.179776023531671569e+01 9.095975554968757137e+01 7.114571719390892213e+01 8.246977085684626729e+01 9.655624740522335969e+01 1.170471069979018495e+02 1.266142723124439584e+02 1.269547605185136661e+02 1.355793203476593760e+02 1.475798285595052164e+02 1.480790745590932715e+02 1.277190756139951873e+02 1.336823812483110316e+02 1.179900509881387194e+02 1.293298758189245348e+02 1.255895154788843655e+02 1.459725689357793499e+02 1.411346005163411519e+02 1.265671216168972393e+02 1.161414643923695564e+02 1.010926671234345378e+02 8.031109359983801710e+01 1.010926671237374563e+02 1.147577659080425150e+02
1.015625692458498719e+02 1.127531928152146889e+02 9.959644732369928022e+01 7.977527524805718429e+01 6.833266034749732398e+01 6.331371067584506562e+01 8.317909674651302510e+01 8.241538919500410998e+01 7.401523064003487207e+01 5.528126357021081816e+01 7.590241350551529820e+01 5.972998701709961011e+01 6.151392484091407908e+01 8.166951521694441851e+01 8.592622742459744245e+01 6.897322446758664682e+01 8.039093889475617516e+01 9.443826523809099172e+01 1.148554071675311405e+02 1.150131800614653770e+02 1.062713398466437695e+02 1.181849920264565128e+02 1.389344937156796220e+02 1.445671255467065350e+02 1.336823501868901474e+02 1.130039653126626291e+02 1.293298754701971234e+02 1.085274061186008083e+02 1.293298754718715031e+02 1.333331589613008816e+02 1.248203661084976090e+02 1.119862937109757439e+02 9.707121407179957373e+01 8.660366068309083687e+01 7.893096256299111246e+01 9.964225578151557272e+01 9.375542876491725508e+01
8.449381594668734863e+01 1.045633114356584912e+02 1.080367701264705147e+02 9.650008905460235553e+01 7.931681108917540257e+01 5.906952730838949606e+01 7.484560513652309055e+01 7.214541289441234539e+01 5.337076106686379973e+01 7.401523082987999658e+01 7.590239012741635349e+01 7.428805126680518356e+01 8.178709375096866552e+01 6.408366886003238960e+01 6.591919315271674407e+01 8.594992829993586270e+01 9.728653408524267832e+01 1.010379047839226985e+02 1.053444892685706265e+02 9.450279333301376994e+01 1.150131799394682872e+02 1.277116945941374127e+02 1.380869539656183633e+02 1.361733061407547893e+02 1.155599713866864846e+02 1.049561737115461852e+02 1.176648795493440218e+02 1.033348831810436081e+02 1.242874208282532038e+02 1.248204694590783674e+02 1.039259786889290353e+02 1.100453332860853948e+02 1.161414645009949709e+02 9.822743846446101657e+01 7.758675025969665739e+01 8.337100862484324182e+01 1.042565779751905950e+02
7.966633063034588247e+01 9.994239450795095081e+01 1.023598868882387904e+02 8.233295771811073394e+01 7.091248499612630951e+01 7.500483656233281238e+01 5.449879835858779131e+01 5.150327485777410885e+01 7.214541289359988241e+01 8.241538941339048563e+01 9.609821641236335665e+01 9.435728885410166811e+01 9.276296378286660627e+01 7.602701535461814331e+01 8.594992830110305704e+01 7.059806437996896022e+01 9.044454741706931600e+01 8.101534722397656196e+01 8.514481590857938897e+01 9.136546926553823766e+01 9.847793217558476897e+01 1.087425069476977768e+02 1.294588764595918917e+02 1.445671256354074501e+02 1.343115463472431657e+02 1.176648792319427059e+02 9.658044266495207353e+01 1.176648795142230881e+02 1.327334458051420540e+02 1.276099031538385020e+02 1.100453197234810716e+02 8.909901974370711741e+01 9.884885991851179199e+01 9.686136893061056696e+01 7.628781162948887129e+01 9.686136893049057051e+01 1.042565062536222769e+02
9.478803650859846641e+01 1.082985381041254271e+02 1.110282572437063351e+02 9.931345131528584602e+01 9.079733394727054474e+01 8.342737307838480376e+01 7.083209146219542163e+01 5.019956311684066463e+01 6.229449356927464265e+01 7.728576441116773310e+01 9.940718990379002662e+01 9.991364378901059240e+01 1.051099632355379043e+02 9.743875854604347353e+01 9.888542523536564488e+01 8.455069949225855908e+01 7.541196627329392754e+01 9.525789056723873216e+01 1.053444893171087671e+02 1.118094385710404310e+02 1.191006768295175817e+02 1.277119584229175331e+02 1.380869539750113972e+02 1.456682716572904326e+02 1.338277971990486606e+02 1.141995470429889821e+02 9.311152657183083647e+01 1.098033537307730398e+02 1.183686892622825724e+02 1.129529543807811791e+02 9.792637301233229152e+01 9.876191775881979140e+01 7.817409797376613767e+01 9.361790505313609856e+01 7.499715032865961462e+01 8.939660054823187352e+01 1.102642987403971091e+02
1.035223966967717786e+02 1.025888770106797239e+02 1.109509222030970079e+02 1.149155307577389920e+02 9.559452871441662580e+01 7.548409819948777510e+01 6.103567664090023470e+01 4.901220539816627308e+01 6.369071772243973584e+01 8.408787124461355234e+01 8.793837780358637701e+01 8.173434918105689917e+01 9.450722117461945970e+01 1.128661061185126471e+02 1.134289718689194615e+02 1.037443728538470538e+02 9.525789056782117825e+01 8.671228668464773648e+01 1.009095420042236810e+02 1.214693406059907375e+02 1.223748429236143522e+02 1.138394806341834453e+02 1.223756155558355800e+02 1.372728221936889099e+02 1.166651623745197099e+02 1.044672720050181880e+02 1.098033537321331892e+02 8.876287175289276377e+01 1.056777766692084839e+02 1.042450720328472897e+02 8.296401043730411118e+01 8.935878408704415676e+01 7.190543853846246236e+01 7.318290104116836403e+01 9.248418816394142539e+01 1.036437761367683663e+02 1.159928121738946203e+02
9.348276811940407072e+01 8.225008174434813668e+01 9.923385329786496811e+01 1.031162636197935996e+02 8.601335740430845078e+01 8.284308362880537402e+01 6.250092121742784457e+01 4.782918280906607578e+01 6.845556100626738782e+01 7.889530855122934838e+01 6.841117888444790651e+01 8.371655518664233853e+01 1.053018161176015468e+02 1.107408096752602944e+02 1.129532191932160714e+02 1.213445092141714383e+02 1.154943728788042847e+02 1.069313930563214967e+02 1.154945520307014704e+02 1.155500636207190723e+02 1.070257630871428205e+02 9.324924808378172258e+01 1.120773919054536094e+02 1.213107760214941067e+02 1.338023363175906297e+02 1.253749842486065091e+02 1.098033537406988103e+02 1.056777766695691838e+02 8.474048836302523569e+01 1.017217157737715638e+02 9.047803836930768284e+01 7.012803876503033962e+01 8.869299506282214907e+01 9.027165075032446850e+01 1.011538052656723892e+02 9.521454060128954211e+01 9.521453148762371654e+01
7.307092007397322675e+01 7.041351391054338649e+01 9.084626806861051307e+01 9.441107134884521201e+01 7.425149680449739265e+01 6.564121727763074432e+01 6.729818631039647414e+01 4.664059281560368220e+01 6.724131738944969072e+01 5.876895917991851803e+01 7.889530866587055868e+01 9.599035394189134252e+01 1.043832093038449074e+02 8.956768385232768992e+01 9.189108131050602424e+01 1.016875449901769315e+02 1.225854481137036913e+02 1.111739171608338239e+02 1.026602325396971196e+02 1.026600486979345135e+02 8.652612950366636824e+01 8.308249631197924145e+01 9.216519276621009737e+01 1.067102143043447313e+02 1.273457294352109415e+02 1.390472400328795572e+02 1.259327287947083533e+02 1.142657006326434441e+02 1.017217156385022179e+02 8.092795910808439430e+01 9.893224970453566414e+01 8.850871198746328616e+01 6.836644118283824412e+01 8.713017750960079866e+01 8.603597672068143254e+01 7.468124675303155868e+01 9.048782039906402019e+01
5.862274007295791023e+01 7.904941156938970437e+01 9.355206529722400433e+01 8.598183538875986187e+01 6.564030564181859972e+01 5.367736937891617544e+01 6.451244922377901503e+01 4.543841392643675192e+01 5.024002112715104573e+01 6.069332983416395422e+01 7.564908822761745455e+01 9.790485754012728137e+01 9.576914344023032299e+01 7.462774713210338007e+01 8.051382920459032277e+01 9.551815721738391574e+01 1.165818654334025268e+02 1.026602320586148664e+02 8.224250950276281458e+01 8.224250910343702969e+01 7.487726322171778293e+01 9.519028823816015006e+01 1.120347927398867256e+02 1.212852500377692593e+02 1.280353547812831891e+02 1.364723203326601038e+02 1.174126998649074523e+02 9.643495708890239371e+01 8.599922842300364323e+01 7.833850489152740693e+01 9.202333186342288229e+01 7.162448829622005064e+01 8.713017751018698220e+01 6.681212536851272432e+01 6.572349092221840294e+01 6.464254202094120672e+01 7.995273945188901621e+01
