LEM_wLE/output/LEM_wLE_example/elevation_000003.asc
nrows	100
cellsize	150.0
xllcorner	0
ncols	100
yllcorner	0
NODATA_value	-9999
[rows 51 to 67 of 100, columns 0 to 36 of 100]
8.885398060199247716e-01 2.088853980601819771e+01 9.687724970866517182e+00 2.971984224188307167e+01 2.471928703582445408e+01 4.482550930497170327e+01 6.476321073628783154e+01 6.471723832073425342e+01 5.686150180250141517e+01 5.287269225475635892e+01 3.849282355458321803e+01 1.908599739737459089e+01 3.224785642133713282e+01 2.789534376077758537e+01 8.328244475191128871e+00 2.829665637601983619e+01 3.085569581086719992e+01 2.462583520113830460e+01 2.329058195626157612e+01 4.312481899971342614e+01 3.677713357566079821e+01 2.024550092130541401e+01 1.331425176125508258e+01 1.368622372696170508e+01 1.405816857537279851e+01 2.994912545425817996e+01 4.074456548869803640e+01 3.976407183012609181e+01 3.654898556982468705e+01 2.300829270248624780e+01 3.679661122244417726e+01 1.983205271837419659e+01 3.858421409128803958e+01 3.850883627022253819e+01 1.957941085245434820e+01 3.923141721351975519e+01 4.712608397699129625e+01
1.344321116831868057e-01 3.914077349473882084e+00 2.392345318432557733e+01 2.971984224188312851e+01 4.482550930497170327e+01 3.631867010731438228e+01 5.644606775462180082e+01 7.153561117191860319e+01 5.848537141834042075e+01 3.925904039379894073e+01 2.557519206379971166e+01 3.843305355809057033e+01 3.923011032030790091e+01 2.836743757481912809e+01 8.726056689814646106e+00 2.854501794349062749e+01 1.193037102720877485e+01 1.069717658882057520e+01 3.031734875954676411e+01 3.803978495024524875e+01 2.312803538678231163e+01 1.278786802215409679e+01 3.244944201497366976e+01 3.336760342743380647e+01 1.911011206256193162e+01 3.741993534949073563e+01 3.953152652255199939e+01 2.464708515671319233e+01 1.665934656369383049e+01 1.697897833140862289e+01 1.729948443190541241e+01 1.762028213129418930e+01 3.468885252550251863e+01 1.883090496009894110e+01 3.851755227489338296e+01 2.505424314083676762e+01 2.911159517033479460e+01
8.052006432555327553e-01 2.080520064325380147e+01 2.392345318432555601e+01 4.394204743087238541e+01 5.807758349389823849e+01 5.055602979669192365e+01 6.476321073579129006e+01 6.352042082334514816e+01 4.434282751801843858e+01 3.317983108705407602e+01 4.489030177005010103e+01 4.907195541454624532e+01 2.751344477881096040e+01 1.426881950249851805e+01 9.112910629794583883e+00 2.886961469083635023e+01 1.017325453336558461e+01 2.988622485514659388e+01 1.122111482816115569e+01 3.089609494751647389e+01 1.226042869552707337e+01 3.194363903531951010e+01 4.043960900418500160e+01 4.581735106089900711e+01 3.759226316509920451e+01 4.327994390765152133e+01 3.538860932719743602e+01 1.620919716213719752e+01 3.579192384538141880e+01 3.696521968204297792e+01 3.689109464316842235e+01 3.729279436063234243e+01 1.807341222985316875e+01 2.680602599868213076e+01 4.387640251028061300e+01 3.895053280908640403e+01 4.888048143493330144e+01
2.804825088837598068e-01 2.028048250888206283e+01 2.527598547207284696e+01 3.941812109580330059e+01 5.941812109574692613e+01 7.066587727442565381e+01 7.625020183284891573e+01 5.708900570640156502e+01 4.352000419899148653e+01 5.244823216609988492e+01 6.041480953751871397e+01 5.250768155091525102e+01 3.243346226163716750e+01 2.949171269180610722e+01 1.028951590441001152e+01 9.646655454929373263e+00 2.675994213035063396e+01 3.177865799115690493e+01 1.186379813316022336e+01 1.173806948252549098e+01 2.924868002815250279e+01 2.891647867311258935e+01 4.923752431208131952e+01 5.105336993031387749e+01 4.322382634817757463e+01 3.458647590746206646e+01 1.576271418600066632e+01 3.561564090258919890e+01 2.876157032410903014e+01 4.821483457153800600e+01 4.951726066655066916e+01 3.250544276214429829e+01 3.540271535397340585e+01 1.863200932901279572e+01 3.955786047552014395e+01 5.919512321940405286e+01 6.365098851081504705e+01
7.810880442414250835e-01 8.946053853518614929e+00 2.308818947724931547e+01 4.308818947724000026e+01 6.157901167129791276e+01 6.361103038000833010e+01 7.189610871260146041e+01 7.071513736126104277e+01 5.708900570640160055e+01 7.071131258639576345e+01 5.955179065256677262e+01 4.960039665147476740e+01 3.522117544731324301e+01 1.554194702529255601e+01 2.954535678859228653e+01 1.418487814848121964e+01 2.097779030035109216e+01 3.632646038931930121e+01 3.183142247573225703e+01 1.769203039677478628e+01 3.678100389133976478e+01 4.882404785743302256e+01 4.428392734578607559e+01 3.039397839668369272e+01 3.428036915358647008e+01 1.532028419058623037e+01 3.477223850791486370e+01 3.558497297954300365e+01 4.840566677676001461e+01 4.835917080996277662e+01 5.581676717394190490e+01 4.651272894218318044e+01 3.783102887448352192e+01 1.902457459731087752e+01 3.875654415077890746e+01 5.224268116719262878e+01 6.208247373855704154e+01
7.232205343510359485e-01 2.072322053434929501e+01 3.630480827778940522e+01 3.329474058473782350e+01 5.329474058464546005e+01 4.361096988629239490e+01 6.034874913190492407e+01 7.140512821624270146e+01 7.625020183339856317e+01 6.541651444910176849e+01 4.538601196012096040e+01 3.137066903621483860e+01 2.157976336032427866e+01 3.522117547023426454e+01 4.071087353586021607e+01 1.900900326089447390e+01 3.674648861733860628e+01 3.696327636818669760e+01 3.142044898078267323e+01 2.787131380407800663e+01 4.631626750050936892e+01 4.824086029383212093e+01 3.004820828987400461e+01 1.731532918254227837e+01 1.488118028620107225e+01 3.438436444699460992e+01 2.936625987569319562e+01 4.899987367221142875e+01 6.341074773683663324e+01 6.778452271396648143e+01 5.479719212152202346e+01 3.535820254492069381e+01 1.957527074972228931e+01 2.612774842850969392e+01 2.522541785315534568e+01 3.141667374864869089e+01 4.667658344085276667e+01
9.494692443194679976e-01 8.020537056184881664e+00 1.696480896618388101e+01 3.696480896617202916e+01 5.140431486118670534e+01 3.206396446997053573e+01 4.311970671139950895e+01 6.173638492247335563e+01 7.263927343961422878e+01 6.956954188024522523e+01 4.952525696165714919e+01 3.547562757105676923e+01 2.746328665377292921e+01 4.728738798525952802e+01 4.616792675566902915e+01 2.450034759613033231e+01 4.616792675535919699e+01 5.552096996660949912e+01 4.348973559534809397e+01 4.909168085451150887e+01 6.074986484415335752e+01 5.303632320866874039e+01 3.257917721533235778e+01 3.288736281216204560e+01 1.457063644915907830e+01 3.090655548340217251e+01 4.654509378801192554e+01 4.899614384249745314e+01 6.869208859470064965e+01 6.913812684355089289e+01 5.614161281691504257e+01 3.512719467196071577e+01 1.996217690786612309e+01 3.817046431249509197e+01 3.892311068646799299e+01 4.926949820280922410e+01 6.206542485334256298e+01
2.836664262828419991e-01 2.028366642628115102e+01 3.630480827756399265e+01 4.197610742416798502e+01 3.369160962443381635e+01 2.311969255976692494e+01 3.345150613024636499e+01 5.345155066915796738e+01 5.263916190829141328e+01 6.678188410080841209e+01 6.372701358255151405e+01 5.393094170285148437e+01 3.400028052600779205e+01 5.393094170285007039e+01 5.301300324078186321e+01 3.163021585553562431e+01 4.235094815403188306e+01 6.315238299832932256e+01 6.495810453145453778e+01 7.347841159409956902e+01 7.784329850097419978e+01 6.191719502199639180e+01 4.595663420358778950e+01 2.771858166538271817e+01 1.425583441062850909e+01 2.184967896219670891e+01 4.416653602022579861e+01 5.589760538745598950e+01 6.617655229674606687e+01 6.168188671929961231e+01 3.985294597818509033e+01 4.007548290119038370e+01 2.034692479669396192e+01 3.956502329821645958e+01 4.727971429042285934e+01 5.294703031851321384e+01 5.882886496408784893e+01
1.404418693552202946e-01 2.014044186935351988e+01 3.780449839289516234e+01 2.952131992709703923e+01 1.369160214393125408e+01 1.712157384678149086e+01 3.712158268473387324e+01 4.849704226437383170e+01 3.849702557708728534e+01 5.263916190829141328e+01 7.263927343961334770e+01 6.226129401124776308e+01 4.391780387366016924e+01 6.226126045071956838e+01 6.058983766833763696e+01 3.949488699284305682e+01 6.058983767571221080e+01 7.154575433648895455e+01 8.248502872303070887e+01 6.358614650101687005e+01 5.833624182643849565e+01 5.990886070404994967e+01 4.218593197838405473e+01 3.270442431042265241e+01 1.393280483726228880e+01 3.303341439139756375e+01 2.707469026683376256e+01 3.737247483756735278e+01 5.792331468723632781e+01 5.797282805930551319e+01 3.716771114986049440e+01 2.150510080337493690e+01 2.073066803082145171e+01 3.827784468800847861e+01 2.814299525772177191e+01 3.330728014605370646e+01 3.894389649716773505e+01
6.646099058385387393e-01 2.066453791118711436e+01 2.563616094653446353e+01 9.521313862789721583e+00 2.952131992709700725e+01 3.712158268473418588e+01 2.246679868503007427e+01 2.849702557658545388e+01 4.849704226437428645e+01 5.849705895087856788e+01 7.849738128750308874e+01 7.229368212498691548e+01 6.394407953242377118e+01 7.229368195643849049e+01 6.906336951901836585e+01 5.206854574528055934e+01 6.906332062112652181e+01 7.567716648909295429e+01 7.774382766434139569e+01 5.807056690701721635e+01 4.401353699415934528e+01 5.325298403008076775e+01 4.336297703715943896e+01 2.409739236363496673e+01 1.359894960157151544e+01 1.819107502292632006e+01 3.755019810513336154e+01 5.544448525818803120e+01 6.614519055929491742e+01 5.771575965342984915e+01 3.714486771594060599e+01 4.195321008160139087e+01 3.987971089174302364e+01 2.127118225665761031e+01 4.086257613328377403e+01 5.101326853805647943e+01 5.848694481939732981e+01
6.164072599657668405e-01 3.116407259965772170e+00 5.636170413360631848e+00 1.718317579771910886e+01 2.585124588568546145e+01 4.585127672961298373e+01 4.246681034133916199e+01 2.976976611843241827e+01 4.391190198233389452e+01 6.391195992745320353e+01 7.748278383417238047e+01 8.475028193967544610e+01 7.697265370820356623e+01 7.720351211567493976e+01 8.155628015845283585e+01 7.372267541905593191e+01 7.567717301601345525e+01 5.567224121466184528e+01 5.934320636963416717e+01 6.753333919918289041e+01 5.325453387142088246e+01 3.375571580060312726e+01 4.107937060048543287e+01 2.058355678405279932e+01 2.352413321365828125e+01 1.311482135540157046e+01 3.850557734638935869e+01 5.255360974244170080e+01 6.301623462447949464e+01 6.642487313060973975e+01 5.726115455455457948e+01 5.781680832452246221e+01 4.554969625993665971e+01 3.542794184867038609e+01 2.181271111696999299e+01 3.717116550130788255e+01 6.182178326089497489e+01
7.616414269703414286e-01 2.076164142696862314e+01 1.563617041338133262e+01 3.392061750199675174e+01 3.718318704274174280e+01 5.413600503706199873e+01 4.976978331832695090e+01 4.976978333033555657e+01 3.919785653449120844e+01 4.919785654310668122e+01 6.919791602024535848e+01 7.373258894528953533e+01 5.776255600672042334e+01 5.942657787253423862e+01 6.642986102844530194e+01 7.427001764972652609e+01 7.343034517828631635e+01 5.350812238579555924e+01 3.996602399633658109e+01 5.020019461920770709e+01 4.566075696938242601e+01 4.454983253714476632e+01 2.592174880206703236e+01 1.995400096565457204e+01 1.900363639903475033e+01 1.277115744520631857e+01 2.154882514350920886e+01 3.356687912997511347e+01 5.443423859480940763e+01 7.013483649451995916e+01 5.318530746499897788e+01 4.104141246458661385e+01 4.866292938947260183e+01 3.919951425739237294e+01 2.219596045579321952e+01 3.646025803324962311e+01 5.889780565167760784e+01
8.582653206718614536e-01 1.500040094440268668e+01 3.500040094439683713e+01 3.196610279788386322e+01 5.196615039948346748e+01 6.546843445254648941e+01 6.976996153003243251e+01 6.748255152221312869e+01 5.333999282982988888e+01 6.748254959450711965e+01 7.748278398440685066e+01 6.588169862900419105e+01 4.654703066837150516e+01 4.641878885839145852e+01 4.702863746901496000e+01 6.314875249517903200e+01 7.384731060849414064e+01 6.775592839913687726e+01 5.020020339915268437e+01 3.076235521028010922e+01 2.929808248539724858e+01 3.844122760563501373e+01 3.723182464660185786e+01 3.234965250491564603e+01 1.230079335185229539e+01 2.411102550623188634e+01 3.483713998542313561e+01 4.715959863981859002e+01 6.295046553662218969e+01 6.751620567279140062e+01 5.122885869604697007e+01 5.057647294387156478e+01 3.230097162541614608e+01 3.264664375928462903e+01 2.257996539600534902e+01 4.315988123873435001e+01 5.739311609778724943e+01
9.616989121453964895e-01 1.510383470674162076e+01 3.510392603071142048e+01 5.196615039948346038e+01 4.520070389955984069e+01 5.227251935124668591e+01 6.056138491374377253e+01 7.056516882254689449e+01 7.334006777425634027e+01 7.200596958472532094e+01 6.382999830145755737e+01 6.132157021162264243e+01 5.471882287719917315e+01 3.536091090507704848e+01 3.577852347965248470e+01 5.450736498798040230e+01 5.441805222762478422e+01 6.809750245965707904e+01 5.846319605474358383e+01 4.814087135890590474e+01 2.307934714894059525e+01 1.892355369061456116e+01 3.129896199127116319e+01 2.469791609996216408e+01 1.198648332764862090e+01 3.207501751627985698e+01 4.966851103815155000e+01 6.479558680098307377e+01 7.896770822797850542e+01 6.734762958534402344e+01 6.248453584336526490e+01 5.799843921831899252e+01 4.042935526562673232e+01 2.397035998323844552e+01 2.296614027666208813e+01 4.016154806921393572e+01 4.548330231761340769e+01
2.866789980725219511e-01 2.028664417619053140e+01 3.125562491934658382e+01 3.625581675655936209e+01 2.519933313092685268e+01 3.227041398606708356e+01 4.227056043643045768e+01 6.227450075168442822e+01 7.229415683624763744e+01 6.255057552683144451e+01 4.404694080099638143e+01 4.186077869825178510e+01 5.564287263667445416e+01 4.655026092263488380e+01 2.717273181660209502e+01 4.655026092263485538e+01 4.062184542393089259e+01 5.838338906078040225e+01 6.282832320193361397e+01 4.219268387018434652e+01 3.327234000267483083e+01 2.440560420207826553e+01 1.383604080048971419e+01 1.264447169369368318e+01 1.167931512470404343e+01 2.784158231113019255e+01 4.995042736120948490e+01 6.096428703758639500e+01 6.955699557493258567e+01 8.226511163935128934e+01 7.973972314226962510e+01 6.750353323777585501e+01 5.605687756789174614e+01 4.778819382388150672e+01 2.604535843588106303e+01 2.351324333583985648e+01 2.608350215700729891e+01
7.776801193288799263e-01 2.077768011932712611e+01 1.125505710341230881e+01 1.625505712810689829e+01 2.780209218884751365e+01 4.780381958144576515e+01 6.056136588800584519e+01 7.056496449817257144e+01 6.436095388385011518e+01 4.473534833188996629e+01 3.491953802533121376e+01 2.810759162824554380e+01 4.048770505117602880e+01 4.224298781869455155e+01 2.297442947544737279e+01 4.171333599685350180e+01 3.095416123111438722e+01 4.209110702037199303e+01 6.132591281492758384e+01 4.987332678746552261e+01 3.225694990856082001e+01 2.331609037879767143e+01 2.482951838847292692e+01 1.124935199534350616e+01 3.583433357597067470e+01 4.893109996205043899e+01 5.772227359186408790e+01 4.082375645443566015e+01 5.584901766602382622e+01 6.919317414255743870e+01 7.787662969122527556e+01 7.955897017964774420e+01 6.529230161946099997e+01 4.516641939764079439e+01 3.107969270918511384e+01 2.573363160716568743e+01 2.406611430653987682e+01
5.059075238208947667e-01 4.588390428459579340e+00 1.458840965693522129e+01 2.873420616605425337e+01 4.454250805965385496e+01 5.609170406649423768e+01 6.024591350193276895e+01 6.951364293336258982e+01 7.229399112363763891e+01 6.255057345980250005e+01 5.454815053295792637e+01 4.048770505117595775e+01 2.122105122621279705e+01 3.406572269375159578e+01 1.898704932702583648e+01 2.244757827324583488e+01 4.171334352871850371e+01 5.817460575685646518e+01 6.879958284122240286e+01 5.797024877579782043e+01 4.808222473328117985e+01 3.119682019836081466e+01 1.283056634736890267e+01 1.094851893541046906e+01 3.789572620169000317e+01 4.701725617828762438e+01 3.876747918610931265e+01 2.950532088558240673e+01 4.935055788263949239e+01 4.877069388985946574e+01 6.919317413330708177e+01 7.117865409222228834e+01 5.109168845874859954e+01 4.110872816182973111e+01 5.112194956694430914e+01 5.099492411806834724e+01 4.360954510717358801e+01
