LEM_wLE/output/LEM_wLE_example/elevation_000004.asc
nrows	100
cellsize	150.0
xllcorner	0
ncols	100
yllcorner	0
NODATA_value	-9999
[rows 34 to 50 of 100, columns 0 to 36 of 100]
6.278687791629389281e-01 2.062786877916258277e+01 3.424116851171729081e+01 4.035620050475754539e+01 3.468301583284819145e+01 5.405247988153071503e+01 6.422764427740351323e+01 7.411840191576797565e+01 6.609059606858546942e+01 5.070435486888870003e+01 3.068347301844185182e+01 5.070435486888870003e+01 4.841920503043712642e+01 4.474228741129312681e+01 6.308358120444166417e+01 7.137378072711625521e+01 8.082854930686380612e+01 7.244265751149684718e+01 5.531955907072287459e+01 7.372032620106823231e+01 8.055402245132762573e+01 6.058501858584622823e+01 6.058339045497306330e+01 5.711096221583086674e+01 3.977568741876545744e+01 2.001830698920401730e+01 3.973072067329459145e+01 3.222643315258088137e+01 5.307633605406049071e+01 5.935142596496289968e+01 5.049444547240037906e+01 6.283658484101128039e+01 8.321682135766447175e+01 7.992092259579658275e+01 6.133155065996100319e+01 7.992092259574812374e+01 6.649388097266322006e+01
5.760807145981240440e-01 2.057608071459776866e+01 1.979952417598376613e+01 3.980149272024167573e+01 5.405247988153050187e+01 6.210353762222452900e+01 7.253132013802216704e+01 6.418564417608214967e+01 5.779716619600569061e+01 3.775800241068078833e+01 2.622626916429898714e+01 4.057033292218017095e+01 2.840842901058920944e+01 3.546484878381987471e+01 4.303036450264130508e+01 5.721877345143914084e+01 7.724247962245576105e+01 8.378403996772509288e+01 7.539038605006103921e+01 8.378403993078295287e+01 8.223409859135617239e+01 7.378708978650440997e+01 6.296577879018640544e+01 4.410475842860442697e+01 3.143594426682256326e+01 2.811680605985620929e+01 1.948073711722725321e+01 2.453598668600948685e+01 3.039579078694424652e+01 3.724978353360897643e+01 5.049444547240037906e+01 7.145028631862655288e+01 9.151270196578981597e+01 9.008778770310293282e+01 8.167462411114161114e+01 9.008778770310300388e+01 8.685105403194576468e+01
7.930105716671143057e-02 7.150368881928844900e+00 2.715113706286229700e+01 3.613040202482531527e+01 5.027516952366002556e+01 7.028520462930734425e+01 6.091023313460616606e+01 4.406558672257082776e+01 5.518077481081493829e+01 5.452338754508217278e+01 4.057033093580098893e+01 2.056357535783795853e+01 4.056549253915001430e+01 5.335689839072255580e+01 6.308358120444166417e+01 7.137378072532766282e+01 7.344466154750540454e+01 7.344466154744053199e+01 8.173722821487628210e+01 8.257923956055432768e+01 7.262708156042420171e+01 5.360893984732557982e+01 5.713760240228573650e+01 5.232692045515518942e+01 3.314795004614626350e+01 2.044528581017100066e+01 1.909844195400604505e+01 4.588987908247558778e+01 5.278416506661796603e+01 5.935142596496289968e+01 6.783944593537351864e+01 7.980572617276256153e+01 8.311165252673349357e+01 9.142486339520957017e+01 9.281237823479909821e+01 1.011272344562270717e+02 9.069505498424743450e+01
6.786017468061785740e-01 2.067858816738129590e+01 3.542459107406864405e+01 4.598243826113225197e+01 4.791074683398973377e+01 5.601929720450247885e+01 5.256932358918646742e+01 3.249254717505175449e+01 3.509500577752074690e+01 4.177070336515303950e+01 3.347687614441000648e+01 1.745144889219524842e+01 2.503723930394574992e+01 3.917842729387150058e+01 5.922007921764049598e+01 6.748882580038458912e+01 5.324042336334252923e+01 5.324042336334252923e+01 7.344466154744898745e+01 7.436550929726665515e+01 5.443028765598786123e+01 4.420381782317738129e+01 3.697328271170969316e+01 4.930542796205202194e+01 3.906889454081645852e+01 1.855093870098675168e+01 3.639250605933326455e+01 3.867354198664815357e+01 4.024513472824942539e+01 5.868194059474020463e+01 7.325721505212264617e+01 7.972088675962531568e+01 6.275609267716465922e+01 7.860937089701860714e+01 7.272629263122519205e+01 9.281237823479909821e+01 7.917206928822714929e+01
1.053273305859350195e-01 2.007537076201380444e+01 2.885069338320471388e+01 2.610370389950066183e+01 2.824222925388709271e+01 3.739679085111946222e+01 4.678260330157930724e+01 4.097799132202582229e+01 2.092420541816428425e+01 3.241859776876133026e+01 1.341131769623143200e+01 3.347689169753030569e+01 4.504766499554192194e+01 4.504843086762442539e+01 6.509555755120805998e+01 5.915810771876394369e+01 3.884724756255696576e+01 5.915810771876394369e+01 7.536514896062689672e+01 8.257923966690357531e+01 7.262707893901261968e+01 6.439789846226537406e+01 4.930583080279834718e+01 2.901381484452516801e+01 2.429586761523148652e+01 1.936683979228421038e+01 1.799999377514406262e+01 2.352252494647474279e+01 3.797179741584479018e+01 6.191713911926832736e+01 5.250391754928345023e+01 6.319151313147985860e+01 5.053534763837856758e+01 5.810325634162316533e+01 7.860937089701862135e+01 8.102717639332320232e+01 7.027459898511069980e+01
6.652624653148981881e-01 5.985005849513425069e-01 2.057314070475041845e+01 1.202804826555038709e+01 3.175111640714805006e+01 1.662480075136078383e+01 3.399396113757315163e+01 4.909120719142896405e+01 3.241859776876041366e+01 1.233968285907477913e+01 1.066041706496694630e+01 2.487924210967279848e+01 4.491123924890932528e+01 5.767001861314658839e+01 4.933965872741301695e+01 5.273524978568669752e+01 3.244346638189038856e+01 4.680359946281024008e+01 6.366107619698977516e+01 7.479416514857109632e+01 7.975287296751078259e+01 5.990123976971246123e+01 4.560455030000871091e+01 4.906219604921654565e+01 4.362964860390960098e+01 3.620696190523114666e+01 1.761462856407495536e+01 3.763936862221081725e+01 5.134263849760341003e+01 5.247643055543212398e+01 3.741274212483138939e+01 4.206998422928242576e+01 5.445373130863223565e+01 7.512754507445499996e+01 8.692676353873675055e+01 7.272061352522584343e+01 5.279997508127704720e+01
8.924248754756384239e-01 2.059252136836862235e+01 1.091946359353170637e+00 2.109151704956078177e+01 2.175484090167147855e+01 3.457958034416072302e+00 2.500172927338789819e+01 3.925626160062796544e+01 2.700430523424697782e+01 7.051795311183873594e+00 2.704820115160219274e+01 3.074606152886475741e+01 5.077328570387245321e+01 4.604097030003277524e+01 2.918449917496173640e+01 4.116771974030941550e+01 2.707046949496104560e+01 3.470977821452699175e+01 4.511056061395105132e+01 6.627713692869563999e+01 7.264222459738479643e+01 6.422791634551315099e+01 5.745391418083224266e+01 5.399958448145444123e+01 4.038910327463763394e+01 3.404109995930127752e+01 1.723188129690764114e+01 3.855102167150993608e+01 4.673802233652406812e+01 3.137760854622047546e+01 5.247642975271868693e+01 5.716115349409434288e+01 7.162627463279893902e+01 8.347357728403362387e+01 7.485359016648996544e+01 6.637152094497096755e+01 5.645548034583520547e+01
8.870506738290029336e-01 2.088704977574115418e+01 2.281122773420771743e+00 1.583931813940120614e+00 1.930435317352245495e+00 2.277309675191557581e+00 2.198443149744007385e+01 1.805232963915913658e+01 2.173840523830937244e+01 5.289451462081900424e+00 1.985223093869075939e+01 4.135643558775957729e+01 4.147051681900197906e+01 3.314642802865195392e+01 1.765804045653462850e+01 2.105343653552640149e+01 3.000150890306848694e+01 5.020549647415025163e+01 6.366107619698981779e+01 7.245025711952773406e+01 6.424489909079390770e+01 5.012949109195065489e+01 3.951148169200157412e+01 4.707217056297027113e+01 3.999326535096323454e+01 2.718668515920215611e+01 1.685191445071687255e+01 3.743033323607469498e+01 2.585394622410727195e+01 3.308714195701657701e+01 4.808261585469658428e+01 6.898407845832852558e+01 8.609139587491276302e+01 8.071714024513791230e+01 6.044959260638501064e+01 4.618482975270624280e+01 5.202725580613680734e+01
9.587146228554132010e-01 2.095871462285505871e+01 2.635824215945305227e+01 1.570001051510384649e+01 2.184286645935427984e+01 7.980967162396859216e+00 2.773337579685276388e+00 3.126985498479241343e+00 3.481060195710346861e+00 3.834474693665832046e+00 2.190614152660021929e+01 2.949078239229127973e+01 2.887556135427644932e+01 1.318177734587611205e+01 3.314642802865195392e+01 3.525142922798316647e+01 3.746215113856507628e+01 4.650047457808272355e+01 6.673407568987403238e+01 7.394327134435846460e+01 6.337605285016221757e+01 5.476273920778819360e+01 4.671343448764237394e+01 2.668870076238606970e+01 1.635290482553325475e+01 1.632272708312819276e+01 2.695697149511205737e+01 2.121305183498476410e+01 3.574212878626249079e+01 5.420451169802993974e+01 4.808261585352941836e+01 6.898407571258934468e+01 8.080396997270996451e+01 7.281719043600560326e+01 7.454053645697148056e+01 5.469943546342155116e+01 3.430683266422857969e+01
4.749594815986911134e-01 1.467061706227872442e+01 3.513236770100203188e+01 3.535547821133746282e+01 2.959325074854886850e+01 9.738627127789319715e+00 2.279336750434094228e+01 2.313544504404162794e+01 1.267821861441315967e+01 2.306392644808634174e+01 4.339719557761401170e+00 1.523032987188988585e+01 8.957224959979441792e+00 2.887556135427768922e+01 4.147051683535661937e+01 5.545090853410671627e+01 5.765560922495006224e+01 6.597870749719650973e+01 7.511762429178915568e+01 6.558027841106995481e+01 4.522201234399638281e+01 3.652882948993847378e+01 3.129175194966544993e+01 2.606156164304656997e+01 3.449806148051550991e+01 1.595197057800903728e+01 3.677088211534292128e+01 4.188555616496866207e+01 5.049128342260839730e+01 6.524044580092110834e+01 6.898407570877949979e+01 7.740711253125918745e+01 7.281719043604570629e+01 5.424811004633934886e+01 5.968686777199844329e+01 6.118920003322362788e+01 4.852016751847862253e+01
5.246131949027718067e-01 1.466674881863359658e+01 3.466674881863288249e+01 4.370811373852325232e+01 2.380852522028097340e+01 2.963823982382643152e+01 1.948568783360380507e+01 3.816748269916067926e+01 3.231183188932511996e+01 1.983956839030397745e+01 2.356983656021275664e+01 4.845334720641313986e+00 2.498412505961198349e+01 2.754867293686008978e+01 4.864733975257664866e+01 5.124894818966554055e+01 5.952197897417219963e+01 6.802416441968595961e+01 7.597245426269306279e+01 7.445316830449452539e+01 6.376836891021034859e+01 5.090584421419674044e+01 4.883888839364292522e+01 3.881108516120857388e+01 2.380063586711492718e+01 1.558426342282742993e+01 3.093043145355350987e+01 5.320820004694789418e+01 6.157686481975910198e+01 5.839584413235742488e+01 5.851413566927365650e+01 6.697133628090176671e+01 7.280279283105060983e+01 5.424773978195162272e+01 4.154523672608097939e+01 4.944950116361802372e+01 2.231804403906170720e+01
4.470077517107070575e-01 1.458914336461110217e+01 3.458912566741155104e+01 5.187533704963916392e+01 4.371088663012246656e+01 4.734533122370162772e+01 2.834236031402274492e+01 4.734532987851076768e+01 4.637373878772192626e+01 3.814752020122688947e+01 2.631170307672932296e+01 1.199628961614117628e+01 5.354678794394331476e+00 3.754505952154133297e+01 3.719131096714664864e+01 3.136844697465848242e+01 5.124894818966554766e+01 4.827660880912720387e+01 6.379853220659810376e+01 7.197657983324027953e+01 8.182746506600361158e+01 6.771541534833765752e+01 4.787106507687310852e+01 3.872471838560520041e+01 2.103934558210477235e+01 1.521862464948534388e+01 3.464082322042236939e+01 4.180906343632929634e+01 4.100180227263195576e+01 3.864731720487539945e+01 3.865144884441491513e+01 5.852488126323299156e+01 7.396478707812285336e+01 5.510314899606655814e+01 4.180004624101308508e+01 3.206947764986436056e+01 4.088440719234156973e+01
2.599182575669619633e-01 2.025991825756660702e+01 3.334316401634424665e+01 4.162743893280782004e+01 5.162743772726021518e+01 5.613932350431363716e+01 4.224411396810618413e+01 5.613931342249013312e+01 4.314739855514589806e+01 3.475099102994937539e+01 2.566056607806243761e+01 5.863767395705214547e+00 2.548261878359130606e+01 3.170958434190209374e+01 1.738788862370948962e+01 3.719131096714664864e+01 4.840844181653721989e+01 3.700122036078276011e+01 4.432163910723423328e+01 5.732179284401409092e+01 7.590177471792131314e+01 6.165840726572491803e+01 4.216016381598711149e+01 2.977808713868739332e+01 3.847870103776453021e+01 3.355227336486363754e+01 1.470612052389227209e+01 2.084254576967352079e+01 3.081308625825358405e+01 2.566280113309249700e+01 3.865038574793749859e+01 5.849847052698570593e+01 7.387404320397708091e+01 5.647408365158562304e+01 4.773410635561204884e+01 2.639137628952859416e+01 3.513403193457496343e+01
3.519420047721200095e-01 6.676497325108905478e+00 1.334316399177563106e+01 2.334316399177580692e+01 3.748529961563732371e+01 5.748529997405900360e+01 6.198828550691148109e+01 4.898251030972338782e+01 2.899833782201800148e+01 1.495836297843005447e+01 7.077214815665239023e+00 6.224733882311245914e+00 2.601676384257040198e+01 1.192120436642679060e+01 3.171465519882140427e+01 2.383023140990574973e+01 2.864420745276545688e+01 4.840844181653721989e+01 6.379853593043718263e+01 7.197657983324049269e+01 6.593075445690151071e+01 6.326523180585764550e+01 5.622699583765044196e+01 4.787054417636377224e+01 5.496691159153781570e+01 3.923560437379050114e+01 1.434853945060429226e+01 2.238109465650874697e+01 1.942106314290170488e+01 3.678857493806001600e+01 4.081325196880785455e+01 6.070462287485674580e+01 6.916913424599287907e+01 5.136614506260763591e+01 3.836771697470184250e+01 3.994955021996607059e+01 1.949260330341409642e+01
2.695761837762450375e-01 2.026957618377588943e+01 3.334316401634424665e+01 4.162743893280777030e+01 4.882557596108663489e+01 5.711047278007070815e+01 6.316192538845313464e+01 4.310876831986843172e+01 2.899833708521518005e+01 3.404226825212428764e+01 1.408560143671286014e+01 2.594830519759249654e+01 6.735172598024178114e+00 2.652182706887105113e+01 3.311319668820594586e+01 4.169336058717625804e+01 4.840844160179219102e+01 4.840749670032997187e+01 6.827835735843997611e+01 6.007103724008924672e+01 4.585482038221011436e+01 4.320200269356121936e+01 5.741033219005428379e+01 5.791475206134369103e+01 4.944902386248937631e+01 4.126241161497836174e+01 3.322087333308741108e+01 1.384660710640917713e+01 2.788675013915358747e+01 4.491036212130504168e+01 6.070462287485674580e+01 6.257577046234430185e+01 6.827011076949548851e+01 5.864401307782460293e+01 4.287228831298266840e+01 3.042227064506555223e+01 1.898715556897022694e+01
4.879649418637075353e-01 1.463010056559453176e+01 3.463010056559382122e+01 3.617643977495937690e+01 2.882554702998155705e+01 4.296768344294181929e+01 6.296787227388202979e+01 5.729484900027963334e+01 4.471363703267775236e+01 2.476398940947576222e+01 3.405011560239349677e+01 3.474301073870934431e+01 2.649422345847589000e+01 7.248398076841120918e+00 2.049794024243328394e+01 3.224962437836141049e+01 4.678007032450874192e+01 6.167067639036468307e+01 6.677470075031422425e+01 5.173492182835371267e+01 3.174629357733941504e+01 2.910762179351259249e+01 4.738579304740624565e+01 4.631640618457147696e+01 2.917947589950592402e+01 3.176013918197357455e+01 1.334916794027916254e+01 1.447296470146100944e+01 3.661261517586217451e+01 5.616171541165627445e+01 5.684340764577630978e+01 4.305274858889540468e+01 4.876987533784890161e+01 5.772098135165136057e+01 4.483752299179920442e+01 3.720565087590447462e+01 1.848657134619221054e+01
9.938951651180888414e-01 2.099389516511773479e+01 2.968758096473339236e+01 1.617643637890239106e+01 3.617643977495937690e+01 4.470447095374215252e+01 6.470453448358092885e+01 5.886461631892561996e+01 3.885210949146760839e+01 4.471363703266236200e+01 4.670228308098455017e+01 3.253295987920356680e+01 1.261219378665476043e+01 2.703816744658163529e+01 7.764473146380154844e+00 1.124214479755724660e+01 3.611663075247576415e+01 4.223877243626659350e+01 4.786311630264321337e+01 5.374185056445318764e+01 3.325641626865487410e+01 1.924768608619733001e+01 3.143081221512267831e+01 2.602611906228051808e+01 3.147948639207839960e+01 1.285408095761540892e+01 2.994365699167490646e+01 3.638814304929825028e+01 4.063920652439230707e+01 4.158377305532290080e+01 4.561782810548841383e+01 2.873937406423469554e+01 3.802227409245868017e+01 3.736797870184370396e+01 3.742206494656335991e+01 1.779028512971652276e+01 2.674942093097271467e+01
