LEM_wLE/output/LEM_wLE_example/elevation_000009.asc
nrows	100
cellsize	150.0
xllcorner	0
ncols	100
yllcorner	0
NODATA_value	-9999
[rows 17 to 33 of 100, columns 0 to 36 of 100]
4.336683913182175498e-01 8.598634200595549615e+00 1.859863420059572547e+01 3.274076982446985795e+01 5.274077037102254906e+01 5.090032307648302634e+01 3.088515959910506581e+01 1.932883127362818243e+01 3.934456303586342329e+01 4.758301980937547171e+01 5.185932996970270636e+01 6.015213045968577177e+01 6.291301414644903645e+01 7.119796943792678690e+01 6.731837330465727121e+01 4.725760930323840370e+01 6.731837330465727121e+01 6.765470830291467053e+01 6.765470830291467053e+01 6.695308917568958407e+01 8.114928025115106891e+01 1.013492420536078669e+02 8.846902169341608158e+01 7.022259213629048702e+01 8.846902169341608158e+01 8.849362929529935684e+01 7.438526272121798399e+01 6.510303006296010153e+01 8.340434603199992125e+01 8.707665170316278136e+01 6.713036291378766407e+01 5.888869925760808854e+01 4.491582014856945193e+01 6.240772544871872896e+01 5.655347339274416640e+01 7.654114025500514629e+01 6.522386927898811848e+01
5.385724909496417689e-01 2.053857249094928505e+01 3.382109979803774991e+01 4.210537104549935350e+01 5.210537104549953114e+01 5.918730477186425531e+01 4.545773167478001398e+01 2.565793444409087698e+01 2.350373951970357567e+01 2.758958570276248423e+01 3.185521086076002462e+01 5.186276916850337670e+01 6.682234672963873834e+01 7.837680167323163971e+01 7.567613556166044475e+01 6.143217353671000325e+01 6.143217353671000325e+01 8.152891661527303313e+01 8.778667215764622256e+01 8.706571208338144174e+01 9.547146200804715477e+01 9.207326008397483008e+01 8.021771855355206071e+01 6.010262647592027463e+01 8.021771855355206071e+01 8.024081267731118317e+01 6.008864102855018530e+01 5.491606387359251329e+01 7.513901869873414796e+01 8.680733816028194383e+01 8.694220167971718638e+01 7.300919867233946547e+01 6.240772544871872896e+01 4.257302414802052226e+01 6.240771667662437494e+01 7.329814990527930263e+01 6.008217435764841952e+01
8.336531950628578436e-02 6.750031986172923659e+00 1.382109979803846045e+01 2.382109979803863808e+01 4.382109979803792754e+01 5.598426889565978115e+01 3.629092102114859131e+01 4.545773167494929368e+01 4.351245901281596673e+01 2.983234927625572297e+01 4.983917180672005998e+01 3.852301579082903515e+01 5.007428280545043719e+01 7.008698466065419552e+01 8.467886866846058069e+01 8.152891661527303313e+01 8.152891661527303313e+01 8.992009758661096441e+01 9.297607112823601483e+01 9.144003522993106969e+01 9.725569483650146196e+01 8.382081472170776237e+01 6.371822787224431295e+01 5.326281441680938400e+01 7.351268786100810360e+01 8.202342835480258998e+01 6.749546023556001728e+01 4.714879220630532330e+01 5.835275975981478780e+01 7.854259011761628528e+01 8.495986807425877885e+01 6.489347250385191046e+01 5.082321178583102750e+01 4.093831465614034926e+01 6.079698500913842452e+01 5.327578598150915923e+01 5.327627610177126627e+01
4.524162703296725763e-01 1.045241627032958576e+01 3.045241627032923049e+01 4.210537104549935350e+01 5.210537104549953114e+01 6.422962396078014535e+01 5.019968087701332138e+01 5.598426889565978115e+01 5.812582052880878081e+01 4.397896190900774371e+01 3.713728015122669035e+01 5.714493404810390587e+01 4.637007385745111776e+01 5.637473435470658245e+01 7.052719043038422342e+01 9.054121974799480199e+01 9.705167579360028185e+01 8.710064423001368539e+01 7.300860406334594188e+01 7.145903957539746898e+01 7.731133770775144853e+01 8.163807310643476001e+01 6.151246804401889534e+01 4.700310566821096359e+01 6.740712129131820518e+01 7.374871477573390166e+01 5.349916710690526855e+01 4.173297290657087899e+01 6.205763297852364246e+01 7.184194760846067140e+01 8.008203532252134949e+01 7.907193844233816549e+01 5.921531774656223490e+01 3.931966677396276566e+01 5.699791045138894674e+01 5.327447695734530697e+01 3.319735473581763330e+01
4.402443450947634007e-01 2.044024434509440979e+01 3.045241627032923049e+01 5.045241627032851994e+01 4.785161837140638141e+01 5.613588961886798501e+01 6.994949974301695761e+01 7.581330951152864372e+01 7.227267914860982501e+01 6.269435443210610970e+01 4.268563468848113729e+01 6.269435443210610970e+01 6.638194912667624692e+01 5.706567029019029036e+01 7.121819850805388796e+01 9.123206868955203674e+01 8.466280342364970579e+01 6.878357724404555995e+01 5.871021472455795021e+01 5.714037537824279411e+01 7.657210622642936926e+01 7.816467753503160054e+01 6.259784868780640466e+01 4.207506620614691428e+01 6.259784868780640466e+01 7.204210415250651067e+01 5.179381193045197307e+01 3.759097082931133116e+01 5.772439941484492465e+01 5.230339902190328871e+01 6.901531733818183056e+01 8.390529940721923197e+01 6.055641685990779166e+01 4.493825478925540295e+01 3.702962463610626287e+01 3.544043345944753298e+01 5.327627610767031285e+01
4.237187090225543740e-01 2.042371870902220010e+01 2.978716004491310088e+01 3.370948274767567909e+01 2.785161837140709196e+01 4.785161837140638141e+01 5.537614941434179627e+01 6.366042066180339987e+01 7.366042066180204984e+01 7.098035871562046850e+01 5.423751958857616273e+01 5.423751958857616273e+01 7.424660566397741945e+01 6.862103175229809437e+01 8.536980238535977605e+01 8.796648006118049068e+01 6.795535431051627029e+01 5.622736044168733827e+01 4.842562725415866254e+01 4.792136954603321186e+01 6.829060911966681147e+01 6.987326310862859202e+01 4.951499302028182825e+01 3.751030312922006260e+01 5.811941039288650757e+01 6.904139102046489995e+01 5.377590807396219219e+01 3.395745096615824821e+01 3.886196675139922974e+01 4.866850226742602814e+01 6.317419190831149933e+01 8.452379497867818259e+01 7.626106359630233555e+01 6.370664838395135376e+01 5.699813998789033320e+01 5.543567372476945820e+01 5.089035812860880981e+01
9.142864485297492738e-01 2.091428644852939556e+01 9.787160044912743828e+00 1.370948274767639141e+01 3.370948274767567909e+01 4.537614941434214444e+01 3.537614941434250682e+01 4.537614941434215154e+01 6.537614941434073046e+01 8.253120908238197728e+01 7.424660566397741945e+01 7.424660566397741945e+01 7.057598205563060390e+01 8.863546213631886417e+01 9.692474488595465232e+01 9.618923829241494161e+01 8.466280342364970579e+01 7.641305122224696333e+01 6.108899540459201205e+01 4.056854096416642363e+01 5.516525045705542141e+01 6.352230182134994152e+01 5.407763192768796756e+01 3.341821032698622673e+01 4.864948758326912781e+01 4.864948750409467948e+01 5.003057002376024798e+01 3.054258171010822664e+01 5.003057071028791114e+01 6.708781472015192548e+01 7.752915115433269477e+01 7.379010160708503463e+01 7.845683355070738685e+01 7.306053780394850605e+01 6.057007738954585818e+01 5.048284601452613174e+01 3.366332459442492819e+01
9.064013007315497861e-01 4.441935206664302527e+00 1.858407083039500307e+01 3.370948274767567909e+01 2.037614941434294380e+01 2.537614941434285498e+01 4.537614941434214444e+01 6.366042066180339987e+01 7.366042066180204984e+01 7.103900368556163869e+01 6.955616597168440762e+01 7.779404274606552860e+01 9.057900775893422463e+01 9.886235290893472438e+01 9.503613265484941053e+01 8.350437637308318983e+01 7.525168302705192502e+01 6.810823837887167542e+01 6.196573533029838643e+01 5.516525045705542141e+01 3.463470648038575206e+01 5.516525045705542141e+01 6.211000392983092411e+01 4.830915695525184361e+01 2.797298041228164323e+01 4.365368152835990401e+01 4.295112792618805031e+01 2.768287352208956165e+01 4.115004260246017509e+01 6.113384974045280273e+01 6.775700824522796495e+01 5.307018014763066560e+01 6.748534733123300100e+01 5.487569591456856699e+01 5.207503698411031934e+01 2.792376333379134223e+01 2.549195768854113808e+01
3.063610709598194592e-01 2.030636107095946485e+01 3.272620645412519735e+01 4.686834207785589967e+01 4.037614941434222970e+01 3.951828503807330861e+01 4.170608103289679747e+01 6.170608103289608692e+01 6.523799522757484226e+01 5.119804042592979698e+01 4.971786696600273103e+01 6.373827121541445706e+01 8.360180639673062331e+01 8.491964356709858919e+01 8.681163079730009713e+01 6.678921392638768850e+01 5.504697042001578211e+01 4.773586049313993129e+01 4.146171979094092563e+01 3.595387658222143301e+01 3.099268332733692333e+01 4.710744131651903643e+01 5.549221021878835813e+01 5.313993552340011917e+01 4.230673228987200929e+01 2.303480841601535190e+01 2.370484810397652353e+01 4.293875735144120398e+01 5.514930398219851071e+01 6.206735001203654178e+01 5.416735270458053009e+01 3.874491247220374390e+01 5.486424255847875742e+01 5.693833757507278648e+01 3.864952792685767236e+01 4.523022972254943852e+01 2.506935618276071054e+01
2.739570439748240105e-02 2.002739570439712580e+01 2.406505488930423198e+01 3.820719051303468206e+01 5.820719051303397151e+01 5.951828503807259807e+01 6.170608103289608692e+01 5.678888827959396934e+01 4.856919957610170968e+01 3.721547766753758424e+01 5.119804042592979698e+01 7.103900368556163869e+01 6.894783824291687324e+01 6.535825690944224675e+01 8.491964356709858919e+01 8.350437637308318983e+01 7.525168302705192502e+01 6.810823837887167542e+01 6.196573533029834380e+01 5.648580667305801484e+01 4.113614539953085369e+01 2.717513720337563754e+01 4.319839486945044627e+01 4.388303720499477123e+01 1.964507047505838955e+01 1.970146488031477006e+01 2.963879001077510367e+01 4.094772110237496321e+01 4.502901160130378599e+01 4.267662534236801264e+01 3.390692225736291476e+01 3.387565394337541846e+01 2.672862478572437794e+01 4.487857682766876621e+01 4.461987084592316677e+01 2.448005268477509944e+01 2.746515554194156650e+01
1.758338105654860817e-01 7.735123270749997282e+00 2.187725889448120142e+01 4.187725889448049088e+01 4.952607672600480271e+01 4.807209780645419528e+01 4.956369637407876638e+01 4.135264109391913934e+01 2.880584023390327886e+01 4.856919957603565763e+01 5.474158639333205656e+01 5.980220679773335490e+01 4.954702420355024373e+01 6.069790642212123544e+01 8.021745468961341885e+01 9.040712453730333209e+01 7.070690769918488172e+01 7.070690769918488172e+01 7.885280992718705306e+01 6.984827503776747903e+01 5.549221021864649828e+01 4.319839486945044627e+01 2.386877354816897423e+01 3.832179609203884496e+01 1.914739574753109252e+01 3.966075245057513143e+01 2.028743820678417009e+01 2.070869085245810481e+01 2.112806988532273067e+01 2.154369585935385345e+01 2.195427468408103522e+01 2.235995428418912923e+01 2.276275267442671790e+01 3.178304847377738795e+01 2.390247466037984836e+01 4.461473971926878335e+01 5.142439900292522026e+01
4.683972685643240652e-01 2.046839726856396879e+01 3.601939451821089477e+01 4.043048363923941224e+01 2.659807736859187699e+01 2.819063887406391089e+01 3.684717586418258861e+01 2.155199778054738147e+01 2.601137723227681064e+01 3.053616288489709873e+01 3.527498202508379421e+01 4.045886797074797414e+01 5.980220679773335490e+01 7.708385361455718510e+01 8.838848496777612240e+01 8.465422122131198535e+01 6.492974127965005948e+01 5.108554385565454226e+01 6.021884756150994633e+01 6.835776983947535257e+01 5.868769758166492068e+01 3.923058847309784625e+01 2.769945133210756083e+01 2.063019063919459128e+01 1.875317256667176835e+01 4.510753147670784102e+01 4.195110358536933859e+01 2.895089062276556291e+01 2.633857281535886585e+01 4.057684984507562831e+01 4.263052150149390229e+01 4.324881911908811105e+01 2.392260940112148759e+01 2.333276733359651445e+01 3.805092592259448736e+01 3.423078740282354460e+01 4.883731162568373918e+01
2.051881798473268459e-01 2.020518817984697080e+01 2.543310873245699000e+01 2.644821230377474564e+01 1.147285450302451082e+01 1.413626473789924809e+01 1.692917129043459212e+01 2.435904427567472297e+01 4.397912714299419434e+01 5.010336816183544073e+01 5.474158639333205656e+01 5.980220679773335490e+01 6.261132220677279747e+01 7.287257682464951358e+01 8.478938617063909078e+01 8.348001995754096072e+01 6.418470516328760311e+01 5.041038308683870639e+01 4.097099934727662429e+01 5.320001933437689701e+01 6.130805878459841551e+01 5.080391558416360454e+01 3.490721828072297939e+01 1.819816642910003424e+01 3.492618176713192923e+01 4.975132615765679844e+01 4.545998593730568871e+01 4.552362469977462922e+01 3.619945347596227236e+01 3.420635876184530844e+01 5.148756582013425032e+01 5.050646023517546723e+01 2.767509308813608015e+01 4.602189918441199268e+01 5.198912287559522838e+01 5.478265627368048030e+01 4.883731256216886862e+01
8.187695587851057111e-01 3.128167551314783523e+00 5.453089471600883087e+00 7.826493838423328242e+00 2.185954953951813451e+01 2.746288491914961938e+01 2.479500226897912540e+01 4.327575296362791590e+01 3.676856081660503150e+01 5.044170105577142493e+01 6.892780499400876693e+01 7.124821644497829709e+01 6.235909588156173555e+01 5.232782236895533856e+01 6.864031541173605433e+01 7.964231437829532467e+01 7.800496664553352844e+01 6.835776341252112331e+01 5.320001933437689701e+01 3.430140341515406277e+01 4.707526069736226049e+01 5.481279893214413335e+01 3.825966577094995813e+01 1.781047645456622419e+01 2.615953631967334303e+01 5.057699946683603542e+01 6.482489620457626245e+01 6.404874599589531670e+01 5.524696947502477684e+01 4.061922403631475476e+01 5.832314463172587438e+01 5.862977540181746150e+01 3.756885082416077637e+01 3.374067519966666850e+01 5.599507522826594652e+01 6.966061239051694542e+01 6.919745810682876197e+01
2.311624522989861319e-01 2.023116245229862997e+01 2.543310873245699000e+01 1.976755333705444073e+01 1.880935046192998783e+01 2.627430156032161079e+01 3.468326513727313909e+01 5.049136961046110628e+01 5.615047812751653566e+01 6.414610290518203328e+01 6.290362077594433288e+01 5.419283674623996916e+01 4.212718726086326626e+01 4.020010485039787085e+01 4.969410106135022431e+01 7.061361450520540473e+01 7.751025510927769346e+01 5.795705179848889799e+01 4.450736375434235725e+01 4.707526150661068698e+01 2.838699432817003299e+01 4.648284592706669116e+01 3.747629451862424332e+01 1.742164570106434596e+01 3.496139138909103394e+01 5.236361012021994554e+01 7.018969854850638512e+01 7.845606183793275079e+01 6.699429768393314077e+01 5.102484244820291082e+01 6.663527330301684515e+01 6.740270021233625641e+01 4.884092299878800958e+01 5.599507522826594652e+01 4.003014515072950275e+01 6.143084116386157945e+01 7.640172630563786527e+01
9.845726073866658545e-01 7.305943147529123216e+00 2.720692542186728247e+01 3.896228267495658315e+01 4.091929156133860346e+01 4.843680613009794200e+01 4.456690924961380063e+01 5.916391173911078027e+01 5.712441178975605283e+01 4.903441130750984911e+01 5.103959815389053745e+01 3.538989385752287120e+01 3.161253983324435168e+01 4.446292044092596996e+01 6.365449404181811133e+01 7.876764653928618998e+01 7.430444434763269612e+01 6.452693643937628565e+01 4.802635176105178516e+01 2.952603557997791839e+01 2.483097083521521498e+01 3.826112273575401446e+01 2.449759108716520473e+01 1.703159954868387160e+01 4.180434294349934277e+01 5.585536812257775097e+01 4.991760070215189415e+01 7.018893182379888174e+01 7.413883584806349347e+01 7.000174071990169011e+01 7.819838308551544515e+01 7.755445050047808309e+01 6.349639052596268129e+01 6.790646838415997877e+01 4.742873708983195513e+01 4.779978486422626105e+01 5.991180167486994890e+01
3.295302290958179725e-02 2.003295302290922564e+01 1.723554523578248876e+01 2.603958496390789890e+01 3.990346959852623598e+01 5.966451701792739470e+01 6.359793685127798568e+01 6.318424554803894466e+01 4.366405552015169178e+01 3.093241754180950664e+01 3.748707498255060244e+01 2.509860658768425523e+01 4.310382554834303903e+01 5.477049951289821195e+01 6.239230688810325631e+01 7.277494960338698604e+01 6.588544401778013082e+01 4.857106248709026630e+01 3.805389478452067920e+01 4.661404231539155774e+01 2.850072293769667198e+01 2.135199149834184595e+01 2.254585298934916793e+01 1.664087575650891893e+01 4.241808205450490732e+01 3.530252191378345117e+01 5.585536812257970496e+01 6.818408328139918240e+01 5.398981817867327493e+01 6.818423753558070644e+01 6.774764078305653925e+01 7.617851012745681771e+01 8.339331258868735119e+01 7.492558784350525514e+01 5.507251997285962375e+01 6.824631538555158272e+01 5.653070689818538597e+01
