LEM_wLE/output/LEM_wLE_example/elevation_000007.asc
nrows	100
cellsize	150.0
xllcorner	0
ncols	100
yllcorner	0
NODATA_value	-9999
[rows 17 to 33 of 100, columns 0 to 36 of 100]
4.336683913182175498e-01 9.377940301317297056e+00 2.092494568510960917e+01 4.092494562697530114e+01 5.665520602382438398e+01 4.769418292271481619e+01 3.108520675677996081e+01 1.718110205750801001e+01 3.718772299669942782e+01 4.541640973494973821e+01 4.969789415433974966e+01 5.799098398131501853e+01 6.372733607188882843e+01 7.200486183959117170e+01 6.862937426303524546e+01 4.960870930166058201e+01 6.862937426303524546e+01 6.884495531759428388e+01 6.884495531759428388e+01 6.804111269231694337e+01 8.185837387590657954e+01 1.017621200853201344e+02 9.184833800104473767e+01 7.346776616140435578e+01 9.184833800104473767e+01 9.486537921587795097e+01 8.064042396855711559e+01 7.137783488443309921e+01 8.975040248158175871e+01 8.221127861891685029e+01 6.156791734598879628e+01 6.314477747851145750e+01 4.249149748872178378e+01 6.249852450519804847e+01 5.635591749957811203e+01 7.732809036588024298e+01 6.877813093721434257e+01
5.385724909496417689e-01 2.053857249094928505e+01 3.382109979803774991e+01 4.210537104549935350e+01 5.210537104549953114e+01 5.775565048597818674e+01 4.225239418995339236e+01 2.180941855858460698e+01 2.130533398775311937e+01 2.534814464394883160e+01 2.961847540496434306e+01 4.969798601249964776e+01 6.467034965468486973e+01 7.622750761766940286e+01 7.679451138399318211e+01 6.292643138954730375e+01 6.292643138954729665e+01 8.239749629364898453e+01 8.843702000496145388e+01 8.768804616962779619e+01 9.598422384982808353e+01 9.548327858394902989e+01 8.350443443078174255e+01 6.314061106946431323e+01 8.350443443078174255e+01 8.652127871602303344e+01 6.626495047103054503e+01 6.103122202565121057e+01 8.141402860660925001e+01 9.060735020861636713e+01 8.206883594361119094e+01 7.309536301193611507e+01 6.249852450519804847e+01 3.963198136483524792e+01 6.249849326734992161e+01 7.573368272734779794e+01 6.287372428525268475e+01
8.336531950628578436e-02 6.750031986172923659e+00 1.382109979803846045e+01 2.382109979803863808e+01 4.382109979803792754e+01 5.376463519798889479e+01 3.238869723544969759e+01 4.233871574416653516e+01 4.132045172422289170e+01 2.759770231302915988e+01 4.766688204521189220e+01 3.633216982681086904e+01 4.791836773161391960e+01 6.794091971703569754e+01 8.252917596187872107e+01 8.239749629364898453e+01 8.239749629364898453e+01 9.066259137843898941e+01 9.583206220043773271e+01 9.446088920266480216e+01 1.003630270329895211e+02 8.711990760686188651e+01 6.666782206279906120e+01 5.583620559889426005e+01 7.671649331034251418e+01 8.867222866610133281e+01 7.371005185878757970e+01 5.275395502289682526e+01 6.778260958887072718e+01 8.802016337700264614e+01 8.589515342588519786e+01 6.555881727718296759e+01 4.998687232490478038e+01 3.774106580651542941e+01 5.830665738771145357e+01 5.243655082640168530e+01 5.193173182877173133e+01
4.524162703296725763e-01 1.045241627032958576e+01 3.045241627032923049e+01 4.210537104549935350e+01 5.210537104549953114e+01 6.218391469462406462e+01 4.773757227229638289e+01 5.376463519798890189e+01 5.596154527921456889e+01 4.179701971199988719e+01 3.493379709838877289e+01 5.499058557437307826e+01 4.420967905319903934e+01 5.422763997148756943e+01 6.838451405558623719e+01 8.838974343764537878e+01 9.986924664375561633e+01 8.992954199374800339e+01 7.583954971597280803e+01 7.429096575317348083e+01 8.019859955551591213e+01 8.491507507319516890e+01 6.441714495636020388e+01 4.885787639735454491e+01 7.042084968729321304e+01 8.031091183924820598e+01 5.960820885210196707e+01 4.693484388765228488e+01 6.847102764981454470e+01 7.906404008824999607e+01 8.745964972880534560e+01 7.986743169577370338e+01 6.922507641961125557e+01 5.201735956116116455e+01 3.522283261667654841e+01 3.358269701711182620e+01 3.200820506952403832e+01
4.402443450947634007e-01 2.044024434509440979e+01 3.045241627032923049e+01 5.045241627032851994e+01 4.785161837137709284e+01 5.613588960752126411e+01 6.831525225447167315e+01 7.420446013762314408e+01 7.012607084642930033e+01 6.054766671557626267e+01 4.051132809552038339e+01 6.054766671557626267e+01 6.423577502694331542e+01 5.491890518080685268e+01 6.907538606268306580e+01 8.908009597960392512e+01 8.748578617613802066e+01 7.142218772889748379e+01 6.114915440807928348e+01 5.951238160173846126e+01 7.939572428450364328e+01 8.130553477784425809e+01 6.533840814200652858e+01 4.321022196264522819e+01 6.533840814200652858e+01 7.843711937848004823e+01 5.746010498957247847e+01 4.128662498219165400e+01 6.360413025503573436e+01 5.809657482689010521e+01 7.310844018529890320e+01 9.344213014602223666e+01 8.156880558936774150e+01 6.676241711609696949e+01 4.913715940851938058e+01 5.661046891278861182e+01 5.494098792954549992e+01
4.237187090225543740e-01 2.042371870886212193e+01 2.978716004503150927e+01 3.370948274766758601e+01 2.785161837140709196e+01 4.785161837137709284e+01 5.537614941430731363e+01 6.366042064785457200e+01 7.366042064022502700e+01 6.883552569542270305e+01 5.208691576031620230e+01 5.208691576031620230e+01 7.210526745555507944e+01 6.647887424279919344e+01 8.321980763542298121e+01 9.083696262479237760e+01 7.074980672953581973e+01 5.855660908870493842e+01 5.000501619798398423e+01 4.945089025468671196e+01 7.094188236483203980e+01 7.287237012602930974e+01 5.145949695947706459e+01 3.800263075292907189e+01 6.050964203919703266e+01 7.119489157308723293e+01 5.914062920046688987e+01 3.652955092300646101e+01 4.377518572311221590e+01 5.968141961470538348e+01 8.058196818966084152e+01 8.862656439304541323e+01 8.028824379303721059e+01 7.881129597638997097e+01 7.062392477493301612e+01 6.261488745945635515e+01 5.297159009900798310e+01
9.142864485297492738e-01 2.091428644852939556e+01 9.787160044912743828e+00 1.370948274767639141e+01 3.370948274766758601e+01 4.537614941432525484e+01 3.537614941434250682e+01 4.537614941434215154e+01 6.537614941427176518e+01 8.039035733082795332e+01 7.210526745555507944e+01 7.210526745555507944e+01 6.843429083886807973e+01 8.648540703454489176e+01 9.476934323991713427e+01 9.903190406343500740e+01 8.748578617613802066e+01 7.923963776141204107e+01 6.333859804636114887e+01 4.109841093239288767e+01 5.691840903782255623e+01 6.557145984727742416e+01 5.609565397222268501e+01 3.346345628590002264e+01 5.015214768028851466e+01 4.951801546933497633e+01 4.951801546935456599e+01 3.211605862675127554e+01 5.478912515708039876e+01 6.212178821949471796e+01 6.359653086048948012e+01 7.252848153303899892e+01 5.930869605078364515e+01 6.315865967293046879e+01 7.063843277919900743e+01 5.274669590743748415e+01 3.046132372800141752e+01
9.064013007315497861e-01 4.441935206664302527e+00 1.858407083039500307e+01 3.370948274745992279e+01 2.037614941434294380e+01 2.537614941434285498e+01 4.537614941432525484e+01 6.366042064785464305e+01 7.366042064022502700e+01 7.058418803373642447e+01 6.907942454350096284e+01 7.743424660040739127e+01 8.843924025750024498e+01 9.672264788818101522e+01 9.801403411711781644e+01 8.640375606831909749e+01 7.809983209540459370e+01 7.075396603636765747e+01 6.427369308532684045e+01 5.691840903782255623e+01 3.428785990371952863e+01 5.691840903782255623e+01 6.480560767969909364e+01 5.015214768028848624e+01 2.759655323270322569e+01 4.459934367523266019e+01 2.697679225848513695e+01 4.951801546935300991e+01 5.500996392427363446e+01 3.959752319197706782e+01 3.992146869945493393e+01 6.252196337428029693e+01 6.315823593344450870e+01 4.058960744286117261e+01 5.012768345798744463e+01 3.994780261481464834e+01 2.468125020293278027e+01
3.063610709598194592e-01 2.030636107095946485e+01 3.272620627633916968e+01 4.686834125831761355e+01 4.037614941432976678e+01 3.951828503807330861e+01 4.170608103289679747e+01 6.170608103280183343e+01 6.471170031386732546e+01 5.048381854826446613e+01 4.898576825681637104e+01 6.317550428483953340e+01 8.333274890313062144e+01 8.313972444520192084e+01 8.974527375264641194e+01 6.957477712572433859e+01 5.732258527927234582e+01 4.926133211867617234e+01 4.212366824478930027e+01 3.580253322298217000e+01 3.005936896089610855e+01 4.799178301438920613e+01 5.683339529877898855e+01 5.898403895686644915e+01 4.459933010351190319e+01 2.226914796308371081e+01 4.106769776748651424e+01 4.153505032470292235e+01 4.176271157509964382e+01 2.508077491365632028e+01 4.159716971828512300e+01 5.949117898624824363e+01 6.886018660352802101e+01 5.012792775350163055e+01 2.652573130147458258e+01 2.405085458538467691e+01 4.643981066310900019e+01
2.739570439748240105e-02 2.002739570439712580e+01 2.406505488930423198e+01 3.820719051303468206e+01 5.820719051303397151e+01 5.951828503801327486e+01 6.170608103280183343e+01 5.615315540654582094e+01 4.782392243683406008e+01 3.632621810487491842e+01 5.048381854826446613e+01 7.058418803373642447e+01 6.705683254421849426e+01 6.344228507232723047e+01 8.313972444520192084e+01 8.640375606831909749e+01 7.809983209540459370e+01 7.075396603636765747e+01 6.427367603859086387e+01 5.835384948619259404e+01 4.153515836908975700e+01 2.542902922412796229e+01 4.356686304028374224e+01 4.626460310339729176e+01 3.999376435338444224e+01 2.933703603796789494e+01 1.885158322624208083e+01 1.926767310734913607e+01 1.969207271734244458e+01 2.012559153369207721e+01 4.240547149506480196e+01 3.773942205534773109e+01 6.037426321160079112e+01 5.414090703156242768e+01 4.531090347885382386e+01 2.360176616415468231e+01 4.597128519720757822e+01
1.758338105654860817e-01 7.735123270749997282e+00 2.187725889448120142e+01 4.187725889448049088e+01 5.341879657058569819e+01 4.755762062217529262e+01 4.887677632414026618e+01 4.069120060709931153e+01 2.779776325977819695e+01 4.779022735315527370e+01 5.302839595258502214e+01 5.771671685657751993e+01 4.724345512482504716e+01 5.872537724366053169e+01 7.843781213527529417e+01 8.702206089620810303e+01 6.729577061709440500e+01 6.729577061709440500e+01 7.544481671236449927e+01 7.213123656221085866e+01 5.683319367703919767e+01 4.356686302643749542e+01 2.121622558356487787e+01 2.127151416011430030e+01 1.788516591361392116e+01 1.828149702879925087e+01 3.901528041510594846e+01 3.573579528369610614e+01 4.195400428449714525e+01 4.228090411235747581e+01 2.075596267886531621e+01 4.286512468700226464e+01 4.414903100698045080e+01 4.463686905940596716e+01 2.296072762852066518e+01 3.306455921644576534e+01 4.454022985800575185e+01
4.683972685643240652e-01 2.046839726856396879e+01 3.601939451821089477e+01 4.157829700566188791e+01 3.341121735647723767e+01 2.755158549349318520e+01 3.598538991107488272e+01 2.049477080913868576e+01 2.457725511887434422e+01 2.874754788385348192e+01 3.311190752639276980e+01 3.782585583502709881e+01 5.771671685657751993e+01 7.522065537589719497e+01 8.660071392019825964e+01 8.131742349463326036e+01 6.148781182833008785e+01 4.667099145207304645e+01 5.627135961917478113e+01 6.456922226784951135e+01 5.360067283892789192e+01 4.370252452811936195e+01 3.873026822793073620e+01 1.732735825482972558e+01 3.934502338652235665e+01 2.045696068348090435e+01 4.407596789122552394e+01 5.919788720150378225e+01 6.111369474068495578e+01 3.996554784876822453e+01 2.509564992118895077e+01 2.139827471993226382e+01 2.185526938368842309e+01 2.231265731732347035e+01 4.429554215501824643e+01 3.442343467090706355e+01 4.997606992557921046e+01
2.051881798473268459e-01 2.020518817984697080e+01 2.519707432023698601e+01 2.157477617246472335e+01 2.972846596448296097e+01 1.340875745076782621e+01 1.613041272621147115e+01 2.245504692068595531e+01 4.234980375633060845e+01 4.868226186731179439e+01 5.302839595258502214e+01 5.771671685657751993e+01 5.044434965679673866e+01 6.446344314468838377e+01 8.415412306520541108e+01 7.708187408801656204e+01 5.710579795565341499e+01 4.480395955097578309e+01 3.492652833048597927e+01 4.872482121475633221e+01 4.351607751506096378e+01 2.058741028841816600e+01 1.677750269246868342e+01 3.620547828609933561e+01 4.579769599790898837e+01 3.788782078935997077e+01 3.757659964902551764e+01 6.027811737404159231e+01 5.968693662452171367e+01 3.797913825409079180e+01 4.705719412341973396e+01 3.335018371757914224e+01 4.403301054914827972e+01 2.398618831635253912e+01 4.634135353675517877e+01 5.673483715953727113e+01 5.046659101837297356e+01
8.187695587851057111e-01 3.000948461145034329e+00 5.196233660938850640e+00 7.432301638438661762e+00 9.726458977144657680e+00 1.549917424231745500e+01 3.544029963106544301e+01 4.214405282404012354e+01 3.314264271097307812e+01 4.311942947314216923e+01 5.706888212879591293e+01 7.638323028802703618e+01 7.023070976723404613e+01 7.839469752407173075e+01 9.000732679773689426e+01 8.516608771012495538e+01 7.371052238794125344e+01 6.456946459878236055e+01 4.872482121976736380e+01 2.744938447324090802e+01 4.084618995467470626e+01 3.770100921741934741e+01 1.638917666038762988e+01 3.332969103920824949e+01 5.737257514721198248e+01 6.169607007708375335e+01 6.053036915675787100e+01 6.959650172942535562e+01 6.843162944134586212e+01 5.345571705436233145e+01 5.783207105327520736e+01 5.853775637034901536e+01 4.991204306932666412e+01 2.705216340053199175e+01 4.991204306936108992e+01 6.434790042109297303e+01 7.186773708019157425e+01
2.311624522989861319e-01 2.023116245229862997e+01 2.519707432023696825e+01 2.743367179763333041e+01 2.144935686320915735e+01 3.544029963106544301e+01 2.489566363782478575e+01 3.887811797596788210e+01 5.292267660178947608e+01 6.095138957862111084e+01 7.070401240079364413e+01 7.571094806404489930e+01 6.734918708596022441e+01 6.141456933035311039e+01 7.578209699046347225e+01 9.590726339910695231e+01 7.857850536141337727e+01 5.849665554612771246e+01 4.360844423703532868e+01 3.120280838286443981e+01 2.153718726107842940e+01 3.429856109503881356e+01 1.600137643743275007e+01 3.599775352983323984e+01 5.821407487281000925e+01 6.548451554049870538e+01 5.864180743613258073e+01 6.710565676512597122e+01 7.763777915442349808e+01 7.475476131216400688e+01 8.039534299733477951e+01 6.394725584867217805e+01 4.175562485869660634e+01 4.991204306936108992e+01 3.281462156331230062e+01 5.561118357137741697e+01 7.145653176562463216e+01
9.845726073866658545e-01 7.014793714742992847e+00 2.699053776898181312e+01 4.379023057693574827e+01 4.270281133207953417e+01 5.102508229795487438e+01 3.375650030374823274e+01 5.287262807743567805e+01 6.686713817890358769e+01 6.632629643472208159e+01 6.607498301291055043e+01 5.766364655093605052e+01 4.680305291064180295e+01 6.141456933035311039e+01 8.167662175904737865e+01 8.640077773391195137e+01 7.433065408985986267e+01 6.572247182671119958e+01 4.962880670686423201e+01 2.806556949932222977e+01 3.789160164499249106e+01 1.820025644770395346e+01 1.561479804907279600e+01 4.030584236966566181e+01 4.330533479028969168e+01 4.766339362609519270e+01 3.595416946071078712e+01 4.784829379168154162e+01 6.354973284356007923e+01 8.364437909487837430e+01 8.611198361945581325e+01 7.254094796579612137e+01 5.776645311671354932e+01 6.270430227608007101e+01 4.027389145527639869e+01 4.047072610792547209e+01 5.391456151809531860e+01
3.295302290958179725e-02 2.003295302290922564e+01 1.644131343679817192e+01 2.399559586367205100e+01 3.805185337355885622e+01 5.764389864734069135e+01 4.513098605925000584e+01 6.171336492057773171e+01 6.632629643472208159e+01 4.573476631214174404e+01 4.951338249356497556e+01 3.688446881620146200e+01 5.766364655093605052e+01 6.396623028665358390e+01 7.235839958247350978e+01 7.786280151577255992e+01 5.683513367368138347e+01 4.428421814920432098e+01 3.643604098569440453e+01 4.962880670686423201e+01 4.046395619995874426e+01 2.041679917225809859e+01 1.523348440620629951e+01 3.528111264631208144e+01 2.932752514965680390e+01 2.491854632162452532e+01 4.766442315862276047e+01 6.710565719114723038e+01 6.751582006187830132e+01 7.576152212060164004e+01 6.623614218255805497e+01 8.027718899832990473e+01 7.886903363051931137e+01 7.035154448209036104e+01 4.872187719710692022e+01 6.288253433172814510e+01 4.979769641331989760e+01
