LEM_wLE/output/LEM_wLE_example/elevation_000003.asc
nrows	100
cellsize	150.0
xllcorner	0
ncols	100
yllcorner	0
NODATA_value	-9999
[rows 17 to 33 of 100, columns 37 to 73 of 100]
5.477057560783053702e+01 6.623217022560149303e+01 8.639330259916889077e+01 8.822113562234000028e+01 6.899056769615187079e+01 6.680390921177621522e+01 4.704215575838058783e+01 4.071257138791016672e+01 6.123610660527145910e+01 7.584401708429761868e+01 8.615812011429639483e+01 8.480734179168899800e+01 7.639093097230369267e+01 6.295480068964199916e+01 7.714160487203244543e+01 9.741010356912427426e+01 1.002750122932045969e+02 9.185056754211387897e+01 8.620139871752395777e+01 6.559847656184840048e+01 8.620139871742613025e+01 8.728986464679982760e+01 1.049288672562519338e+02 1.277191740146597851e+02 1.230677543479631879e+02 1.277940819114354980e+02 1.178337708621147755e+02 1.089155746681924768e+02 1.015564229659437672e+02 9.160063474046276610e+01 7.135372108938065594e+01 8.818434584424950629e+01 9.158563266152086157e+01 7.474119547586597889e+01 8.222550359843097567e+01 7.959410833010785780e+01 5.984071000766200399e+01
4.979803935022850681e+01 6.402029243223942956e+01 8.422598724907849999e+01 8.378059831341002450e+01 6.343329407619703630e+01 4.956941336276771182e+01 5.261560426892037157e+01 3.964735441256726745e+01 5.537402645062599049e+01 7.890553519673368044e+01 7.890939490460336003e+01 7.050590396484361122e+01 5.638484325877480785e+01 7.639093097230374951e+01 7.935686579026489085e+01 9.963575166293011875e+01 9.185056750834030481e+01 7.138074694030284206e+01 7.737621848155022519e+01 6.175583186039860806e+01 6.897228654319863494e+01 8.374681525737710786e+01 1.044470567287524148e+02 1.166631188395575407e+02 1.074789900985247328e+02 1.214984514582393018e+02 1.310254385387248703e+02 1.222781415490875645e+02 1.141938291774478671e+02 1.000451297412490419e+02 9.160063474046279453e+01 1.000235242847341084e+02 1.030369938806000647e+02 9.479829594898490086e+01 8.765498180362563119e+01 6.726538999865758228e+01 5.884330824101164836e+01
5.843407679801675414e+01 6.689401430354702427e+01 7.093244668309553447e+01 7.936986864929349395e+01 7.700159252764701989e+01 5.851952826258001039e+01 3.814922990786084256e+01 5.685218915830998299e+01 7.057324870449107834e+01 8.014385049830013941e+01 7.050590585219502771e+01 5.062039682420672193e+01 7.050590585493758056e+01 8.480884086627955298e+01 9.963575167227050144e+01 9.178459698992406857e+01 8.151187395010788350e+01 7.308164155595216016e+01 5.711061342544228125e+01 7.737621851369173953e+01 8.980977561167458134e+01 9.830228865412057360e+01 1.109875325995408275e+02 9.737024077446392312e+01 9.552996990957568357e+01 1.138601609315958001e+02 1.113737313872035060e+02 1.108199688727730603e+02 9.421146510781470340e+01 1.108199688726157888e+02 1.076947538659627952e+02 1.015387197358682556e+02 9.205854435321715812e+01 8.335533548704219697e+01 7.646053236456860702e+01 7.706985153993821314e+01 5.823552613464822514e+01
3.852048408528822421e+01 5.664425301166678395e+01 5.072604073005472003e+01 7.093210308518858653e+01 7.215222648615515766e+01 5.152807443831221690e+01 3.718720109830393028e+01 5.635135012323661385e+01 6.479372944340472884e+01 6.073185951584223830e+01 6.180494167613768752e+01 4.692429972475591882e+01 6.086500312469419072e+01 8.097667476601819203e+01 8.790974239235397647e+01 7.744761821087487874e+01 6.311064095403212093e+01 5.298431790109806627e+01 7.308164164310345257e+01 7.737621851369152637e+01 9.782433724653890295e+01 1.166631188406485080e+02 9.737024077446393733e+01 8.363451638745333128e+01 9.535132829431849188e+01 1.000513421717089955e+02 1.081792090837568168e+02 9.134830296821232309e+01 8.245942412937361610e+01 1.026570059025259383e+02 8.741305932879623697e+01 8.741305232298188344e+01 7.434493753460768062e+01 6.693548535979078906e+01 5.678890978897183572e+01 5.736781913521264187e+01 5.949566782928615538e+01
5.664425464487370476e+01 3.664085926863773324e+01 5.072583189614704224e+01 7.091891231442373567e+01 7.078765114722482110e+01 5.972257905190868144e+01 3.634485572559331956e+01 3.617232357285541866e+01 5.619631530046732593e+01 5.266057953441913497e+01 4.200305813222614404e+01 6.179376789708182827e+01 7.499616849917576644e+01 8.176560516760453368e+01 7.363007758789963475e+01 5.935041278091281214e+01 4.906790499019858487e+01 6.904330443302951892e+01 8.151187395052015461e+01 9.331865172591422208e+01 1.017181349710797633e+02 1.102886886760973084e+02 1.109875325995256929e+02 9.535132829431849188e+01 7.559878720353876247e+01 8.010408845045265025e+01 9.671758851953141800e+01 9.502303755146940034e+01 7.477754189572003440e+01 9.502303755146941455e+01 8.732503156340919759e+01 6.740638517430598142e+01 7.477450742290925234e+01 5.599591286115426669e+01 7.561196340093242441e+01 5.926106836875695905e+01 7.810001185732083684e+01
5.061634292806156310e+01 3.532995084145062492e+01 5.387058219853744134e+01 5.470768715517847625e+01 4.915096200878003430e+01 5.332097603775807926e+01 3.546412633959486271e+01 4.904270783643711695e+01 3.687659634238089978e+01 3.737490125601725310e+01 5.717239959208131950e+01 5.735208614672360028e+01 7.565462471488936558e+01 6.169356657643216835e+01 6.169666069877374781e+01 4.553254279812858840e+01 6.525240352981312242e+01 7.744761820946435193e+01 8.997624576620908954e+01 7.295649737329193840e+01 8.156255642920132232e+01 9.766066992896242027e+01 1.094093679680253786e+02 1.034400379230206966e+02 8.853478986525344396e+01 6.860149867572360449e+01 8.275797246272895791e+01 8.203428564874647577e+01 6.921434313273007888e+01 8.940794734501241692e+01 8.454058303263896335e+01 6.616867280421766395e+01 5.525867256998785138e+01 7.426403537228119944e+01 8.310654091760271456e+01 7.846143757233569715e+01 6.169067989181146316e+01
5.429513696351685326e+01 3.889313458810626400e+01 3.348722894953168350e+01 3.392743976334126188e+01 3.437493810471323741e+01 3.482455919856321458e+01 4.922943982281272213e+01 5.846692330715327302e+01 5.642951352421054878e+01 5.709723279745549718e+01 3.809457118308888823e+01 5.734217707990470103e+01 5.906561978237555621e+01 5.962724197790355873e+01 4.251693930199409266e+01 6.169665817090415771e+01 7.362974754867633465e+01 8.233048204150026095e+01 7.392986956286600275e+01 6.136836451089330069e+01 6.890808659622707921e+01 8.063084266353267537e+01 1.010280792927387381e+02 1.136032632127317044e+02 9.671758851949782354e+01 8.275797246273039320e+01 6.285008531501263462e+01 6.204321172372420534e+01 8.202894295719691797e+01 9.382384307664158030e+01 8.645444014709497083e+01 7.513254856978281282e+01 6.585594765872855305e+01 5.458382199847287097e+01 8.022640226112572748e+01 8.334090051968087209e+01 6.343903752376225924e+01
4.817899818774560572e+01 3.289880686063565207e+01 4.869815723744842728e+01 3.670697131739008512e+01 5.373101584101239325e+01 5.036740924084450910e+01 4.699508173151124168e+01 6.295701086501241406e+01 7.120425750505594920e+01 5.997984957232694114e+01 3.861249194502109816e+01 3.879685861214136366e+01 3.931871151722881308e+01 3.985399533605075817e+01 4.038110090820113385e+01 6.013395231721936085e+01 6.872952895047036748e+01 6.744927266629444773e+01 5.395532796104684792e+01 7.392986956286601696e+01 8.925173069024347683e+01 9.766066992874867481e+01 1.042651158262864328e+02 1.055272577639096880e+02 8.551089126414198915e+01 8.918344845814092992e+01 7.732201216954474887e+01 5.757452539106044043e+01 6.826211905011837189e+01 7.835400843556188022e+01 5.253540054985172247e+01 7.239481760962047474e+01 5.393726608339234474e+01 6.611554429779344844e+01 7.497417262273812355e+01 9.178795384646687694e+01 8.334091774847397005e+01
3.231113638099506602e+01 5.225857967701330864e+01 5.828056434815002262e+01 5.632047432258209341e+01 4.069700968303916966e+01 5.442353183912486969e+01 6.557164667152132154e+01 6.506166940731614545e+01 6.446986029323255707e+01 4.476911372472615369e+01 6.001395361334964917e+01 5.879997077745414202e+01 5.324926882713788245e+01 5.120179242574717193e+01 6.013177806098649114e+01 4.113257464127836016e+01 5.901556760804525936e+01 4.765632649642396501e+01 6.744927266629642304e+01 8.233048205417763654e+01 1.008719107475977523e+02 9.827917218302746960e+01 8.397497108726689419e+01 9.827917199300563311e+01 8.918396120349463274e+01 6.909985340335705928e+01 7.831360813161145984e+01 7.297471090823600548e+01 5.366701468668433961e+01 5.175862611043928752e+01 5.496476774778761865e+01 5.326304767081388292e+01 6.862324122023099449e+01 8.077018946895852025e+01 9.212151639766460676e+01 1.047093579849309322e+02 9.495347427034685950e+01
3.806705062355857905e+01 4.732757575381655357e+01 6.726399898500882557e+01 6.297182299053422838e+01 4.358969158912724851e+01 6.297145094624909945e+01 8.067824206628699812e+01 8.360032421510601353e+01 7.283840757412824019e+01 6.447002816047618978e+01 4.948670474993717505e+01 6.069918489087726954e+01 7.297270945592548230e+01 6.517677814877923481e+01 6.883799945691600897e+01 6.087410149655055847e+01 4.188283076957672790e+01 6.161658883769142392e+01 7.565448255819032397e+01 7.303153119702844265e+01 9.272329799164887731e+01 8.991763803508031572e+01 6.986024338113115562e+01 8.991763795430692596e+01 9.737526479154418269e+01 7.852989688922365019e+01 5.868872218983948841e+01 6.427697900509433282e+01 5.096288960549765790e+01 5.520938494110423278e+01 7.056505745890319758e+01 5.453367176940763983e+01 5.771600952239188587e+01 7.785759985654689785e+01 9.229818453154717872e+01 1.025118122677372696e+02 1.093807116991722097e+02
5.657385106757170234e+01 5.655867203963513390e+01 7.555002131525239406e+01 6.588549538560926067e+01 4.656044485234074415e+01 6.588550458299661727e+01 7.911383768825736240e+01 9.010894116576685065e+01 8.694351350418008906e+01 7.286788661919577237e+01 5.292907790764592590e+01 7.286788661203463846e+01 8.087935260190481301e+01 8.518662459746607851e+01 7.202235821790624470e+01 5.470354483449953165e+01 4.241781196191379166e+01 6.214247728797191428e+01 5.697990669446512157e+01 7.245079928526003243e+01 8.038320889854244911e+01 8.229284054786256775e+01 6.227484584967024261e+01 7.315284799911945868e+01 8.139138465762526664e+01 7.726447552002859709e+01 6.893131443960815830e+01 5.018244759815933520e+01 6.971974287414698779e+01 5.495163593674805469e+01 6.748798265550891529e+01 8.388200510240696417e+01 7.785759985655641913e+01 6.356141943353755863e+01 7.362331039818266731e+01 8.805614223019368580e+01 1.085183755112748258e+02
7.441380157387089866e+01 7.666984364072825997e+01 7.314075064365893297e+01 5.394509968643052389e+01 6.588550458299661727e+01 5.198676866981291056e+01 6.317654856304419297e+01 8.220698970189866372e+01 7.852906158543687809e+01 5.840553034027508517e+01 7.286788661919577237e+01 8.128054173686055606e+01 1.011786741559802891e+02 8.628165091172692769e+01 6.618192612024940047e+01 5.221193950488193281e+01 6.159913376803014984e+01 4.317696561616766360e+01 6.289624291193431560e+01 5.511931560441296796e+01 7.021545422780179990e+01 6.811953068513818721e+01 5.372739385803050993e+01 5.488493651249190464e+01 6.759493876430654780e+01 6.814640368963345907e+01 4.940768845029498380e+01 6.881150456069656229e+01 5.840442937644321830e+01 7.774128817040980266e+01 8.642193169613830150e+01 9.472810627577074172e+01 8.383635099200931506e+01 8.383635099921629319e+01 7.114100573214454926e+01 9.155036294168986899e+01 1.102445037947208846e+02
7.441328096384467017e+01 8.125833639943061826e+01 6.222082472153648069e+01 7.314067872941734549e+01 7.911383766033766562e+01 7.121975938729505629e+01 5.830718312439277184e+01 7.742110855455713647e+01 8.694351350403326251e+01 7.852906158543692072e+01 6.463398438795232437e+01 7.625718342408187311e+01 9.669005575683188169e+01 8.647246825580403140e+01 6.626047247258168227e+01 7.218042894464893777e+01 6.961025893226477024e+01 5.282236350620706133e+01 4.393615629831690939e+01 5.452580804966399342e+01 6.341003134912818240e+01 4.600837792267532933e+01 4.654870291581897135e+01 5.704384158221638046e+01 4.808694636008704748e+01 4.863253407879861356e+01 6.814611846541306761e+01 7.719648602362110523e+01 7.819988354980796430e+01 6.809815342281049766e+01 7.970764686918262498e+01 1.000411912652671163e+02 1.042719590841150250e+02 1.000151150074599116e+02 8.289662486562710342e+01 8.131142383598796641e+01 9.155738365289265346e+01
8.275440938992130668e+01 8.125832989726296773e+01 7.572339977549769685e+01 7.431492848941105933e+01 9.320631945214410052e+01 8.530787689899521808e+01 6.795410418744455683e+01 6.620428593750744994e+01 8.515948045812282885e+01 8.993147595910721748e+01 6.961235536518131539e+01 8.993147595910724590e+01 1.050397549454028905e+02 9.485485730249645542e+01 8.647246825555099292e+01 8.477812493597488697e+01 6.967102551649071529e+01 4.988115454268948668e+01 5.617521319025413362e+01 4.469959089965260546e+01 4.524232647925320805e+01 5.837909099790347511e+01 6.579298916529093333e+01 4.731405823181019343e+01 6.703677096575204075e+01 6.044696435501326448e+01 5.589058786991627414e+01 7.590642750876597233e+01 9.511787381660613505e+01 7.970764686918262498e+01 9.669457780377850042e+01 1.084138266095083907e+02 1.079236511029451293e+02 1.118251267940267724e+02 1.033715889929757594e+02 1.017893020483711695e+02 1.102445038150341929e+02
8.601507608689163931e+01 1.002090138333353480e+02 9.462087013648425682e+01 8.765616152489174340e+01 1.011583803170163378e+02 9.479897035796088289e+01 8.135843787302140129e+01 7.226992899634475975e+01 9.112050610303764131e+01 9.626791918891824196e+01 7.597411372743529512e+01 8.619347962143480402e+01 1.065636523221557752e+02 1.043961232848540988e+02 8.405087102250202236e+01 7.636694492099459808e+01 5.627918672230690333e+01 6.967102551906000940e+01 5.064891556418238139e+01 6.790759414458418064e+01 6.184760885484425330e+01 5.498248949637282124e+01 5.216525857468841565e+01 6.864481073212290596e+01 7.922254585345326916e+01 7.755657008064831359e+01 6.466575163713110896e+01 6.647120687987876408e+01 8.674118835483918133e+01 1.000411912652698589e+02 1.084138266030343090e+02 1.019012999653160563e+02 8.741632194241792320e+01 1.019012999663020764e+02 1.132162605472818200e+02 1.109910844738593170e+02 1.194604331975521916e+02
7.765306745790950060e+01 9.132195395931128701e+01 1.030084493217586896e+02 1.066056139324366541e+02 1.067703095554314530e+02 1.082395028535726738e+02 9.776565634335028676e+01 7.897013518392461151e+01 9.776565636170931839e+01 1.032885574934390860e+02 8.312055936113320342e+01 1.032885574933071808e+02 1.148390450583843148e+02 9.846486929102800900e+01 7.808039745166479406e+01 6.372111346535846366e+01 7.636694492099297804e+01 7.585460629949000122e+01 5.504339837752880271e+01 7.585459117745978119e+01 7.195424970513408880e+01 7.054233060405958611e+01 7.123266241752811823e+01 5.710188523855438802e+01 6.794058515887446958e+01 8.744937814302313939e+01 7.467054984832610387e+01 8.674118835482202883e+01 8.302252405591161732e+01 1.032873470097718496e+02 1.014039143612076970e+02 9.135714566913402734e+01 7.288424590609430709e+01 8.423766809042825798e+01 9.648668576529478003e+01 9.047876735141909421e+01 1.109910844597220176e+02
6.268707194831337404e+01 7.438206436981822378e+01 9.469424781548829628e+01 1.009153202633889777e+02 8.674064368022229132e+01 1.009153290472274733e+02 1.057373829374951129e+02 8.977437748650059746e+01 1.057373829377955019e+02 1.115189867721074677e+02 9.463640632686576737e+01 1.115189867226634846e+02 1.075698433403932768e+02 8.723424154111671669e+01 7.542862497043468295e+01 7.808039745166479406e+01 9.245852717890410588e+01 8.076590711365433606e+01 5.992902245306591169e+01 8.076590711365378183e+01 9.217575602410600766e+01 9.413437673714695109e+01 7.997907776401329727e+01 6.082008909845163913e+01 7.997907776391139123e+01 9.571454296553505969e+01 9.486458836178867671e+01 9.486458836178873355e+01 1.032873470097721196e+02 1.047227279725281335e+02 9.052561620871210835e+01 7.536560599499722457e+01 6.370018884330479381e+01 8.423766809038043846e+01 7.595096782772367305e+01 9.647932006446103514e+01 9.608114382148646371e+01
