LEM_wLE/output/LEM_wLE_example/elevation_000008.asc
nrows	100
cellsize	150.0
xllcorner	0
ncols	100
yllcorner	0
NODATA_value	-9999
[rows 68 to 84 of 100, columns 37 to 73 of 100]
2.014548478852478652e+01 3.986990019447334532e+01 5.917137364513546061e+01 5.922835708902954366e+01 6.714493612664146838e+01 6.946171048673610926e+01 6.946171048673610926e+01 7.754198082029716943e+01 7.787124296944789137e+01 7.642055241080012706e+01 8.450705603766006391e+01 8.836698797708595521e+01 9.646834308422542392e+01 9.913852743744425311e+01 1.008218245792997010e+02 8.960637471704475843e+01 8.153948797862045694e+01 7.559923774959766263e+01 5.612489472554759118e+01 6.228305048469108129e+01 7.589029370017317433e+01 6.232557293894438288e+01 4.216685454971374725e+01 5.742420445372588489e+01 7.971856908737649405e+01 6.430750942051064101e+01 4.463805994190762050e+01 6.027046086726909380e+01 6.095828635153551289e+01 6.165381895496007303e+01 5.855555666901043566e+01 4.380229068014105565e+01 4.451185021408196008e+01 4.521825396567614774e+01 6.474328973623752859e+01 4.757486053799530623e+01 6.711224623841124526e+01
3.579609683199682735e+01 4.591134917753552003e+01 5.546105132143159011e+01 6.521232899304678199e+01 5.711374490449659191e+01 4.985020165228309708e+01 4.985020165228309708e+01 6.946171048673610926e+01 5.840099364204783683e+01 5.694589506604656748e+01 7.072878660585674027e+01 9.016169061094606718e+01 9.273085507032523367e+01 8.703625221952107438e+01 9.272695299189122409e+01 7.334969518100709251e+01 6.201427002632907914e+01 7.026659813787895814e+01 6.796077197168519035e+01 4.835965289914264531e+01 6.142122145463326177e+01 5.935874208613198988e+01 3.928542668204605803e+01 5.940824210281920159e+01 7.570762322278299905e+01 5.930509843727445229e+01 4.383221948962161463e+01 4.065136033943499427e+01 4.136566017452054211e+01 4.208067322438792957e+01 4.279470101333441079e+01 5.297528830814393075e+01 6.189885063659259146e+01 6.464647633070428867e+01 4.710612256767182515e+01 6.663804871186005130e+01 6.992738314545557898e+01
4.145324438047681070e+01 2.981811695054614120e+01 4.701262436002729572e+01 5.344484080820278393e+01 3.741346603424242545e+01 3.588528757035094685e+01 5.559427960059445439e+01 5.643160545815615592e+01 4.454362376943889501e+01 5.436015781960732340e+01 6.815643428790667713e+01 8.758605165098914824e+01 7.330704826344984326e+01 6.762022578425870734e+01 8.137459958288251016e+01 8.405380754157023659e+01 6.455574901559214140e+01 5.056648988949931578e+01 6.145644189638304056e+01 6.139076117223087437e+01 4.166036246378298813e+01 3.575989173821480449e+01 3.641269089756602284e+01 5.630661060434636767e+01 5.529523184256179746e+01 5.838019193656172945e+01 3.967008673903754357e+01 4.214764607519002482e+01 6.095572258636095597e+01 6.165375476052778936e+01 5.027635136461857002e+01 6.595990135146718103e+01 6.402553337652153687e+01 7.311109907771839289e+01 6.584811589761417849e+01 4.901645732177196635e+01 5.039642000444923298e+01
2.215474793281871513e+01 2.254612515626741143e+01 4.187669357548187321e+01 4.219925422831153128e+01 2.718215512313684812e+01 4.571263300797080831e+01 4.973213646892837403e+01 3.689946475955853344e+01 5.643160545815615592e+01 7.218133014339163367e+01 8.192805293184190418e+01 8.525199188018798679e+01 7.330702872050702013e+01 5.369762992633837939e+01 7.171914298711942592e+01 7.111528277603324000e+01 6.310334907908816149e+01 6.142408093989278939e+01 4.176534171184423627e+01 5.358726243265316924e+01 5.265160990363715854e+01 3.557764375776549315e+01 5.270267836669855654e+01 3.739563672980797548e+01 3.805828357848393040e+01 3.872516477412053604e+01 5.838316797149401083e+01 6.173041662213800151e+01 4.566864923164434487e+01 6.521252869131370744e+01 7.094769455857347396e+01 6.116392426039277552e+01 7.226296187635767865e+01 8.075650825962574686e+01 6.188388236443023516e+01 6.855372434657554948e+01 6.992796141271990962e+01
4.148959047402300371e+01 3.078917470262891598e+01 2.309699031303199490e+01 2.348468014229867862e+01 2.387208138842084892e+01 3.344981859172730765e+01 3.037757044657048056e+01 4.973213646892837403e+01 6.451600956897415529e+01 7.819924669948032658e+01 8.627755890525200755e+01 7.718025693920178298e+01 5.763420996067042523e+01 4.616412945186092998e+01 5.207161229688226456e+01 5.778408578232662052e+01 4.348203107463819350e+01 5.232752683635078483e+01 4.303064753694945210e+01 3.409877130475581453e+01 3.470388056020532019e+01 5.451529984378122151e+01 5.137167631195355710e+01 5.601601026971349739e+01 4.263674258983790111e+01 5.505052884614022446e+01 6.464804147184483440e+01 6.771210645101236025e+01 4.819118826935027755e+01 6.771209517719475457e+01 7.938483461261198215e+01 8.627332617488615085e+01 8.594418398069880993e+01 8.985207204912431678e+01 7.604382398032547030e+01 8.675889338572599740e+01 6.769395272850628942e+01
5.431474202267443729e+01 3.520987750496184532e+01 4.242485080855700375e+01 2.918224098358232155e+01 4.319254803231056883e+01 2.442214429850871937e+01 3.700763946490680212e+01 5.444797838621924768e+01 6.442753085526267398e+01 5.872309937543924718e+01 7.819924669948032658e+01 7.222394518629613458e+01 7.397707962514107294e+01 5.784010788567428563e+01 3.810391567660786905e+01 3.845669900110048900e+01 3.211638124691165075e+01 3.268383186493228010e+01 3.326016314388764528e+01 5.243542574509982046e+01 3.814097481396057532e+01 5.939721059356266863e+01 6.448620511639668962e+01 7.019329802507772342e+01 6.283874109597484647e+01 4.955205441922588250e+01 6.799851427598981957e+01 7.571662322811644685e+01 6.771210682209772358e+01 5.193084502329099905e+01 7.138952025250399913e+01 8.501307120750952606e+01 9.176127715635334425e+01 9.983142197583180177e+01 9.551091323633774266e+01 8.687878481380769813e+01 6.769929186250625719e+01
6.271653315660024219e+01 4.894101158109823047e+01 3.786930712571395219e+01 4.785304595882310963e+01 4.173822607788893180e+01 2.481353676375374917e+01 4.037683805871329668e+01 5.275130493490652839e+01 4.466849970454300234e+01 6.442753085526267398e+01 7.215347170421958367e+01 5.187049647474146497e+01 5.517644789158973850e+01 4.952194852873977027e+01 5.009453476897523672e+01 3.132508966161839226e+01 5.095005055136345362e+01 5.172604074472352664e+01 3.827654234634356101e+01 5.728246810156870339e+01 4.655832835118033586e+01 6.696989778030552998e+01 8.265372153178743986e+01 7.615109191710469361e+01 5.796894799094099682e+01 6.032021860092170584e+01 7.574835827900315621e+01 9.255404104364309603e+01 7.441604934006272742e+01 5.503732068700174551e+01 5.999999392775962548e+01 6.588961130384588216e+01 7.267446840726989876e+01 8.363397013600676644e+01 1.028633850105027392e+02 9.496036271284050656e+01 8.688280947251291764e+01
7.636246911533349646e+01 6.379472259277916635e+01 4.435583654697217781e+01 4.968458808574966667e+01 2.879121740723024203e+01 2.520577024956966383e+01 3.019154922120563000e+01 3.397421731846652904e+01 5.386576684912554214e+01 5.153769043582059339e+01 5.977746003883504500e+01 5.418840313952261312e+01 3.691936864461635537e+01 3.000753574681951008e+01 3.055057185770774808e+01 3.671219279633331212e+01 5.571102071017556767e+01 6.222958463193707956e+01 4.348450031608429356e+01 6.263845012775072973e+01 6.747016767952941052e+01 6.158457502366517389e+01 8.167924529192040950e+01 8.257946563625075953e+01 6.439727904101269473e+01 7.853760003002709311e+01 8.639222922489595646e+01 8.465013307607240733e+01 6.550077793277668547e+01 5.855845477555195089e+01 7.782087336570052116e+01 8.501307120750952606e+01 9.176127715635334425e+01 9.983142197583180177e+01 1.110060107719720719e+02 1.069669441134079193e+02 8.768391018306569151e+01
7.790270769680262219e+01 5.799274635234227304e+01 5.799274635234227304e+01 5.789998917459394789e+01 4.262646226220521584e+01 3.740061068646095066e+01 2.576188506438338877e+01 4.511304435544788305e+01 4.610672947880119921e+01 3.262345400218229230e+01 5.119553719003470604e+01 4.787106372999356552e+01 2.923637430952730298e+01 4.869321458728229146e+01 4.248007954998860924e+01 5.533165045295724127e+01 4.736095947949737450e+01 6.712680801611665515e+01 6.268041235271481071e+01 5.223799051366209767e+01 7.199302484476002917e+01 8.167924529192040950e+01 9.005078988061856649e+01 9.049546886930068013e+01 7.331876799760726726e+01 9.049546886930068013e+01 9.815560344882911181e+01 7.902904525091813071e+01 7.430053993128385059e+01 7.782087336570052116e+01 6.401225943440587685e+01 8.312056248570046080e+01 8.593354798242940262e+01 9.948053237257937553e+01 1.189860566607493411e+02 1.039233276925338032e+02 8.768391018306567730e+01
8.613274181223154358e+01 7.790270769680262219e+01 7.790270769680262219e+01 7.072789124896544877e+01 5.760565225512038268e+01 4.633896370064723413e+01 2.725501266924536381e+01 2.632772628156251216e+01 2.672647606744842719e+01 2.712312739664609040e+01 4.610794596563001591e+01 2.846188933070265037e+01 4.787119106529343782e+01 3.981216691928239726e+01 5.860385021491599389e+01 6.760617170209663129e+01 6.124554187804771743e+01 6.712694942726182035e+01 8.036966803542759408e+01 6.347425998822229332e+01 6.828576716240931432e+01 8.848842987582727915e+01 9.765621341675800693e+01 9.988971851656376089e+01 9.184016327489408127e+01 9.988971851656376089e+01 1.061991113884703708e+02 9.814600511409364003e+01 8.776933876440716631e+01 9.113184874893745757e+01 7.258265537289082658e+01 7.042602929243513188e+01 8.946782753751300277e+01 1.045448043618557250e+02 1.126958460163022266e+02 9.581333743301587447e+01 7.674814640280229128e+01
7.592771653005192434e+01 7.784569169239604491e+01 7.473947460907366747e+01 6.087532743798877277e+01 4.948747582461694350e+01 2.992649933444886301e+01 4.633890349372892814e+01 4.476946945109393283e+01 3.515656513909036107e+01 4.647102338079496775e+01 2.767812956463849972e+01 4.546636807706614292e+01 5.542924745536381437e+01 5.968370230009355737e+01 5.396432408571875783e+01 7.349153953821453911e+01 8.132592329841797607e+01 8.713172489914430230e+01 9.202577538725122963e+01 8.362987404765665644e+01 8.848842987582727915e+01 9.211340616087640853e+01 7.846965719349763901e+01 9.211340618616307552e+01 9.296292172922231600e+01 9.045494348502242588e+01 8.900874992545064401e+01 9.710049688693155190e+01 1.068615678422547433e+02 9.164590838591033162e+01 8.600358115752753463e+01 8.946782753751300277e+01 7.815838587342631172e+01 8.529796332351796195e+01 1.045448043618557250e+02 1.026007436971590039e+02 8.340309623656941085e+01
5.685505347008361099e+01 5.840745938475507160e+01 6.011240008665852486e+01 4.701115690785366041e+01 3.309194179301587013e+01 4.948747582461694350e+01 5.760122553037980708e+01 5.345465600429911746e+01 4.845194317236645531e+01 5.506208402771282096e+01 4.705553783934404777e+01 2.844298812593236292e+01 4.210348453351084430e+01 6.173747092576056872e+01 7.349153210281959048e+01 8.156126923023421682e+01 7.987524863746668302e+01 7.178735047225927701e+01 7.987524863746664039e+01 8.828886960878773493e+01 9.597869074585246096e+01 8.347413319626028283e+01 6.479362634651158714e+01 8.346796179865536658e+01 7.360668201142125611e+01 7.108596723637229786e+01 6.964026113298807275e+01 8.333419808730056388e+01 1.027083299335015738e+02 1.110044809497272666e+02 1.052676913040190811e+02 1.053735561502691525e+02 8.910197927120422889e+01 1.045448043618557250e+02 1.045447841179583577e+02 1.107640464511678999e+02 9.438436896423411326e+01
6.410078581350322224e+01 4.447181898225835539e+01 4.042404925222589185e+01 3.655899175357701125e+01 5.276127719872712873e+01 4.701115690789603718e+01 6.664329559012836057e+01 7.160381978636613098e+01 6.783247087617175453e+01 6.185096695105686138e+01 3.260178942280405323e+01 2.897969905347215303e+01 4.842080074953391033e+01 6.371088027147325050e+01 7.181682234694167732e+01 7.729293964941915362e+01 7.009040293387748477e+01 5.219952563797914991e+01 6.066399201876564007e+01 7.447643081376801888e+01 8.342339607934817991e+01 6.857196778428159689e+01 5.597809608888641719e+01 6.590587112298109673e+01 5.978791575696106264e+01 5.723171856908741972e+01 7.108596852352494011e+01 9.045505307209238310e+01 9.295006705440826522e+01 1.010513160043588812e+02 9.922667674137875338e+01 1.073883032650877283e+02 1.084281615842244975e+02 1.165992836589177699e+02 1.241366239722450331e+02 1.220648547744733321e+02 1.138245671082794246e+02
5.196346231372417890e+01 6.410078581350322224e+01 5.955493840980237508e+01 3.984018799277953349e+01 5.382409771577786017e+01 6.664329559012836057e+01 7.473951714443158778e+01 7.982036793342388137e+01 7.175709246914448158e+01 5.665301904233785990e+01 4.008401063674336484e+01 2.951243552700153572e+01 4.898972384113799450e+01 4.405170509556324987e+01 6.370966594970216335e+01 5.751663984483995051e+01 5.751721167029964477e+01 4.228617484160937323e+01 4.672382540072790391e+01 6.637927011587446202e+01 6.395686493046351018e+01 6.857197611786267544e+01 4.896718918658179120e+01 4.623579158785208421e+01 4.836332400102428863e+01 6.802618399343562317e+01 7.940638185268703353e+01 7.889257086015346943e+01 7.366549804619330644e+01 8.487060331644050848e+01 7.949598324091648749e+01 9.861687362014914982e+01 1.119553837830473384e+02 1.052754792033744167e+02 1.114371248502811937e+02 1.183493810193908615e+02 1.266124820260915840e+02
6.329357846437318358e+01 7.681850226980515117e+01 5.731662449480804611e+01 4.334465131381143266e+01 6.303834021992152969e+01 8.149685866729767270e+01 8.550426774679567643e+01 6.606282602617936561e+01 5.217341853458555079e+01 5.401679955916193165e+01 3.438015150615220250e+01 4.898962588811289010e+01 3.026915926204572571e+01 4.980860444276753185e+01 5.874034766439007171e+01 5.749722103593953904e+01 3.848295527469740307e+01 3.417086172172194125e+01 5.394807525819758354e+01 6.282270637405218849e+01 5.004558136581796646e+01 6.019791845207912928e+01 4.325538144258875661e+01 6.294105293804768309e+01 6.802618399343562317e+01 5.171025546562971442e+01 7.134508075735310229e+01 5.942131473387691898e+01 6.242351171397331200e+01 6.555232895708512331e+01 8.138499546374768556e+01 8.971377372062762845e+01 9.749864056559995618e+01 8.583235033333650676e+01 9.195229047119423171e+01 9.879856817748688513e+01 1.100165632046842461e+02
8.252469702305535293e+01 8.094622035447534358e+01 6.675676819120120342e+01 4.709610580344596542e+01 5.851161297892360835e+01 7.802864164290427595e+01 8.504857023545538652e+01 7.380109277298727477e+01 5.937128955164052257e+01 3.969139169991251492e+01 5.401679950980628320e+01 5.155752798608547494e+01 3.194780390226284794e+01 3.107048599864660332e+01 5.067595506436810382e+01 5.217405788490939500e+01 3.330643576629263691e+01 5.305830150103087561e+01 3.505636083494334088e+01 5.458346572932065044e+01 3.858811304667288056e+01 4.048224254836923564e+01 6.019791845207912928e+01 7.102490555095279490e+01 7.939829413900555721e+01 6.313180330792349793e+01 5.525916543032602846e+01 6.126069824531013808e+01 8.069098526380845726e+01 8.487060331644052269e+01 7.043475756162264645e+01 7.396897622605348488e+01 7.826912262427990186e+01 8.683655028424212219e+01 1.061244527345340174e+02 1.183493810193908615e+02 1.266124820260915840e+02
8.869372142217325461e+01 7.280703581533654756e+01 5.322299296670827573e+01 6.675676819120120342e+01 7.487125526334614278e+01 8.619588906722242427e+01 7.700840912561575635e+01 5.749798955895482067e+01 4.609311945445197267e+01 5.937128955164052257e+01 5.414835095669315024e+01 3.445707845747178055e+01 5.154792984535245637e+01 4.236652681195705838e+01 3.188163117789641277e+01 3.246280093847049386e+01 4.641852272642454835e+01 6.115462866113296769e+01 5.484115057253678316e+01 3.595567721360860247e+01 5.574278491125492963e+01 6.019407953412456891e+01 5.300118859627541923e+01 7.257971222225292252e+01 9.059492259316947127e+01 8.256052828309471181e+01 6.916077148937536379e+01 7.127856522674774453e+01 7.048846937116354638e+01 8.978964823843806187e+01 9.130044225747123221e+01 9.314476709632442919e+01 8.419710146440512233e+01 1.034196531852280003e+02 1.025390067708949289e+02 1.220778572299233105e+02 1.281074006667182914e+02
