LEM_wLE/output/LEM_wLE_example/elevation_000005.asc
nrows	100
cellsize	150.0
xllcorner	0
ncols	100
yllcorner	0
NODATA_value	-9999
[rows 34 to 50 of 100, columns 37 to 73 of 100]
6.905345304566328934e+01 8.314965570663787275e+01 1.030353493470740602e+02 8.895455017284014332e+01 6.917429362744438492e+01 8.895455017284034227e+01 1.026104950525524515e+02 1.142116736683774576e+02 1.073232797213032654e+02 9.909524433126154008e+01 1.073221503694256853e+02 1.066470351154572853e+02 1.135091840162340873e+02 1.020431235643143566e+02 9.379480390765750997e+01 9.636704740701625838e+01 9.640768099253656942e+01 7.649293323671146538e+01 6.771759524781691653e+01 7.649293323671146538e+01 9.640768099253656942e+01 8.883830694446845655e+01 6.740818849373435739e+01 7.350836234436614802e+01 6.839753466000058779e+01 8.373001771309716901e+01 1.043876580976106538e+02 1.187559513197767558e+02 1.109594412197460116e+02 1.022430205756759278e+02 8.798377419907959052e+01 8.487791551093707199e+01 6.493696989051272794e+01 6.919179966377757296e+01 7.807531381006120341e+01 6.546854661549241428e+01 6.634343024174455650e+01
8.897404052532340302e+01 9.716456365168461673e+01 9.318993837134631519e+01 8.046983383051792771e+01 6.019923209619198445e+01 7.371296658574507887e+01 9.284744482980103442e+01 1.013118052833760032e+02 9.734535989134504064e+01 7.910431529117636273e+01 9.254465729762834769e+01 8.670511978232059391e+01 1.007913164906784402e+02 9.920507733882936918e+01 9.920609717853150755e+01 1.074253699413439591e+02 1.046672611871982213e+02 9.594392942056815343e+01 7.931199379288672446e+01 8.769993822772119074e+01 1.046672611871982213e+02 9.587463144358625300e+01 7.476565794623293471e+01 9.464955303147561949e+01 8.373001771309716901e+01 8.373001771309716901e+01 1.043876580976106538e+02 1.128631758722194292e+02 9.874929014221713430e+01 8.090891294199929007e+01 8.574948339084514259e+01 6.956375353308942522e+01 7.595843979110117061e+01 5.699761987941714381e+01 5.786752451537982722e+01 5.874589481631746679e+01 7.888792064668307091e+01
8.464700689732070771e+01 9.077619285734566290e+01 8.471782606283416328e+01 6.440527555537322257e+01 5.359302215396956370e+01 7.371296658574344463e+01 7.242334830172140414e+01 8.995123155427553741e+01 8.909973576967981046e+01 6.905682098236212596e+01 7.252174720371917260e+01 7.252175445315583602e+01 8.921503995784654251e+01 7.922352541105136936e+01 7.922353241524561440e+01 9.920609717853150755e+01 9.443228071820215064e+01 1.026667843915202241e+02 9.915784277085109011e+01 1.074089632129114449e+02 1.158466847664239054e+02 1.042079463440909706e+02 8.724129077048633008e+01 9.215256965609047768e+01 1.043876580976106538e+02 1.043876580976106538e+02 1.126679289139444364e+02 1.037543580428648653e+02 7.960322513291761481e+01 6.796983434919403066e+01 7.921147794541244025e+01 7.471132269392980163e+01 5.579311740234635408e+01 7.597651486653440145e+01 7.221866847189541261e+01 7.897227723418852463e+01 6.002721357017170334e+01
6.492942752044667998e+01 7.116918013974206758e+01 8.497604626947695294e+01 6.813269802357052640e+01 4.815702074276308053e+01 5.601669385050365690e+01 7.617123984608616638e+01 6.956402885355988985e+01 8.399057164301696332e+01 7.838632179113656662e+01 5.835011866634349076e+01 7.838632179113656662e+01 6.919236532408613982e+01 6.503731767973891920e+01 8.507629012891270293e+01 9.112883857011050281e+01 7.440828787799073041e+01 8.760044089535973910e+01 8.760044089535975331e+01 1.075401314570861189e+02 1.190420152296871095e+02 1.159132072181879778e+02 1.076679941225663697e+02 1.124359071890542623e+02 1.206758971520905845e+02 1.115157728783508446e+02 1.030805182026478946e+02 1.106635149465828931e+02 9.998095183217830595e+01 7.975890053593650464e+01 5.938937076363467327e+01 5.460806232762327994e+01 7.474220755894606327e+01 8.435390738602487204e+01 9.285980545534704333e+01 8.734152134064184736e+01 7.400368956549303334e+01
5.343687770405007598e+01 5.712332299541743907e+01 7.691194120591735839e+01 6.342438573555283909e+01 4.355457594883348804e+01 6.342438573555283909e+01 6.279966846152905191e+01 5.539848293464400797e+01 7.553531362751533607e+01 7.337724188527516844e+01 5.340793736924958068e+01 6.689831288583991409e+01 5.507247427887863012e+01 7.505687094682272686e+01 7.323504354139738837e+01 7.695446936883456601e+01 6.280636263068143421e+01 6.753646345688414954e+01 8.760044089535973910e+01 1.028350030662169701e+02 9.919272262940303619e+01 1.190420507394776450e+02 1.178927106393876585e+02 1.095473089824333215e+02 1.141123332096499894e+02 1.011678801672187547e+02 8.371423869589209232e+01 1.011678801672187547e+02 1.011637543878731549e+02 7.945599997977586781e+01 7.389588981265296752e+01 5.379125562139943639e+01 7.387112424553974677e+01 8.676507395970565995e+01 9.574496672442538170e+01 9.898584359037521097e+01 8.818697774339911177e+01
4.455873809529374086e+01 6.439652014738430807e+01 7.843222243506997415e+01 5.952759543425055000e+01 3.970064709252712731e+01 5.432078371175913389e+01 4.291491742579209756e+01 5.429772676861369263e+01 7.441353679559524892e+01 8.164876696145829271e+01 6.689831288583991409e+01 4.705935852153713483e+01 6.480389247159769184e+01 6.816225463767530357e+01 5.326348098286467092e+01 5.692477766563936825e+01 7.695446936883456601e+01 8.760044089535973910e+01 7.575268822234734500e+01 8.286410046073022784e+01 9.701815455788705833e+01 1.168781176252966958e+02 1.095473089824333215e+02 8.945844157301242205e+01 9.534233461087438855e+01 8.562450001921608589e+01 7.305928534963663878e+01 9.280412208127889073e+01 9.016642308935414007e+01 8.183856392274482516e+01 7.254237776407234151e+01 5.298240737861895866e+01 6.002580151579796564e+01 6.825573790071467783e+01 8.231981178561274248e+01 1.016649936076023693e+02 9.771588613887907115e+01
3.892206546254643484e+01 5.051800014210440537e+01 7.033703372040896795e+01 6.791357665093283913e+01 5.432078371175913389e+01 3.448002908542638068e+01 5.432078371175913389e+01 7.120398147452854687e+01 8.286757193957471657e+01 7.931250849208365139e+01 6.349595772253029935e+01 4.372561507375441181e+01 4.500619206616613610e+01 4.829447321061752518e+01 6.816225463767530357e+01 7.695446936883456601e+01 7.695446936883456601e+01 9.695160284809784912e+01 9.577420430511156724e+01 9.577420430511158145e+01 1.110495512210760722e+02 1.202778416002395119e+02 1.001124625316391388e+02 9.534233461087438855e+01 7.521381207726922469e+01 8.458318675048734292e+01 6.576090973504324211e+01 7.698279958294523340e+01 7.673596137462556044e+01 6.174895705504762589e+01 7.099680695336307679e+01 5.218669320682752755e+01 7.212666849540205760e+01 8.695056849916221609e+01 8.795947723875089252e+01 1.071215081368357716e+02 1.071391041378626170e+02
3.420431841420676733e+01 5.453616478115863231e+01 6.101231658074616604e+01 5.256977489393276670e+01 4.726914585021033588e+01 3.143725096346951631e+01 4.548283389053245429e+01 6.544520683007593220e+01 7.672304509200409939e+01 6.524468683370768929e+01 5.117689623095220952e+01 4.045999762864227733e+01 6.020089827827506213e+01 6.815944309039463178e+01 7.052323054951823167e+01 7.052323054951823167e+01 9.047356471597520056e+01 9.126672728854907746e+01 9.949708775188169341e+01 1.094562921929636303e+02 1.238684586651952202e+02 1.143465430786443306e+02 9.421651332115852995e+01 7.983280496890589006e+01 8.458318675048734292e+01 6.447206351354908804e+01 7.558921901815344313e+01 5.708666552479037648e+01 5.793407513163210609e+01 5.032584006556104583e+01 5.108746075464477343e+01 6.898136859129709819e+01 5.918476157887053546e+01 7.073705547738300936e+01 8.487103922486009822e+01 1.049577151683145644e+02 9.749847876348967191e+01
2.961449151582218065e+01 4.889536323223818215e+01 4.216796339465231114e+01 3.403963120271274789e+01 2.731461591045387749e+01 4.726907784524856027e+01 5.966500735170181713e+01 7.005168640344965070e+01 6.846140926932841353e+01 4.860691565159061156e+01 3.723194010197856585e+01 5.699841226837656194e+01 6.844154763076826953e+01 6.489022941783731824e+01 5.080691661606245901e+01 7.052323054951823167e+01 8.125781027574640802e+01 7.124889326294382386e+01 8.128740821091440694e+01 1.012460463661838190e+02 1.158825008754399732e+02 1.100226861047274554e+02 1.016151943985199466e+02 8.135133346349121553e+01 6.690416467984310600e+01 7.558757893886279078e+01 5.568894674276737078e+01 5.878613276948059507e+01 4.926159710046029261e+01 6.910097256052745252e+01 5.852845007479420048e+01 7.792759502696091545e+01 7.919801459603024796e+01 6.808888439028484640e+01 8.205984418661958557e+01 1.020126827413472199e+02 8.972097704277138064e+01
2.937884798373232798e+01 2.467332294309090202e+01 2.287043993368780193e+01 2.337710643117388898e+01 4.331757347697755733e+01 5.196297526681011902e+01 6.471977785459549182e+01 5.018154591015199628e+01 5.018278272667851780e+01 5.181941939666466368e+01 3.502402370340267623e+01 5.484165778135711378e+01 6.000398119580194134e+01 4.548903346837713713e+01 6.505575405716975013e+01 5.675564933633838649e+01 6.125327940349424694e+01 8.125781027574640802e+01 9.949708775188169341e+01 1.094562921929636303e+02 9.591360098849861515e+01 9.006942658068012975e+01 1.041950790177102562e+02 9.567158858431783131e+01 7.767816489932008039e+01 5.794590881352930722e+01 5.307400840720706015e+01 4.822500105280744975e+01 6.797341628092088683e+01 6.606084224843536390e+01 7.835503570742814361e+01 7.353588431116760660e+01 9.504162208930357281e+01 8.205977536825265872e+01 8.057945877332299744e+01 1.005427345527564569e+02 9.084226739897202663e+01
4.113063611754986937e+01 2.216772941506840766e+01 4.124737971931084957e+01 4.306982464262007682e+01 2.412542246858084738e+01 3.815047713981157784e+01 5.211472477713103757e+01 4.789651762330888829e+01 3.025512463909615590e+01 3.192232359139147846e+01 3.461912507718455601e+01 3.734543256624933605e+01 4.030484872846863453e+01 6.000398119580194134e+01 7.329543763191637140e+01 7.666845614495242955e+01 8.125781027574640802e+01 7.194190190255299910e+01 8.352742771014840173e+01 1.034686054190026283e+02 9.591360098849861515e+01 7.588961873876148445e+01 8.590160986362998585e+01 9.418758756378409203e+01 8.608244728282585356e+01 7.761466873920649334e+01 6.726449570654656895e+01 4.751592476670536769e+01 6.132094142465096809e+01 8.090645018864661608e+01 8.509010380552248876e+01 9.533974895415354922e+01 1.050061686744573848e+02 1.020105377419831285e+02 9.462566966061527296e+01 1.089483493003787373e+02 9.024913085357258069e+01
2.149270070774309005e+01 4.127105468374216457e+01 4.941988981659100233e+01 5.156779681920125569e+01 4.407580336872437243e+01 2.488754660813675912e+01 4.392011744763269121e+01 2.793953412087424937e+01 4.789692804412651839e+01 4.020453318628999995e+01 4.955748668487966313e+01 5.711032475837919975e+01 4.464397787295791886e+01 4.676450725805796793e+01 6.637844823342523171e+01 7.394222781496803520e+01 9.397550784065616369e+01 8.612042713355546653e+01 1.001845667461764151e+02 1.116762927959547653e+02 1.041950790177102988e+02 8.590160986362998585e+01 6.555922159909538038e+01 7.792266873178829201e+01 7.308476369431713238e+01 6.863855592288267360e+01 6.537392293334416138e+01 4.681216471887233155e+01 5.499128049357976522e+01 6.833396117160884842e+01 8.759471618843922158e+01 1.080297995432352423e+02 1.050613505676906954e+02 1.133843461604061105e+02 1.148657811052131876e+02 1.197073604882620685e+02 1.061777428419367197e+02
2.102755328547727842e+01 3.493025873498012857e+01 5.480738808532750994e+01 5.854547279226670753e+01 3.903035139605916015e+01 4.386749761637075551e+01 2.566065300433051277e+01 3.063409094199752758e+01 5.360733773374631284e+01 6.239935901602644464e+01 6.596477261723701702e+01 7.295200145243981638e+01 6.956181468672953372e+01 6.637844823342523171e+01 5.393034807050859314e+01 7.394222781496803520e+01 8.399309047829336805e+01 1.039579252030192151e+02 1.142487063588036449e+02 1.019922061099609181e+02 9.366304601344506864e+01 9.418758756378466046e+01 7.792266873178829201e+01 5.745582080359299226e+01 5.317698847103817883e+01 4.947817496129709980e+01 4.582490871409030575e+01 6.508476756949606568e+01 7.322592091250756141e+01 7.522070457139709276e+01 9.507682011286145496e+01 9.086688127972686857e+01 8.498733958996392346e+01 1.050613505676906954e+02 1.169420618032001187e+02 1.252707643462714344e+02 1.156027933210100258e+02
2.056723359221431124e+01 3.444826097333709214e+01 5.462384412888089713e+01 6.677380724555730751e+01 5.843739920196340876e+01 4.969603521861279205e+01 3.873273669237890715e+01 2.649345142927901620e+01 5.182073857558516039e+01 6.022414032747860801e+01 6.783514400655137422e+01 7.732473396978396352e+01 7.780722360361160383e+01 8.222251446827989696e+01 7.394222781496803520e+01 6.389136515164275210e+01 7.813401141492194313e+01 9.813815861610041225e+01 1.019922061099630355e+02 9.047120722379155211e+01 7.377163751167279315e+01 9.047120722379116842e+01 8.624750719309652425e+01 7.792266873122979121e+01 7.186400201793387055e+01 6.359297282787471062e+01 4.513878833657506107e+01 5.620960252732314899e+01 7.615037162486234479e+01 9.257209884650670517e+01 8.466458179504139991e+01 7.076913393266954699e+01 9.086688127972686857e+01 1.042486904702182073e+02 9.687207950394494560e+01 1.110598864429958894e+02 1.311428893340619481e+02
3.014539901735040672e+01 3.602963903604873508e+01 4.997224159608827421e+01 6.959097690934116542e+01 5.718737658848271366e+01 3.868466034981774726e+01 2.733387490640875228e+01 4.658692393614283134e+01 4.854280734037457989e+01 4.316555651848960906e+01 5.226287386438543336e+01 6.180662029408367886e+01 5.821056846289038589e+01 7.780722360361386336e+01 8.531025527828435884e+01 8.399309047829336805e+01 8.399309047829336805e+01 1.039579252030192151e+02 9.366304601344506864e+01 7.377163751167279315e+01 6.242885048539348958e+01 7.286855066236932998e+01 8.112375396983529185e+01 7.092419389616341618e+01 6.266080091866624713e+01 4.416741600332937878e+01 5.873194936654273590e+01 7.183483292368701711e+01 8.445794655338504242e+01 7.907710440339351976e+01 6.454595491134944041e+01 8.466458179504139991e+01 7.837808076785874789e+01 8.418011387230070852e+01 9.576652773870114288e+01 1.099537206014395991e+02 1.300355089845659791e+02
2.304457476519444015e+01 4.280798255235055905e+01 5.277588652317231777e+01 6.102148294924199234e+01 6.498378352179139483e+01 5.357832358607747381e+01 3.846129893760224405e+01 2.818214554133521688e+01 2.878586680996463798e+01 3.787562289026882922e+01 4.966384063155369688e+01 4.256406633174184861e+01 5.971232257112768593e+01 6.515197124506408954e+01 6.546852220757830310e+01 7.238927450344905878e+01 8.069116663024549041e+01 9.224370794346364733e+01 1.008735688508350705e+02 8.687472072942864543e+01 6.706700506368923698e+01 5.323635388648500566e+01 6.544827775596061770e+01 6.173363666996012711e+01 4.328484626471492902e+01 6.266080009062032019e+01 4.619031904806382016e+01 6.576411442850363187e+01 7.627306137650636231e+01 5.897272757376214969e+01 7.907710440339351976e+01 9.298480860230252176e+01 9.845539141968802710e+01 1.042486904702182073e+02 1.125704863904644810e+02 1.135542813079902942e+02 1.135542813079902942e+02
4.226259383611230902e+01 2.867492965370866287e+01 3.292452866057885785e+01 4.695666784929747450e+01 6.682472316805592527e+01 6.419994433526150601e+01 5.443986404440786941e+01 3.712155062911293157e+01 4.611230922649532715e+01 2.964563613758111771e+01 3.167374140206459288e+01 5.000444551288772743e+01 4.322246106754541017e+01 4.584139039985007713e+01 6.097050865395826236e+01 5.261139189239857927e+01 6.394587649365688975e+01 8.392317067908821571e+01 9.267913256822190249e+01 7.162489676165247943e+01 7.474056922711453410e+01 6.492654531820831210e+01 4.602224053944072324e+01 4.239332117401195887e+01 4.468591350181204547e+01 7.039754113987982009e+01 6.576411442850363187e+01 4.824636596381989762e+01 6.797753198016005172e+01 5.529576884128766068e+01 7.533931824079898831e+01 8.923959083510018786e+01 9.761694428239192689e+01 1.098324710104705417e+02 1.015647048556202776e+02 9.355731934488638046e+01 9.355731934488638046e+01
