LEM_wLE/output/LEM_woLE_example/elevation_000010.asc
nrows	100
cellsize	150.0
xllcorner	0
ncols	100
yllcorner	0
NODATA_value	-9999
[rows 68 to 84 of 100, columns 0 to 36 of 100]
2.958550950857541384e-02 2.002958550950821959e+01 3.364089127200846718e+01 4.518789665580118964e+01 5.608531577615776342e+01 4.829048402010611341e+01 2.829048402010540997e+01 4.829048402010611341e+01 5.910204486744458308e+01 4.495990924371312758e+01 5.116853139454588728e+01 4.288426014708369394e+01 3.753603636690125711e+01 1.753603636690055367e+01 3.753603636690125711e+01 3.981864073348946675e+01 1.981864073348876332e+01 3.981864073348946675e+01 4.581378657447297087e+01 2.581378657447226388e+01 1.167165095074106063e+01 3.125412260514987040e+01 3.095911039876730442e+01 3.924338164622984948e+01 4.637671797128664508e+01 5.466098921874883843e+01 7.037331286529770580e+01 6.789409713868144536e+01 6.789409713868143115e+01 8.789409713868285223e+01 8.313125825479782804e+01 7.484698700733534338e+01 7.484698700733534338e+01 6.772119024682920951e+01 5.943691899936600720e+01 5.412653770912472595e+01 4.584226646166252550e+01
9.835479489548564214e-01 1.512568357268568064e+01 3.512568357268497010e+01 5.261404440115446590e+01 3.608531577615705999e+01 3.608531577615705999e+01 2.294525918185683011e+01 4.294525918185753710e+01 4.910204486744440544e+01 3.081777361998167919e+01 4.288426014708369394e+01 2.288426014708298695e+01 2.874212452335214252e+01 1.382212960335944985e+01 3.382212960336015328e+01 2.648584858140814902e+01 1.404513804159240564e+01 3.404513804159311263e+01 5.151022696319030558e+01 3.995592219820396451e+01 3.125412260514987040e+01 1.125412260514951335e+01 1.095911039876694737e+01 3.054203623404072943e+01 3.882630748150327804e+01 4.208904161783380005e+01 6.191223271577270992e+01 5.682780149227665589e+01 6.511207273973985821e+01 7.665907812353277961e+01 7.484698700733534338e+01 5.484698700733392229e+01 5.484698700733392229e+01 6.898912263106637965e+01 5.582586265052555774e+01 4.697465734818628391e+01 2.697465734818558047e+01
5.722010782348829760e-02 1.419935573155456332e+01 3.419935573155526498e+01 3.847190877742326620e+01 2.432977315369156557e+01 1.608531577615635300e+01 3.608531577615705999e+01 5.122953042931973044e+01 4.081777361998220499e+01 2.081777361998150155e+01 4.081777361998220499e+01 2.874212452335214252e+01 8.742124523351785470e+00 2.578700479180536220e+01 2.607640433189197893e+01 6.485848581407794633e+00 2.648584858140814902e+01 2.322595571572740170e+01 4.322595571572810513e+01 4.758405422370503146e+01 2.758405422370432447e+01 3.125412260514987040e+01 3.054203623404072943e+01 1.054203623404037415e+01 2.208904161783309306e+01 3.362796146830980604e+01 4.528079610848373449e+01 3.682780149227595246e+01 4.837480687606887386e+01 6.837480687607029495e+01 7.484698700733534338e+01 5.484698700733392229e+01 4.070485138360247390e+01 5.176057947360370548e+01 4.754159140306335729e+01 2.754159140306265385e+01 4.697465734818628391e+01
9.757004629446797139e-02 1.423970567002529286e+01 3.423970567002458409e+01 3.018763752996072114e+01 1.018763752996036409e+01 3.018763752996072114e+01 4.436958702361925333e+01 4.901016292356791837e+01 3.374670580811660869e+01 1.374670580811590170e+01 2.480243389811701960e+01 2.509021112965149669e+01 5.497696100736506608e+00 5.787004791805005155e+00 6.076404331891621879e+00 2.607640433189197893e+01 6.896024097172587908e+00 2.103815972090379205e+01 4.103815972090449549e+01 5.221131537216027851e+01 4.758405422370503146e+01 3.811647775733370480e+01 2.983220650987115619e+01 1.024734444939500300e+01 1.362796146830909905e+01 3.362796146830980604e+01 2.528079610848303105e+01 4.528079610848373449e+01 5.422506801848321345e+01 7.422506801848463454e+01 7.883164728547085076e+01 5.883164728546942968e+01 5.176057947360370548e+01 3.176057947360299849e+01 2.810909575690182649e+01 4.754159140306335729e+01 5.582586265052555774e+01
4.225409065741109194e-01 2.042254090657375443e+01 2.110919928656112887e+01 2.139372568641200800e+01 6.473730766419294902e+00 2.647373076641964929e+01 4.641174241291170688e+01 4.072589167610571792e+01 2.072589167610501448e+01 2.439596005755055685e+01 4.802433898116663435e+00 5.090211129651141420e+00 2.509021112965149669e+01 2.578700479180536220e+01 2.607640433189197893e+01 2.718624514840933060e+01 7.186245148408976213e+00 2.718624514840933060e+01 2.392704412469737818e+01 4.392704412469808517e+01 4.297454922911307307e+01 2.983220650987115619e+01 9.832206509870799138e+00 2.983220650987115619e+01 3.362796146830980604e+01 1.879193926325241293e+01 3.879193926325311992e+01 3.422506801848250291e+01 4.836720364221395130e+01 6.836720364221537238e+01 7.564394718715733745e+01 5.883164728546942257e+01 3.883164728546871913e+01 5.176057947360370548e+01 4.810909575690253348e+01 2.868029123487937326e+01 4.868029123488008025e+01
8.169748314230130815e-01 8.247592245664854271e-01 1.109199286560772713e+00 1.393725686411652953e+00 2.139372568641200800e+01 1.812747116544880654e+01 3.812747116544951353e+01 3.227405096253885119e+01 2.398977971507630613e+01 4.395960057550200695e+00 2.439596005755055685e+01 1.325517693892847326e+01 2.142014274820595432e+01 4.142014274820665776e+01 3.873325053220240477e+01 1.873325053220169778e+01 2.718624514840933060e+01 7.597112506142567057e+00 2.759711250614292410e+01 3.629255489500920362e+01 2.297454922911236608e+01 2.912408153797078114e+01 9.538817622981978772e+00 2.953881762298233582e+01 4.545860592991990501e+01 2.545860592991919802e+01 4.545860592991990501e+01 5.422506801848320634e+01 4.836720364221395130e+01 6.836720364221537238e+01 6.735967593969485279e+01 4.735967593969343881e+01 5.883164728546942257e+01 4.925183646009601546e+01 2.925183646009531202e+01 4.868029123488008025e+01 5.022915266408931956e+01
7.482281904641915338e-01 2.074822819046383771e+01 2.110919928656112887e+01 2.139372568641200800e+01 1.797539546893994755e+00 2.179753954689434892e+01 3.048591304920528344e+01 2.398977971507630613e+01 3.989779715075951305e+00 2.398977971507630613e+01 3.268023130501310192e+01 2.480218232272119394e+01 3.325517693892918203e+01 4.970441399566885821e+01 4.701752177966459811e+01 3.028025591599441668e+01 3.588138375360546917e+01 2.759711250614292410e+01 8.008283647546299733e+00 2.800828364754665500e+01 8.832413605381164601e+00 9.124081537970425870e+00 2.912408153797078114e+01 2.953881762298233582e+01 4.953881762298303926e+01 4.545860592991990501e+01 3.810771657059316198e+01 5.810771657059386541e+01 6.836720364221537238e+01 7.665147488967785705e+01 7.443074375156058409e+01 5.443074375155916300e+01 7.443074375156058409e+01 5.753610770755821591e+01 4.925183646009601546e+01 2.982384901590872062e+01 3.022915266408861257e+01
6.697973685351282791e-01 1.481193299226620397e+01 3.481193299226691096e+01 3.008181079435639660e+01 2.179753954689434892e+01 2.201641801742881377e+00 2.220164180174323576e+01 2.370271480451429014e+01 3.702714804513934421e+00 1.784485042824513812e+01 3.784485042824584156e+01 4.480218232272189738e+01 5.308645357018409783e+01 6.153944818639208592e+01 5.856452716345732057e+01 5.028025591599512012e+01 3.695255555754632582e+01 1.695255555754561883e+01 2.800828364754665500e+01 8.420064383267570562e+00 2.842006438326792761e+01 2.912408153797078114e+01 1.324976652300563629e+01 3.324976652300634328e+01 3.756307745114395402e+01 5.756307745114465746e+01 5.810771657059386541e+01 5.810771657059387252e+01 7.810771657059528650e+01 9.443074375156199096e+01 7.443074375156056988e+01 6.597774913535249652e+01 7.137085439970341838e+01 5.137085439970199729e+01 3.982384901590907589e+01 4.982384901590942405e+01 5.022915266408931956e+01
9.239707316362346656e-01 1.506610635536705978e+01 3.506610635536635101e+01 3.634377742547478363e+01 1.634377742547408019e+01 2.220164180174323576e+01 2.606074407969112272e+00 2.260607440796946932e+01 3.415768100632063042e+00 2.341576810063241965e+01 3.681139123283517733e+01 4.388245904470077363e+01 5.216673029216297408e+01 6.371373567595589549e+01 6.004656632513196968e+01 4.004656632513126624e+01 2.849956094133834128e+01 3.109469118127682208e+01 3.445029127482359854e+01 1.445029127482289688e+01 3.445029127482359854e+01 4.153403777046853662e+01 3.324976652300634328e+01 1.756307745114324703e+01 3.756307745114395402e+01 4.612612445365192571e+01 5.020860735829062804e+01 5.849287860575282139e+01 6.849287860575417142e+01 8.263501422948561981e+01 9.426202038281640228e+01 8.597774913535391761e+01 7.965512564716590305e+01 6.810812026337298164e+01 5.137085439970199729e+01 5.445441169133980708e+01 3.445441169133910364e+01
7.344999525375345284e-01 1.487663557626835953e+01 3.487663557626764543e+01 4.462804867293698408e+01 3.634377742547478363e+01 2.260607440796946932e+01 2.260607440796946932e+01 3.010713895689371533e+00 2.301071389568972592e+01 1.048683591249760028e+01 1.681139123283447034e+01 2.388245904470007019e+01 3.542946442849299160e+01 5.542946442849369504e+01 6.833083757259517199e+01 5.678383218880124161e+01 4.849956094133904827e+01 5.109469118127752552e+01 4.273456252228579899e+01 3.445029127482359854e+01 2.599729665861561756e+01 4.599729665861632100e+01 4.584734869860614737e+01 3.170521307487445029e+01 2.227712265905364575e+01 2.612612445365121872e+01 3.020860735828992105e+01 4.020860735829027277e+01 5.435074298202172116e+01 6.995174415025716996e+01 7.823601539771965463e+01 8.823601539771999569e+01 9.269196831790185342e+01 7.965512564716590305e+01 7.137085439970341838e+01 5.708054034853434899e+01 3.708054034853364556e+01
8.205962881864476977e-01 1.082059628818636021e+01 2.496273191191706076e+01 4.496273191191635021e+01 5.089034565543236965e+01 3.715284951942127378e+01 1.715284951942057035e+01 1.455771927948198829e+01 3.129498514315177360e+01 2.462897153622880353e+01 2.681676753105241318e+01 4.388245904470077363e+01 5.216673029216297408e+01 5.624189741857644975e+01 6.209976179484529268e+01 6.349041366572913603e+01 5.520614241826753243e+01 4.858542304693336433e+01 4.030115179947175363e+01 4.858542304693336433e+01 4.599729665861632100e+01 4.232722827717071823e+01 5.998948432233735417e+01 4.934819047091995259e+01 2.934819047091924560e+01 4.612612445365192571e+01 4.435074298202137300e+01 3.751157479169238940e+01 4.328507748358885010e+01 4.995174415025574888e+01 5.995174415025609704e+01 7.995174415025751102e+01 8.440769707043936876e+01 6.440769707043794767e+01 5.440769707043723713e+01 4.684840761025242983e+01 3.977733979838670564e+01
1.503081736372913202e-02 2.001503081736337464e+01 3.910486753564725149e+01 3.491959731115565546e+01 4.320386855861725905e+01 4.543712076688347423e+01 3.715284951942127378e+01 3.455771927948268996e+01 4.284199052694489041e+01 4.462897153622950697e+01 4.681676753105311661e+01 5.510103877851531706e+01 5.038403304230759971e+01 3.624189741857716029e+01 4.209976179484600323e+01 5.062176165774118175e+01 3.520614241826824298e+01 3.887621079971358284e+01 2.030115179947246773e+01 4.030115179947175363e+01 5.001949252569748694e+01 6.232722827717142167e+01 7.061149952463462398e+01 5.763246171838214593e+01 4.089519585471217056e+01 4.934819047091995259e+01 6.435074298202279408e+01 5.165371041542383779e+01 5.742721310732029849e+01 6.995174415025716996e+01 7.823601539771965463e+01 8.823601539771999569e+01 9.269196831790185342e+01 8.269196831790114288e+01 7.440769707043865822e+01 6.414169760310812762e+01 4.414169760310670654e+01
1.711296032766891351e-01 2.017112960327633431e+01 3.165686317482535372e+01 1.491959731115636778e+01 3.165686317482535372e+01 3.957294373966838208e+01 4.611957767290414267e+01 3.783530642544253908e+01 3.783530642544254619e+01 5.783530642544183564e+01 5.561075219861228192e+01 4.732648095115067832e+01 4.209976179484599612e+01 2.209976179484670666e+01 3.550834017165323075e+01 3.062176165774189229e+01 3.746376169662070765e+01 1.887621079971429694e+01 3.887621079971358284e+01 2.173522127823659389e+01 4.173522127823588335e+01 5.146099246601036015e+01 5.877172226686347045e+01 6.705599351432407218e+01 6.089519585471287400e+01 6.917946710217607631e+01 7.763246171838385123e+01 7.165371041542525177e+01 7.742721310732171958e+01 8.502357039241445591e+01 9.330784163987577529e+01 1.017608362560826549e+02 9.495049989350732744e+01 7.495049989350590636e+01 6.080836426977395348e+01 5.080836426977360532e+01 6.414169760310812762e+01
6.634215400813491259e-01 2.066342154008099286e+01 2.217629471825443943e+01 3.372591927363951747e+00 2.337259192736359736e+01 1.957294373966909617e+01 2.628830104165058046e+01 1.783530642544324962e+01 3.783530642544253908e+01 4.838184638176537078e+01 4.732648095115067832e+01 2.732648095115138887e+01 3.318434532741997600e+01 1.454047233466229549e+01 1.550834017165394307e+01 1.647962603401119352e+01 1.746376169662142175e+01 3.746376169662070765e+01 4.716048204717519354e+01 4.173522127823588335e+01 2.317672121854946354e+01 4.317672121854874945e+01 3.877172226686418099e+01 5.877172226686347045e+01 7.438230408702160901e+01 7.148741523752181592e+01 7.148741523752180171e+01 7.977168648498312109e+01 8.176083625608406180e+01 6.502357039241587700e+01 7.347656500862275664e+01 8.873742816249740883e+01 9.702169940995872821e+01 8.909263551723785213e+01 7.635536623202750661e+01 5.635536623202609263e+01 7.635536623202750661e+01
1.702428053490451232e-01 2.017024280534868907e+01 2.176294718254795590e+00 2.217629471825443943e+01 4.576450458221638762e+00 5.430808115938396519e+00 6.288301041650937506e+00 2.628830104165058046e+01 2.838184638176608132e+01 2.838184638176608132e+01 4.012327098688896854e+01 3.183899973942771666e+01 1.318434532742068654e+01 3.318434532741997600e+01 3.550834017165323075e+01 2.355069384587654469e+01 2.502305115680583469e+01 3.746376169662071476e+01 5.746376169662000422e+01 5.146099246601036015e+01 3.731885684227991362e+01 2.462958664313373447e+01 4.462958664313302393e+01 4.609803283956171072e+01 6.562955086125266746e+01 5.148741523752322991e+01 5.148741523752322280e+01 7.148741523752180171e+01 6.347656500862380824e+01 5.347656500862417062e+01 7.347656500862275664e+01 6.873742816249882992e+01 8.873742816249740883e+01 9.049750185575946659e+01 7.049750185575804551e+01 6.529963814202588424e+01 8.463963747948999128e+01
1.450734497938095391e-01 9.842548080904982566e-01 2.098425480809014232e+01 3.046056596571619579e+01 1.612345584201394999e+01 2.543080811593804214e+01 2.628830104165058046e+01 7.512281164375141707e+00 8.381846381766438370e+00 2.838184638176608132e+01 3.050861952895224860e+01 1.183899973942807193e+01 1.939828919961248488e+01 3.939828919961177434e+01 5.110998330606024354e+01 3.110998330606095763e+01 4.502305115680512415e+01 3.767216179747890692e+01 5.767216179747819638e+01 6.560312808973981191e+01 5.291385789059462752e+01 4.462958664313302393e+01 2.609803283956241415e+01 4.609803283956170361e+01 5.588986080991210059e+01 3.734527961379277627e+01 5.734527961379206573e+01 5.770306231672775255e+01 4.347656500862451878e+01 4.882178984687281798e+01 5.459529253876887367e+01 6.353956444876771315e+01 7.508656983255941952e+01 9.508656983255799844e+01 8.463963747948999128e+01 7.684664352581921776e+01 9.358390938948978999e+01
2.896770308316644060e-01 2.028967703083131013e+01 1.731418642664473140e+01 3.731418642664402086e+01 3.612345584201323589e+01 4.440772708947484659e+01 3.579655241183603920e+01 1.905928654816745293e+01 2.838184638176608132e+01 9.618631209972640761e+00 1.050861952895260387e+01 3.050861952895224860e+01 3.939828919961177434e+01 3.354042482334293140e+01 5.354042482334222086e+01 4.525211892979140771e+01 4.743991492461490367e+01 5.767216179747819638e+01 5.767216179747820348e+01 7.046962220143070965e+01 5.365732229974598511e+01 3.365732229974669565e+01 4.609803283956170361e+01 2.760558956245120754e+01 4.760558956245049700e+01 3.067861294712634646e+01 5.067861294712563591e+01 3.770306231672846309e+01 5.770306231672775255e+01 6.882178984687139689e+01 7.459529253876745258e+01 8.287956378622877196e+01 9.182383569622760433e+01 1.033708410800193178e+02 1.046396374794914124e+02 9.684664352582063884e+01 1.051309147732831235e+02
