LEM_wLE/output/LEM_woLE_example/elevation_000001.asc
nrows	100
cellsize	150.0
xllcorner	0
ncols	100
yllcorner	0
NODATA_value	-9999
[rows 51 to 67 of 100, columns 0 to 36 of 100]
8.885398060199247716e-01 2.088765738482801382e+01 8.868242545185994530e+00 2.886679362017078532e+01 2.220103469636664428e+01 4.219760806730076297e+01 5.982633949853079969e+01 4.555614691465446242e+01 4.555608720095649034e+01 4.767192174364592461e+01 3.645322798347080351e+01 2.819246972156054554e+01 8.703593072170734857e+00 1.765312637980333932e+01 2.931912134576568008e+01 5.069345270652431168e+01 4.800637514521859828e+01 2.938931805611057513e+01 4.535813522112793095e+01 2.534179831095361379e+01 3.380165813981574985e+01 3.417546799155435622e+01 2.008463501882541280e+01 3.492459329081097508e+01 1.544345405809408689e+01 3.545587855528945909e+01 3.598763266392047910e+01 4.807768360506674554e+01 5.630389697471581911e+01 5.293346082398787189e+01 5.323583371193879543e+01 3.706742260076133988e+01 4.073498766992845788e+01 2.144567080807695092e+01 4.144416683755993347e+01 2.286986275180082018e+01 2.337409647698132176e+01
1.344321116831868057e-01 3.615985230797136296e+00 2.361494043742436233e+01 2.886682722678152047e+01 4.219761043930598987e+01 3.162912479062715576e+01 5.162263118937476492e+01 6.553501454205587606e+01 5.689311269689233086e+01 4.691109491441135759e+01 2.923141674887762420e+01 9.223306826723836949e+00 2.871154067792897280e+01 3.697149394414956447e+01 4.219915425421883981e+01 5.043540983720220083e+01 3.906676517703750307e+01 1.929206000922978248e+01 3.955961232767044322e+01 3.327375828766350452e+01 1.379082512772901126e+01 1.416428783393616797e+01 1.453800691142397206e+01 1.491270705575479028e+01 3.492461943849085060e+01 4.371111210960422966e+01 5.599072879867095764e+01 4.673606934834601390e+01 3.849568626673778482e+01 3.294311121854977387e+01 3.324571470668459483e+01 4.073494823676099941e+01 2.073681038603325533e+01 4.073497618869672010e+01 2.215720993457115284e+01 4.215606238281758067e+01 2.737501239688563359e+01
8.052006432555327553e-01 2.080431704068390530e+01 2.361493084854266655e+01 4.360350989701569802e+01 5.704494703098662001e+01 4.577100504453361651e+01 4.577101726289825478e+01 6.575003102599798410e+01 4.867210448948051749e+01 2.865887080987087643e+01 1.865280756127871697e+01 2.923142673958818349e+01 9.744063774266086497e+00 2.975232866430817324e+01 2.218554716200100430e+01 3.890317379988663760e+01 3.169386685472377252e+01 1.221010620923763312e+01 3.221965991795190121e+01 1.326339396781981250e+01 3.327377133565235567e+01 2.831317421967738213e+01 3.454954715009814947e+01 2.491585556568120197e+01 3.492462797250890816e+01 5.492795251703373083e+01 4.630921828372452609e+01 3.806817281214770077e+01 1.849789406950841197e+01 1.880039571426634737e+01 1.910303540809620060e+01 3.910065073933826341e+01 2.023669039053277174e+01 4.023463146117047984e+01 3.627677636192336053e+01 5.038906102929423980e+01 4.737761324343811253e+01
2.804825088837598068e-01 2.027961797636313790e+01 2.527582699199456329e+01 3.941709542145318323e+01 5.939412706968089850e+01 6.574904175012186158e+01 6.574994349353681855e+01 7.388381437591023371e+01 5.689294532539622651e+01 3.866555396773748754e+01 3.866550940216156107e+01 2.043669112605883598e+01 2.975235765977388169e+01 1.026568223330862928e+01 1.063570400455530596e+01 3.064433261870678749e+01 1.168468456402731803e+01 3.169389754679998816e+01 1.273639975075244024e+01 3.274633511600328717e+01 3.327260046920720526e+01 4.832828200281416287e+01 5.316875241887504444e+01 4.493329400486877034e+01 5.316842290740004273e+01 5.220361575265793874e+01 3.221303615800719911e+01 1.807023832419655207e+01 3.806814424403702901e+01 3.879811594360483440e+01 3.910065794186374433e+01 1.953127662689245270e+01 3.952875884882850244e+01 3.178471804012430368e+01 5.177680163888793885e+01 6.328665797544559979e+01 6.164956847000691198e+01
7.810880442414250835e-01 8.946053853369816622e+00 2.308816969946928310e+01 4.308347472349282725e+01 4.894476542088933968e+01 6.909652902909790839e+01 6.450780765312777021e+01 7.278616001564915905e+01 6.681833507980923059e+01 4.725016467072061488e+01 3.309503741201678650e+01 4.044977889915019631e+01 3.499081641859700653e+01 1.497923509201365633e+01 3.064433751831445463e+01 1.115958398194538326e+01 3.116848704440809215e+01 3.995185469164436398e+01 2.168194218561236397e+01 4.100369146316422331e+01 5.326733467481967210e+01 5.208489686050597101e+01 4.989616813670687634e+01 5.637066717311652297e+01 4.815428045323924522e+01 4.558123939626479881e+01 3.733895340340401248e+01 1.776804679283183575e+01 3.776601940630563092e+01 4.006763348693641547e+01 2.007058969432941709e+01 3.952879447264547963e+01 4.776755222303091841e+01 5.177742929737826216e+01 4.811279831236133475e+01 6.808513347786144720e+01 7.501387316802265559e+01
7.232205343510359485e-01 2.072233119637848731e+01 3.472478381259854530e+01 2.884223936976257008e+01 4.894476543311764516e+01 5.020343373202038606e+01 4.428238836392808508e+01 6.450663704208419347e+01 7.536372160070030191e+01 6.130765405504385512e+01 5.310540182205518533e+01 3.643899682444248356e+01 2.228401770801337278e+01 3.499104940427354649e+01 3.707731126703196622e+01 1.694022656176985464e+01 3.705947965149195511e+01 4.993964257457358258e+01 3.583638916191170409e+01 4.993946254457761569e+01 5.208502664957348571e+01 3.209200622258502023e+01 2.990433303858612035e+01 4.400427370996987975e+01 2.816066817413309309e+01 3.691212651041121262e+01 1.734082932391493159e+01 3.733895190087401517e+01 4.600692240608685779e+01 4.830500580653412612e+01 4.006763680954035323e+01 2.061023463158897329e+01 3.475237486165746503e+01 5.474138095623675326e+01 6.602555368225259258e+01 7.620993016167153655e+01 7.104926126860472380e+01
9.494692443194679976e-01 7.616135910985794233e+00 1.468724085158341275e+01 3.473013824797762084e+01 5.018889384970395184e+01 3.008898866232711100e+01 5.016150602790031598e+01 6.107158095888027560e+01 6.596044436205492900e+01 6.813441890273099943e+01 6.464293035149351851e+01 5.054087724165360385e+01 3.123577037733994644e+01 3.384125130711078810e+01 4.536912543348393712e+01 2.721335707626596800e+01 3.118596184278186456e+01 5.137307441515860518e+01 5.584792401104037651e+01 5.250454741614220211e+01 4.357964035590368468e+01 3.533474577587310961e+01 1.576129144970898999e+01 3.575979673752902244e+01 1.661267263554807627e+01 1.691390349426528417e+01 3.691210710661859906e+01 3.733677751717312532e+01 5.729893672734977628e+01 5.512184205346051158e+01 3.513400075283039570e+01 2.099201514334706786e+01 4.098819314290345517e+01 3.786182026651462706e+01 5.784620083455081385e+01 5.692478405847989364e+01 5.107420543665789125e+01
2.836664262828419991e-01 2.028280591052551785e+01 3.472467304867902982e+01 4.183026344119750206e+01 3.358644115336814195e+01 2.301730708096812705e+01 3.289990579913145297e+01 5.288506430936192970e+01 4.599343149297303057e+01 4.817932442680405103e+01 6.813443243963585871e+01 5.947279065068439508e+01 4.279498122699023099e+01 4.279496506033278536e+01 5.640750408716667152e+01 4.343392027377341691e+01 5.136689839172681360e+01 5.974159121779434400e+01 5.840919747981259746e+01 3.842315513318045817e+01 2.428150026490826008e+01 1.533610751739067979e+01 3.533473772736873286e+01 1.618686124155347272e+01 3.618527977413686614e+01 3.691215083555788112e+01 2.421788747680773213e+01 3.576476762234453588e+01 5.575853525683496770e+01 5.512233366301114756e+01 3.513400611860076594e+01 4.098838238008384849e+01 2.153281479563235834e+01 4.152842057915820817e+01 4.623889059598424467e+01 3.693476626029108445e+01 5.692445135829505887e+01
1.404418693552202946e-01 2.013957624710372230e+01 3.123199579884060739e+01 2.984082250578836693e+01 1.358922146818528098e+01 1.657064543816972702e+01 3.656697765008753720e+01 4.535672064543680904e+01 3.185262334871574552e+01 5.184083291382386705e+01 6.815443837976611974e+01 7.098424419376574690e+01 6.280406844637591490e+01 5.435318312059906987e+01 7.096519193413881510e+01 6.624892804745985586e+01 6.109778340974523303e+01 6.245889008386164676e+01 5.427616872978092744e+01 5.250411154791152057e+01 3.503445280168867981e+01 1.503576348080714276e+01 3.503445715687288953e+01 3.032985446975759558e+01 4.442138229499181534e+01 5.024213761140511281e+01 3.024833391204832722e+01 5.024223505192848194e+01 6.396837062183607969e+01 6.331514422737209458e+01 5.512233682235564913e+01 4.976303601102281249e+01 4.152879925701699904e+01 2.207430481248456644e+01 2.624501547252830846e+01 3.227516305056125390e+01 3.934543790490145199e+01
6.646099058385387393e-01 2.974010982597037334e+00 2.297286697848158354e+01 9.842878221862980226e+00 2.984080549265248195e+01 3.656712402897042580e+01 2.109975357327608947e+01 2.536376788865079135e+01 4.535689987017643432e+01 4.001754378291927594e+01 5.999609064639015088e+01 7.805730928023875492e+01 8.242593997496938130e+01 7.433873828861165123e+01 7.459987938027695975e+01 5.550497003674676932e+01 4.212292469253753779e+01 5.198892266319401045e+01 3.432799897510551546e+01 3.798710078194206829e+01 3.430992200639317957e+01 1.473552202613449502e+01 2.887865156467653449e+01 4.887101023688992285e+01 5.852373004701926362e+01 5.846601596483959895e+01 5.024375503979388924e+01 4.179461582778267825e+01 6.178543918727019957e+01 7.158658090754690306e+01 6.013359516229797208e+01 5.122971813529157004e+01 4.245417858201656003e+01 2.245889087201720358e+01 4.245419331564571053e+01 4.257364579495740742e+01 5.226662017117474335e+01
6.164072599657668405e-01 2.061551020366728437e+01 6.307344315930357048e+00 2.630412365801303665e+01 2.398494738610635224e+01 4.398010887107891875e+01 4.109474900285014343e+01 2.840271945454940905e+01 4.839216761139601175e+01 5.999554213834230154e+01 5.001685611506995599e+01 6.414817241889475952e+01 8.402270349447627495e+01 8.658485382609273984e+01 6.812192193022420383e+01 5.522598916035770600e+01 5.198893130979059407e+01 3.247805063298858386e+01 3.798806286868486382e+01 1.802549563696225121e+01 1.431106169461222777e+01 3.388705249250454443e+01 3.943302701659905551e+01 4.575714971052897084e+01 5.399744335406582962e+01 6.292234766008047586e+01 6.996985969985355780e+01 5.593511150136858845e+01 6.996970444103391173e+01 6.346033878670432671e+01 4.349267978152548153e+01 3.194750876058297351e+01 2.300327893582292660e+01 4.245417046156793361e+01 5.068683682647271382e+01 6.256681874838593416e+01 7.075833665458212351e+01
7.616414269703414286e-01 2.076076512507646754e+01 1.525161566849161865e+01 3.456082577572520620e+01 4.397994937702666363e+01 5.220570007397107304e+01 4.839219405428869436e+01 4.839439938835997168e+01 3.734694234002576962e+01 5.733216222387903116e+01 6.996944490539651440e+01 6.632477262876932400e+01 8.614403079848378297e+01 8.185572826906937394e+01 7.975408486364979410e+01 6.967588106374941503e+01 4.746535132350157227e+01 3.220469890127324675e+01 2.404676244042389399e+01 3.798791978606162445e+01 3.346484800179479890e+01 1.388807898773301019e+01 1.943609329615889081e+01 2.576114588284335838e+01 3.470519221645405850e+01 4.884654823799485968e+01 6.883854312035875012e+01 7.590949854036290390e+01 7.911813771630009740e+01 6.761903580235104982e+01 4.941345463014754102e+01 2.941912966107994265e+01 2.338871928140448730e+01 4.338327770238305447e+01 5.094496650096305501e+01 5.952442527519126969e+01 6.827459428921456208e+01
8.582653206718614536e-01 1.500039165448089662e+01 3.499745299667466014e+01 2.939366423066689649e+01 4.353524030561543157e+01 6.351844144715396823e+01 6.831908057172024940e+01 6.549140185644550627e+01 4.889313328103367695e+01 5.148711401182819714e+01 7.145074542380008609e+01 8.614415554949378873e+01 7.454774667103063734e+01 5.964908614609046822e+01 7.442061996597321638e+01 6.881566990664009609e+01 4.868163833945988017e+01 4.027544735269243859e+01 4.391762710712035300e+01 3.346487782082910911e+01 1.346580891033985772e+01 3.346454376246622076e+01 3.943309478515890731e+01 4.575714187126140331e+01 5.399562095902060577e+01 6.292154663319465158e+01 7.552257103958676510e+01 8.464684327364709304e+01 7.095723172688718705e+01 5.096279736700076057e+01 3.941793401560217802e+01 4.941167903592268829e+01 4.338328154402238113e+01 2.393523689463529180e+01 4.392933038174091820e+01 3.874195161189095415e+01 5.956406220312489808e+01
9.616989121453964895e-01 2.096078808161104945e+01 4.007821665534607547e+01 4.938657680492828916e+01 5.024041456185871368e+01 5.846786201038733566e+01 6.997622800678946930e+01 7.697450619993381338e+01 6.886228549425362644e+01 7.145041461241483205e+01 7.955748060238158814e+01 7.552925182060633347e+01 6.483523888875360797e+01 4.487266746692171893e+01 6.481931921090382787e+01 7.693929570080432256e+01 6.826969267805220909e+01 6.013463522547180418e+01 4.698932786856264698e+01 2.727921256004029260e+01 1.316735612231404851e+01 2.731061458017651233e+01 4.730448205086064917e+01 5.929694195816550462e+01 5.109033388995052860e+01 4.742629095962163888e+01 6.739811389656209428e+01 6.473988353843326138e+01 7.866621733649104442e+01 6.762387135682352834e+01 5.355806115970932524e+01 5.337552296032792043e+01 3.336311623084845479e+01 4.392930700377311837e+01 2.448308368206168240e+01 4.447637601841806543e+01 5.325213044759462377e+01
2.866789980725219511e-01 1.183368406981060517e+01 3.183163010823316696e+01 3.954992784214829271e+01 3.024227028068535716e+01 4.178939522227175019e+01 6.178639563340931318e+01 7.184006214675464719e+01 7.184046004279201725e+01 7.994728195869515730e+01 6.951066756660122792e+01 5.531779637727618848e+01 5.620016213592322174e+01 3.584923010864842752e+01 5.618296835289039848e+01 6.475190482565182037e+01 5.652572362070397816e+01 6.475126999410581163e+01 4.770276564756598958e+01 2.708283186237202855e+01 1.286907280633966089e+01 3.286825469758504425e+01 4.863684020544813791e+01 4.040406841623551060e+01 3.109836904413915093e+01 5.109059303739384461e+01 5.794104573450873374e+01 5.060331803366688774e+01 7.057054953773936745e+01 8.172386571767266616e+01 6.499588307905260365e+01 4.491256907331892734e+01 5.337551724271519760e+01 3.861712665916296316e+01 4.447673378956349666e+01 2.503205930453781747e+01 4.502523798350219408e+01
7.776801193288799263e-01 2.077677971685227476e+01 1.352158584252333640e+01 1.955181275862298307e+01 3.955085266245213660e+01 5.846725034371414154e+01 6.590612060578386888e+01 5.186573898626922841e+01 5.186574414521077614e+01 7.184049027240851615e+01 6.123860727683969429e+01 4.096589623175096051e+01 4.841765066310622245e+01 2.948863340131286392e+01 4.970201232916809886e+01 5.477014541609365494e+01 3.651916508027255048e+01 5.476960133811062548e+01 4.670790990600858095e+01 2.671420273833060222e+01 1.257092567486396639e+01 3.214873294249166236e+01 3.548158369052391237e+01 2.040782480771919438e+01 4.040405916149703103e+01 3.310482280620084339e+01 3.795533098770155789e+01 5.794221877931433085e+01 6.792622648175655797e+01 8.775462296177305177e+01 7.327023901285622287e+01 5.648200104141044164e+01 5.844166259603826319e+01 5.851483982068863554e+01 4.541308447568170692e+01 2.542045919965677570e+01 4.541327901115580090e+01
5.059075238208947667e-01 5.356620024547575909e+00 1.690362570108704432e+01 3.690129336170384278e+01 4.779683208823856688e+01 5.651155630506133321e+01 4.829171832280751175e+01 3.772393360325443012e+01 5.771615046652835446e+01 6.416455593253071754e+01 6.767125347808685376e+01 4.551790784893605490e+01 2.799068500087656375e+01 2.366841955896762073e+01 4.384338114398453001e+01 4.651950723580205960e+01 2.651917435329389860e+01 4.651944167289966003e+01 5.171135075328697184e+01 3.172904965679721556e+01 3.172906699387187146e+01 1.214942757527173534e+01 1.548339918101329715e+01 3.548159017173693996e+01 2.643830978119921227e+01 4.643197820869558257e+01 5.794204034706605455e+01 4.795469509455514157e+01 6.209309317303701903e+01 8.201971455298176750e+01 8.511227149628942357e+01 7.673081728281387370e+01 7.788165994171222906e+01 5.954391543032366485e+01 3.956052581835491821e+01 4.541329534469866047e+01 2.597055866879836472e+01
