LEM_wLE/output/LEM_woLE_example/elevation_000003.asc
nrows	100
cellsize	150.0
xllcorner	0
ncols	100
yllcorner	0
NODATA_value	-9999
[rows 68 to 84 of 100, columns 0 to 36 of 100]
2.958550950857541384e-02 2.002958550950682692e+01 3.364089125327224394e+01 4.518789662348655156e+01 5.608802423184054220e+01 4.829313361923010461e+01 2.829298932607799699e+01 4.829313361923019698e+01 5.911442146033000711e+01 4.497182838775724889e+01 5.118266737086416640e+01 4.289803924690788506e+01 3.754960483273009686e+01 1.754909049067391180e+01 3.754960483274346217e+01 3.983498781003750366e+01 1.983432478230258056e+01 3.983498781003851263e+01 4.584498955361029005e+01 2.584363517063323812e+01 1.170077678489131401e+01 3.128319115216791602e+01 3.098734928076580886e+01 3.927219312660490402e+01 4.640906061420934492e+01 5.469406390513392324e+01 7.040308762453383906e+01 6.792851371516734105e+01 6.792851371516393044e+01 8.793022983774820034e+01 8.322744473927369313e+01 7.494171180715981961e+01 7.494171180733499682e+01 6.780204055191241252e+01 5.951636126259126058e+01 5.420741953455814155e+01 4.592175164879045468e+01
9.835479489548564214e-01 1.512568357268568064e+01 3.512568357266447094e+01 5.261672579375232317e+01 3.608788336008527153e+01 3.608788336008529996e+01 2.294774353600116257e+01 4.294787021701495178e+01 4.911410687980988143e+01 3.082926044547129862e+01 4.289803925679747465e+01 2.289744303801592196e+01 2.875548200475761007e+01 1.383515568135528717e+01 3.383560159317476490e+01 2.650179035542886652e+01 1.406072778466389828e+01 3.406129371852117060e+01 5.152826374894267047e+01 3.998678368492470980e+01 3.128319115216786273e+01 1.128210784642365638e+01 1.098629106054863414e+01 3.056910345336778434e+01 3.885392201565151993e+01 4.211676152467024536e+01 6.194050810089804315e+01 5.685573727005564137e+01 6.514059489271015480e+01 7.668847813206112107e+01 7.494171180715981961e+01 5.493788520355332139e+01 5.493788520355332139e+01 6.908266498827265423e+01 5.591457237498651267e+01 4.705930655419072650e+01 2.705624820883831916e+01
5.722010782348829760e-02 1.419935573155456332e+01 3.419935573157974318e+01 3.847450047518128713e+01 2.433227515601844360e+01 1.608778314819402055e+01 3.608788336008523601e+01 5.123219973827597329e+01 4.082957745635275160e+01 2.082907273423362682e+01 4.082957745635280133e+01 2.875548202446050894e+01 8.755035122563912253e+00 2.580106622441335773e+01 2.609124382870959025e+01 6.501066981340441586e+00 2.650179035544373818e+01 2.324286832817825044e+01 4.324361972127287856e+01 4.761421584265801243e+01 2.761287710841136089e+01 3.128319115216789825e+01 3.056910345336774526e+01 1.056808032670241815e+01 2.211563103674156139e+01 3.365434468562811077e+01 4.530783297728350334e+01 3.685418031403318651e+01 4.840205658685894718e+01 6.840367983878493874e+01 7.494171182388565455e+01 5.493788520355416694e+01 4.079330884304033589e+01 5.185100569414331062e+01 4.762883608974528471e+01 2.762569497916076244e+01 4.705930655419072650e+01
9.757004629446797139e-02 1.423970567002529286e+01 3.423970567001956056e+01 3.019017556301473704e+01 1.019008981005859305e+01 3.019017556301476546e+01 4.437221147414776112e+01 4.902111643365347504e+01 3.375833119969352225e+01 1.375790524841326068e+01 2.481386879995762840e+01 2.510241021036596720e+01 5.510322526063558435e+00 5.800388871929098578e+00 6.090547382863694459e+00 2.609124382870962222e+01 6.912323731365115798e+00 2.105499815449652345e+01 4.105572217965822546e+01 5.223136763045083342e+01 4.761421584265804086e+01 3.814206944039425196e+01 2.985729328426304008e+01 1.027258682397491008e+01 1.365350400642724971e+01 3.365434468562926185e+01 2.530658497858151890e+01 4.530783297728416414e+01 5.425279061853746754e+01 7.425434360100409492e+01 7.892710164168286724e+01 5.892331354388021225e+01 5.185100569414325378e+01 3.184785061207827539e+01 2.819572122216967358e+01 4.762883608974708949e+01 5.591457237479435349e+01
4.225409065741109194e-01 2.042254090657237597e+01 2.111096291445704054e+01 2.139622181789013666e+01 6.476150601432264509e+00 2.647625287554960494e+01 4.641549290483244761e+01 4.073661984701148953e+01 2.073616722770966092e+01 2.440631866634458547e+01 4.813259239690384383e+00 5.101779774056051764e+00 2.510241021036550890e+01 2.580106622441334352e+01 2.609124382870962577e+01 2.720408139141514425e+01 7.203310847403783690e+00 2.720408139141514781e+01 2.394584152474267214e+01 4.394668149940915924e+01 4.299755518917394426e+01 2.985729328426307205e+01 9.856327803578770030e+00 2.985729328426307205e+01 3.365434468562672521e+01 1.881760783389288960e+01 3.881857122780629510e+01 3.425125727684140742e+01 4.839445210309651912e+01 6.839607091561381935e+01 7.573865094791767660e+01 5.892331354697430612e+01 3.891980557948921415e+01 5.185100569414334615e+01 4.819894600373422122e+01 2.876948767200848067e+01 4.877279973898721011e+01
8.169748314230130815e-01 8.257034625264417782e-01 1.110817516545608452e+00 1.396026533187724183e+00 2.139622181789016153e+01 1.813098649993828815e+01 3.813114491887414914e+01 3.228351871121203942e+01 2.399906499941032223e+01 4.405741060875199899e+00 2.440631866634458191e+01 1.326711366058734676e+01 2.143224404927168081e+01 4.143277689846642886e+01 3.875150029680320785e+01 1.875078405638964796e+01 2.720408139141517623e+01 7.615265068194752018e+00 2.761606404441017304e+01 3.631302415164834230e+01 2.299658928097867872e+01 2.914720401247290837e+01 9.562147642662454317e+00 2.956308994824430414e+01 4.548565609176361590e+01 2.548440149984804748e+01 4.548565609173196833e+01 5.425279061853545670e+01 4.839445210309651912e+01 6.839607091545138928e+01 6.745294303686227977e+01 4.744918792708998723e+01 5.892331354697422796e+01 4.934701052259538301e+01 2.934361102204836769e+01 4.877279973898721721e+01 5.032890506860067603e+01
7.482281904641915338e-01 2.074822819046247346e+01 2.111096291445704054e+01 2.139622181789018640e+01 1.800826861166309634e+00 2.180108395179993863e+01 3.049060010561112222e+01 2.399906499941027604e+01 3.998524123157126020e+00 2.399906499941032934e+01 3.269079339558049924e+01 2.481431391718891533e+01 3.326755702061503683e+01 4.971731392375265557e+01 4.703616390239999134e+01 3.029811323038313375e+01 3.590071151764713875e+01 2.761606404441093687e+01 8.027525575166906791e+00 2.802835353654146644e+01 8.853848456141513168e+00 9.146294139059353512e+00 2.914720401247287995e+01 2.956308994824392755e+01 4.956423070148699850e+01 4.548565609177150293e+01 3.813419192361306642e+01 5.813575583986109052e+01 6.839607091545144613e+01 7.668086915232119338e+01 7.452537787800230262e+01 5.452151029164745211e+01 7.452537787800233104e+01 5.763281415158502341e+01 4.934701052259539011e+01 2.991821036397484690e+01 3.032535512049970450e+01
6.697973685351282791e-01 1.481193299226620397e+01 3.481193299409792274e+01 3.008542551739127546e+01 2.180108395179966863e+01 2.205922406905546751e+00 2.220623790922339325e+01 2.371124282925682891e+01 3.710732146040256918e+00 1.785327266860815243e+01 3.785363383906917534e+01 4.481490184425177858e+01 5.309944867875646679e+01 6.155272458750973641e+01 5.858371072382799127e+01 5.029904177755592798e+01 3.697296215923390150e+01 1.697220924676338427e+01 2.802835353654078432e+01 8.440400500377622350e+00 2.844125818071586664e+01 2.914720401247290837e+01 1.327229634606525188e+01 3.327304305360731718e+01 3.758653185434432942e+01 5.758779778494881185e+01 5.813575583986207107e+01 5.813575583961029025e+01 7.813726787682112729e+01 9.452913808300112919e+01 7.452537789002505519e+01 6.607071847985521629e+01 7.147275585238166684e+01 5.146886806736053188e+01 3.991989342998987667e+01 4.992169756982081452e+01 5.032890506860076130e+01
9.239707316362346656e-01 1.506610635536705978e+01 3.506610635453832714e+01 3.634851374417116432e+01 1.634831545556693655e+01 2.220623790922346430e+01 2.611353474714556366e+00 2.261172595067336033e+01 3.423062790998744553e+00 2.342354023119441209e+01 3.681936260891860968e+01 4.389056741897282166e+01 5.217501834340267663e+01 6.372228277160455434e+01 6.006824134143751337e+01 4.006706098446273501e+01 2.851953787663827455e+01 3.111479126267512285e+01 3.447170264923330762e+01 1.447098102808645415e+01 3.447170264923258287e+01 4.155780693979679796e+01 3.327304305360724612e+01 1.758570721126119452e+01 3.758653185434431521e+01 4.615004182995885884e+01 5.023279488033776374e+01 5.851764133534897638e+01 6.851836728819449718e+01 8.266150420710729918e+01 9.435990080462251228e+01 8.607465431282579971e+01 7.975906288600474170e+01 6.820943212173595782e+01 5.146886806729478536e+01 5.468569636416938096e+01 3.468216116527246129e+01
7.344999525375345284e-01 1.487663557626835953e+01 3.487663557626223110e+01 4.463288475938057331e+01 3.634851374417127090e+01 2.261172595067336744e+01 2.261172595067322533e+01 3.016996601727710114e+00 2.301742359641426816e+01 1.049442325308258006e+01 1.681905213485656958e+01 2.389017992975903582e+01 3.543737701555861008e+01 5.543784025312162100e+01 6.835294041729312653e+01 5.680527849451441824e+01 4.852055447822782952e+01 5.111583778840496706e+01 4.275643023677913845e+01 3.447170264923452976e+01 2.601827909777654568e+01 4.601929396947593176e+01 4.587132651790247451e+01 3.172830577458642409e+01 2.229980674005205543e+01 2.614887097976935237e+01 3.023147167579952566e+01 4.023206108892415500e+01 5.437524918538402829e+01 6.997739396027404268e+01 7.826226743692588173e+01 8.826289381481453233e+01 9.313015746213444856e+01 7.975871292029302140e+01 7.147274896410259259e+01 5.740784519116395046e+01 3.740421831714108691e+01
8.205962881864476977e-01 1.082059628818636021e+01 2.496273191191706076e+01 4.496273191190592655e+01 5.089637819862966950e+01 3.715976162095483204e+01 1.715947538298491892e+01 1.456431361916408029e+01 3.130182687754390258e+01 2.463673511819678907e+01 2.682457031677324366e+01 4.389056741897294955e+01 5.217501834350819223e+01 5.593708119064264395e+01 6.179292985154822304e+01 6.307016002527163323e+01 5.478979582332268450e+01 4.813144720666615228e+01 3.985025287740197086e+01 4.813144720652556430e+01 4.601929396947598150e+01 4.234899953904174197e+01 6.001434726011564180e+01 4.937233038784657424e+01 2.937106350938132593e+01 4.615004182991656023e+01 4.437450497473442113e+01 3.753483358041660978e+01 4.330873269047148000e+01 4.997590959419493117e+01 5.997669557662779027e+01 7.997809360613493368e+01 8.484426251458690160e+01 6.484007381702238604e+01 5.483817062796941855e+01 4.727749214441693226e+01 4.020518612100003253e+01
1.503081736372913202e-02 2.001503081736206724e+01 3.910486751032265573e+01 3.485797784703787983e+01 4.314178656515942833e+01 4.544417878283596224e+01 3.715976162095486046e+01 3.456458656632179327e+01 4.284900328535674419e+01 4.463710936278027930e+01 4.682495401449467209e+01 5.510939730471051945e+01 5.007954431242202986e+01 3.594081310369357851e+01 4.179758442793448836e+01 5.026949774533130011e+01 3.479449129368615701e+01 3.846369804026447525e+01 1.985646411608736273e+01 3.985025287740192113e+01 4.952607506867487075e+01 6.235023139068716347e+01 7.063494404465942011e+01 5.765715939145612623e+01 4.091872795868771817e+01 4.937233038785367256e+01 6.437595781899945280e+01 5.167800973849283963e+01 5.745195680381637970e+01 6.997739414090931120e+01 7.826230225131502038e+01 8.826308875409714005e+01 9.313018776393050757e+01 8.312810767020610569e+01 7.484216799398505771e+01 6.492388082959959661e+01 4.492003667646654463e+01
1.711296032766891351e-01 2.017112960327462190e+01 3.159524197806223711e+01 1.485864403710550263e+01 3.159524197897032849e+01 3.947095698719629553e+01 4.599989683861871015e+01 3.771654256168026365e+01 3.771654256168010022e+01 5.771467571875376024e+01 5.533842714171207433e+01 4.705650212741004168e+01 4.179758442792267203e+01 2.179985594811226335e+01 3.518291286819472674e+01 3.027299311687214001e+01 3.708864683787200534e+01 1.846960723709368679e+01 3.846369804026448946e+01 2.125170986799483330e+01 4.124519817564430468e+01 5.092750752751781818e+01 5.819674066329962869e+01 6.647552595891116312e+01 6.092016605958803410e+01 6.920496889860640977e+01 7.765850593346777941e+01 7.167945514007006125e+01 7.745336280652000482e+01 8.419553691527063677e+01 9.246993347578731459e+01 1.009128587649004629e+02 9.637546190617671016e+01 7.637126555470263156e+01 6.222621677968334097e+01 5.222434529950521664e+01 6.492388082966027696e+01
6.634215400813491259e-01 2.066342154007962861e+01 2.213794687013312767e+01 3.314107887606867475e+00 2.331135708820367469e+01 1.947197666933157478e+01 2.617015862877473253e+01 1.771761894619080024e+01 3.771654256168024943e+01 4.821967837977660309e+01 4.705650212740926008e+01 2.705909639390589305e+01 3.291620092710842016e+01 1.424420034255300394e+01 1.518815054100361728e+01 1.613524566613309830e+01 1.709425483148503133e+01 3.708864683787127348e+01 4.674519506836067251e+01 4.124519817564426916e+01 2.265377679226130425e+01 4.264696265167987121e+01 3.820317654705030463e+01 5.819674066329984186e+01 7.375472092159665749e+01 7.072311822741670539e+01 7.072310835972081122e+01 7.899863361636937498e+01 8.093491146712582918e+01 6.421511499241792365e+01 7.265983494452642333e+01 8.790538645514928362e+01 9.617936314400039066e+01 9.051623526980388590e+01 7.855413073182435824e+01 5.855005925041244552e+01 7.855413073175427030e+01
1.702428053490451232e-01 2.017024280534731773e+01 2.140003031910494347e+00 2.213794687013312412e+01 4.495087087561205230e+00 5.332981070844668992e+00 6.173753309704131276e+00 2.617015862877469345e+01 2.822157846755104771e+01 2.822157846754870292e+01 3.988603517718500768e+01 3.160325068253019154e+01 1.292097663593189694e+01 3.291620092710900991e+01 3.518291286819472674e+01 2.320258914295081709e+01 2.464970272244847749e+01 3.708864683786114114e+01 5.708382008687362941e+01 5.092750752767557998e+01 3.679080684649138533e+01 2.406629549756465991e+01 4.405915589661142917e+01 4.548562932561084438e+01 6.486703894237496115e+01 5.073509041423741905e+01 5.073509040816323790e+01 7.072310835972081122e+01 6.266653740042887932e+01 5.267324233670864686e+01 7.265983467307391663e+01 6.792674124017406712e+01 8.790538645523676564e+01 9.488748334455179645e+01 7.488329349972293869e+01 7.009933649381470389e+01 8.684003394388119546e+01
1.450734497938095391e-01 9.695675106547196886e-01 2.096851550978998446e+01 3.042196913867245911e+01 1.603923576040839194e+01 2.532954238756396848e+01 2.617015862877472898e+01 7.373365273246965224e+00 8.225440319309560877e+00 2.822157846755106192e+01 3.030420831375718294e+01 1.160772150492225485e+01 1.916365751217200142e+01 3.916186120107003887e+01 5.075812516882854197e+01 3.076114884460501386e+01 4.464686297405285842e+01 3.729764752067347189e+01 5.729309322564528628e+01 6.506420820820530082e+01 5.233935125215553086e+01 4.405915589661142917e+01 2.549313337294620396e+01 4.548562932561075911e+01 5.522728560626202921e+01 3.659606813269231651e+01 5.658944619019254674e+01 5.689541183953842562e+01 4.267477209806416738e+01 4.801959610132675493e+01 5.379240099226687022e+01 6.273337175378309638e+01 7.427120343261141500e+01 9.424690142893034306e+01 9.488748334474276191e+01 9.010359444633844817e+01 9.838940700438818965e+01
2.896770308316644060e-01 2.028967703082989615e+01 1.729848745788980935e+01 3.729826768244847557e+01 3.603839508383342860e+01 4.432202036434056680e+01 3.565300084156168481e+01 1.891714048811631343e+01 2.822157846755105126e+01 9.437056164533373703e+00 1.030833582568447504e+01 3.030420831375718294e+01 3.916186120100834245e+01 3.330481231172579726e+01 5.330202806523019632e+01 4.490199994365509184e+01 4.708922267294287423e+01 5.729309322564929374e+01 5.729309322564932927e+01 6.984593095176744271e+01 5.304297915595028456e+01 3.304811093410455669e+01 4.548562932561071648e+01 2.695584906738326936e+01 4.694786621764055923e+01 2.993401132709958645e+01 4.992498695753949534e+01 3.690240142253313138e+01 5.689541183953841141e+01 6.800890450642037877e+01 7.377835094446939479e+01 8.205305206082242364e+01 9.098792721499765435e+01 1.025207612066316472e+02 1.139384176120787089e+02 1.056683331093525879e+02 1.139384176171556220e+02
