LEM_wLE/output/LEM_woLE_example/elevation_000003.asc
nrows	100
cellsize	150.0
xllcorner	0
ncols	100
yllcorner	0
NODATA_value	-9999
[rows 17 to 33 of 100, columns 0 to 36 of 100]
4.336683913182175498e-01 8.598634200595407506e+00 1.859863420059523165e+01 3.274076982432568172e+01 5.274076982429375704e+01 4.503658011563880592e+01 3.675231113621600798e+01 1.817544729442392537e+01 2.119056074020161518e+01 4.119056070510280421e+01 5.138132440707148163e+01 5.966559070980100188e+01 6.764190077982124194e+01 7.592616582721345253e+01 6.975547979941893573e+01 4.975547569163365580e+01 6.975547988999309723e+01 7.136128830896699071e+01 7.136128830772452147e+01 7.067705467923526896e+01 8.481919386912007042e+01 1.048196471792743125e+02 1.101916697226590287e+02 1.019081386840203294e+02 9.595246296979739498e+01 1.042359863196340228e+02 9.632001769070801345e+01 7.958484651605029114e+01 9.631993246875867953e+01 9.556285858930230859e+01 7.556925358422277839e+01 7.693740091238079515e+01 5.694614453890177685e+01 7.467383687986585983e+01 8.295570058002354585e+01 7.029409039851989860e+01 7.842140349101975971e+01
5.385724909496417689e-01 2.053857249094789239e+01 3.382109979803449562e+01 4.210537102117513086e+01 5.210537100775177066e+01 6.248994000278212013e+01 4.420567414616909474e+01 2.420567418597930498e+01 4.119056070510195866e+01 2.560782178319555413e+01 3.138132447509191181e+01 5.138132440707631332e+01 6.966558863389272460e+01 8.121259353165234529e+01 6.975547986683324098e+01 6.975547989281039918e+01 6.044592536877014766e+01 8.044593441231492648e+01 9.136140494809166057e+01 9.067714558270054681e+01 9.896283922080550610e+01 1.011426067228462671e+02 9.269087628798445166e+01 8.440784427034598991e+01 7.595659820739196277e+01 9.269091424295318404e+01 8.803621648122999943e+01 6.804140380650115105e+01 8.795266789616729852e+01 9.623567744173877259e+01 9.556285858908532305e+01 8.521937001955254232e+01 7.467383687986581720e+01 5.468260974348994097e+01 7.467383687986038865e+01 5.875239734012058079e+01 6.725402891978164632e+01
8.336531950628578436e-02 6.750031986172923659e+00 1.382109979803846045e+01 2.382109979803863808e+01 4.382109979803566802e+01 5.420567410588907364e+01 3.420567418597966025e+01 4.420567414616505886e+01 4.938746644713314282e+01 2.938746651328789383e+01 4.938746644714832712e+01 4.138132447509257617e+01 5.292832985893875986e+01 7.292832958051812398e+01 8.975552243420321474e+01 8.044593440189646572e+01 7.458806124115798752e+01 8.873033829807906159e+01 9.736561279112076761e+01 9.891240651364755365e+01 1.047696128780763019e+02 9.192720411597235852e+01 7.286395822712748327e+01 6.441324712654969176e+01 6.441324712655075757e+01 8.440784469259935463e+01 8.047888481154069495e+01 6.048495911558176630e+01 6.795790738550587662e+01 8.795267502314581520e+01 1.031949771412112540e+02 8.464081339032641438e+01 6.464860669104466240e+01 5.310705177999452076e+01 6.874826091115048143e+01 4.875679931079833551e+01 4.726245549241314592e+01
4.524162703296725763e-01 1.045241627032958576e+01 3.045241627032598331e+01 4.210537101890725609e+01 5.210537100747651351e+01 6.248993986137975298e+01 4.834780980977425457e+01 5.420567410445173806e+01 5.767173241106054604e+01 4.093447189709048217e+01 3.555960051177178372e+01 5.555960037014380504e+01 5.771125608907080817e+01 7.185339168281075217e+01 9.185338936503235630e+01 1.004460167330588547e+02 9.458809129049903675e+01 9.150918091469262095e+01 7.736937923037049814e+01 7.891603495260326895e+01 8.477283658370726016e+01 8.364424048704935899e+01 6.364970044309304598e+01 5.287048670107772352e+01 7.286395822694363744e+01 8.714516647495234736e+01 7.381424106394260320e+01 5.382092134493996127e+01 7.381424106393509987e+01 8.319876087120195507e+01 8.319876087120135821e+01 9.292312798613866676e+01 8.138010300230303073e+01 6.504835747329288154e+01 5.091264623434513936e+01 6.874826091115042459e+01 6.526479301961219903e+01
4.402443450947634007e-01 2.044024434509304911e+01 3.045241627032591580e+01 5.045241627021601971e+01 4.818742998037420477e+01 5.647169434376865382e+01 6.834780953618461297e+01 7.420567290572006414e+01 6.921880665079837058e+01 6.093447272999192421e+01 4.450387242177125557e+01 4.311888997195659101e+01 6.311888971737408127e+01 7.993115732090858216e+01 8.993114572592995160e+01 9.817454294116372182e+01 8.817649981477650556e+01 7.989355697502877263e+01 6.323137023645944765e+01 6.477790134133029198e+01 8.477283658370147634e+01 8.278193940516381133e+01 6.731876690393413298e+01 4.732550369594012096e+01 5.886828437631367450e+01 7.886234067011947957e+01 6.881591086156279857e+01 4.882280156868448984e+01 6.881591086156133485e+01 6.320442024030838724e+01 8.319876087120199770e+01 9.998924234112665488e+01 9.332302029430445600e+01 7.918568888223259705e+01 7.090398209025629228e+01 7.918568888118176119e+01 7.354631861745825461e+01
4.237187090225543740e-01 1.456585433275337849e+01 3.456585433274773322e+01 3.404529443879145845e+01 2.818743009654921394e+01 4.818742998037384240e+01 5.606921581840560975e+01 6.435308185135605186e+01 7.435364546578998102e+01 7.278810905034146117e+01 5.605087780560968724e+01 6.311888971736863141e+01 5.164691862618131069e+01 6.164691862620914975e+01 8.164691765896733955e+01 8.989130737523497316e+01 6.989580657489550219e+01 5.989915206724142394e+01 5.323494008939851341e+01 6.690615580847446608e+01 7.518864179504068090e+01 7.449927976296255849e+01 5.450552335939472215e+01 4.296251664942419524e+01 6.295587912125014896e+01 7.377839459803598743e+01 6.422917681325415629e+01 4.423601778586292710e+01 5.055983692396318219e+01 7.055322952982815821e+01 7.999342904718423597e+01 7.999342904718373859e+01 9.513424351987154637e+01 8.685172834872709302e+01 9.011145578222436825e+01 8.003463477766977974e+01 6.004216551781817657e+01
9.142864485297492738e-01 2.091428644852791763e+01 2.827179176673971028e+01 1.404529447286985544e+01 3.404529443879145845e+01 4.606921555061837381e+01 3.606921567351287194e+01 4.606921567351349722e+01 6.606921955981817973e+01 8.433508940602911252e+01 7.605087665241282480e+01 7.993116084368601548e+01 6.319392401010080107e+01 7.993116099343158965e+01 8.993114670121984489e+01 9.817454293771091045e+01 8.817649981406685811e+01 7.989355697502753628e+01 6.690615580851256539e+01 4.691262318327184744e+01 6.113452008688799566e+01 6.941682365758134665e+01 5.903485813357032441e+01 3.904117316141442728e+01 5.378425921328508963e+01 5.378425921328492620e+01 5.470402144009651835e+01 3.987284818399408692e+01 5.986631165409404076e+01 6.734812073554036260e+01 5.999944105725718657e+01 7.999342904718420755e+01 8.359073594063062274e+01 6.685854010784389345e+01 7.597399542547930196e+01 6.183653506656078491e+01 6.004216551781803446e+01
9.064013007315497861e-01 4.557885017432641739e+00 8.271791780973646979e+00 2.827179176673925909e+01 2.090523787857009097e+01 2.606921567351322366e+01 4.606921555062037044e+01 6.435350111462508949e+01 7.435366849196498151e+01 7.313595292807382009e+01 7.313595177607923858e+01 8.142025969801518670e+01 8.319392220016067085e+01 9.147812405490731180e+01 1.006889898734494864e+02 8.914415522589111163e+01 8.086119899891389196e+01 7.379207285128846650e+01 6.776369849525627842e+01 6.113452008688713590e+01 4.114086615614279907e+01 6.113452008688708617e+01 6.731701591797455819e+01 5.378425921327995951e+01 3.378982780401115349e+01 5.076217146787691092e+01 3.470986121651601763e+01 5.157977027255646618e+01 5.735147106790400784e+01 4.735482140027549036e+01 6.734812073554014944e+01 8.052332136429151888e+01 7.530865573589463224e+01 5.531638962605204313e+01 6.376611551566035985e+01 4.770016573269069937e+01 5.811681334722220527e+01
3.063610709598194592e-01 2.030636107095809706e+01 2.827179176673979555e+01 3.655606144986908390e+01 4.090523780146900634e+01 4.606921555061839513e+01 4.239914727168477526e+01 6.239914240088855024e+01 6.727812873334261212e+01 5.313594974768077606e+01 5.313594974710524355e+01 7.313595046305630376e+01 7.797526529587383948e+01 8.626006700611020506e+01 9.240575905327912665e+01 7.240999423022329040e+01 6.086669074471777918e+01 5.379821693462068311e+01 4.777014169347972938e+01 4.242657990299299087e+01 3.742776382870228957e+01 5.325274874461871377e+01 5.806597740666067864e+01 4.978388078974044362e+01 3.036007164892260590e+01 3.076712961382935774e+01 3.117460859680700835e+01 3.158499246055260201e+01 3.735771302069571220e+01 5.149549797562801245e+01 7.148904072814654853e+01 6.052971455428680514e+01 7.466779259308754035e+01 6.376611551565574132e+01 4.377386753180842049e+01 3.770337887984814529e+01 3.812410449320390882e+01
2.739570439748240105e-02 2.002739570439576866e+01 2.406505488930423198e+01 3.820719051303468206e+01 5.820719051296946844e+01 5.595593509948404431e+01 6.239914355471074003e+01 5.833385108517773432e+01 5.004954278385794453e+01 3.899381411806994180e+01 5.313594974768064105e+01 7.313595292380230717e+01 5.797525567392086998e+01 7.471273144295403768e+01 8.471296054251284602e+01 8.914415521271132548e+01 8.086119899891203033e+01 7.379207285128839544e+01 6.776369849525625000e+01 6.242019569160517278e+01 5.325274874461874219e+01 3.325806444171715270e+01 4.921321250330417740e+01 2.978853174772419621e+01 4.978388078974068520e+01 4.231180678650689941e+01 5.116951977861526757e+01 5.157977027255649460e+01 3.216720069378684599e+01 5.216178708694596367e+01 5.374098429173301383e+01 4.639264527402070115e+01 6.638570640855962779e+01 5.710203285437334841e+01 3.710903258898697032e+01 5.650929175960169459e+01 5.811681334722218395e+01
1.758338105654860817e-01 7.735123270749997282e+00 2.187725889448120142e+01 4.187725889447546734e+01 3.962600234940590838e+01 3.595593371365436752e+01 5.595593509948401589e+01 5.004954278384825272e+01 3.004954220807046639e+01 4.855331978506363555e+01 5.263580293218576855e+01 5.700016108445563390e+01 4.642825028959983058e+01 5.642825028965162915e+01 7.642825885111453488e+01 8.928998164405254556e+01 7.929225046718529768e+01 7.100955278547186822e+01 7.929225772000143024e+01 6.847492963069532834e+01 5.693101491758996247e+01 4.864882528618819180e+01 2.921768908398955134e+01 4.921321250330433372e+01 4.978388078974101205e+01 6.230558429387147612e+01 7.058782379363505299e+01 5.257350678699608437e+01 3.257905651047633455e+01 5.257350678699603463e+01 3.374692100309268028e+01 5.374098429173303515e+01 5.474029449035547401e+01 6.302199551256435228e+01 5.591745506506137531e+01 3.651611399410967351e+01 4.805951450153956017e+01
4.683972685643240652e-01 2.046839726856256192e+01 3.601939449542671667e+01 3.896601298442681127e+01 1.962600208229151733e+01 3.896601298455488660e+01 3.771383117207560787e+01 4.033995988427410140e+01 2.470431736982188653e+01 2.855331916441945950e+01 3.263580206905822934e+01 3.700015987377823024e+01 5.114229550221431708e+01 7.114229963971132520e+01 8.471282350467268429e+01 8.100705302294076660e+01 6.101205052179743404e+01 5.101526128402252169e+01 6.101240718353256653e+01 6.019255474623540181e+01 4.019822881238801671e+01 2.865313414192796060e+01 4.864882528618813495e+01 4.554419376557073207e+01 6.553847374292938355e+01 7.806072739079134237e+01 6.671096963485409503e+01 4.671757793786766655e+01 5.257350678699592805e+01 3.316249399864572212e+01 5.315675080067644842e+01 3.433234166500997020e+01 3.474655901054651252e+01 5.474029449035544559e+01 3.592409484564145572e+01 5.591745506506134689e+01 5.650929175960187933e+01
2.051881798473268459e-01 2.020518817984559234e+01 2.534284563979273130e+01 2.749950114553915625e+01 1.068173017229220179e+01 3.068173031995024758e+01 1.771383090790746806e+01 2.033995956510196379e+01 4.033995988427480484e+01 4.855331978513098790e+01 5.263580293218593198e+01 5.700016108432423323e+01 4.769060955029252824e+01 6.183274519328964658e+01 8.183275434957339201e+01 8.928997536233940480e+01 7.515073254039177186e+01 5.515612104292015516e+01 4.101821748244321242e+01 5.284981350571840863e+01 4.768713242357772231e+01 2.825448841871770966e+01 4.239405615034639396e+01 6.238850678883445511e+01 7.382094742900173401e+01 8.179678210372341596e+01 7.499317560422426254e+01 6.671096963485406661e+01 6.143857455559604830e+01 4.316017223235910194e+01 6.143857455607961526e+01 4.847040263230757517e+01 5.474029449035546691e+01 3.533297145816023743e+01 5.532651846519342342e+01 5.006174897937455626e+01 7.005438011439498780e+01
8.187695587851057111e-01 2.081876955878336233e+01 5.342845571520476788e+00 7.499501035589253739e+00 2.749950114553921310e+01 1.406234719120629784e+01 3.406234738962032793e+01 4.033995988426968893e+01 2.850492537437936846e+01 3.744919728437884032e+01 4.899620266838221028e+01 6.899620500263259260e+01 5.923761493507204534e+01 7.597501646990728830e+01 8.839927280208679861e+01 7.840146464104049073e+01 7.011869270355394690e+01 6.345396434008303999e+01 5.284981350571998604e+01 3.285483547858926556e+01 2.769116525565355502e+01 4.768713242357775073e+01 5.653251755599180228e+01 6.875822421338334323e+01 7.594050767137724733e+01 6.180100561970017026e+01 6.765763295691955648e+01 6.984498439955979165e+01 7.143536473584163105e+01 6.315332936899505256e+01 7.143536473689849231e+01 6.846338768959577692e+01 5.870594437743781668e+01 3.871299106088138586e+01 5.870594437743783800e+01 7.005438011439568413e+01 7.833638517305951154e+01
2.311624522989861319e-01 2.327732125742826952e+00 2.232773214306016740e+01 1.904650641959521096e+01 3.578378081536544641e+01 2.820448281560583936e+01 2.560935257500666751e+01 4.560935330872371196e+01 3.850492537438169904e+01 4.850492592240096457e+01 6.573352036738238269e+01 7.728056133662072114e+01 7.923762116314317439e+01 8.752211483856292773e+01 8.011617985387728424e+01 6.012120557709530999e+01 5.012450762628326828e+01 4.345990449632762420e+01 3.743112094665605838e+01 3.165842679197597320e+01 2.729424978097788923e+01 4.673157124001950535e+01 4.048070511025491669e+01 5.461946466211040274e+01 5.952484435091265880e+01 4.766259028595946745e+01 4.766259028595946745e+01 4.984982203541017753e+01 6.984498439955979165e+01 7.593021471684478740e+01 8.421334767310199254e+01 7.284291900734092451e+01 5.285021775480798567e+01 5.870594437743831406e+01 4.415476582021275931e+01 6.414719417723893002e+01 7.972944759717547925e+01
9.845726073866658545e-01 2.098456954410724862e+01 3.061147172978240150e+01 3.904651817838567496e+01 4.733130606543698349e+01 4.820448399318642885e+01 3.715635795898790406e+01 5.389367424422076880e+01 5.264706100603848427e+01 6.678925635031845331e+01 7.678931982679709733e+01 7.645618927455193159e+01 7.645618926820475281e+01 9.645590747957301403e+01 8.839927271155730182e+01 7.840146543570764948e+01 7.011869269663064586e+01 6.234106305991708297e+01 4.234672568933470416e+01 5.165364018617795949e+01 4.673157124001948404e+01 2.673534251671646444e+01 2.634075106953373435e+01 4.577962539644556728e+01 3.952967903187033727e+01 4.499293178491009826e+01 3.352359401313054121e+01 5.351900269413731337e+01 6.179127511576366061e+01 5.593473457542184235e+01 7.593021471684480161e+01 8.112506721982067859e+01 7.284291900734083924e+01 7.046930519615389699e+01 5.047703475591674049e+01 5.145504029553826797e+01 7.144735553349170232e+01
3.295302290958179725e-02 1.417508865289973130e+01 3.417509497766207716e+01 4.144630571989371504e+01 4.144630431975331675e+01 6.144625826747626007e+01 5.715636004139879134e+01 6.544077120438190320e+01 7.264706489890880903e+01 7.209161182287742520e+01 6.380745379269075812e+01 5.645678244802789436e+01 7.645618927455183211e+01 8.257229491289383816e+01 8.439720753323130964e+01 7.853879605487874471e+01 7.866691175144396198e+01 5.867191229497169047e+01 5.648471408605326616e+01 6.087005071230261422e+01 4.087522129127007275e+01 4.673157124001804874e+01 4.577962539644557438e+01 2.578314832425102310e+01 2.538955134089810883e+01 2.499625884949103138e+01 4.443825880305599441e+01 5.110349950065339186e+01 4.179627782653952295e+01 6.179127511576371745e+01 6.633848614800251653e+01 7.462144508124191589e+01 8.461953733028778402e+01 7.753775042457394306e+01 5.754516821073994493e+01 7.144735553349158863e+01 5.997949662169214946e+01
