LEM_wLE/output/LEM_woLE_example/elevation_000006.asc
nrows	100
cellsize	150.0
xllcorner	0
ncols	100
yllcorner	0
NODATA_value	-9999
[rows 68 to 84 of 100, columns 37 to 73 of 100]
2.640817829663612315e+01 4.055031413924874073e+01 6.055032702102653985e+01 6.900502571656809891e+01 6.640988984971268394e+01 7.469422248251818530e+01 8.624127993236938039e+01 9.333440387404598937e+01 8.276241273183259750e+01 7.690452036463790364e+01 7.909232314446576595e+01 9.841411232600823666e+01 1.059351296520009953e+02 8.919763127580507955e+01 1.059351296520009953e+02 9.870085084703626421e+01 9.041644459016883673e+01 8.038274724355662215e+01 6.038272031447359467e+01 7.038273377901516881e+01 5.130329488435503293e+01 5.196160290303168949e+01 7.196161754966547619e+01 7.290811532580862320e+01 9.290820354951866022e+01 8.234663519765655337e+01 6.234660955282835459e+01 8.234663519765655337e+01 9.030572940708975693e+01 9.859012528783982532e+01 9.411360341366551552e+01 9.004568063348078510e+01 8.176131619104225479e+01 6.281611733030536726e+01 8.281614286317807228e+01 8.691725673324954471e+01 6.691722521715588812e+01
4.640818228850314853e+01 5.469248252612749184e+01 5.354610884931849313e+01 6.183041702748850810e+01 6.482064711826377845e+01 7.310497572521128973e+01 7.482065960068356958e+01 9.482077596141154174e+01 1.027625670237956541e+02 9.690461593163533394e+01 9.909243870591629388e+01 1.073768912434290570e+02 1.174822954457087292e+02 1.091977906633350131e+02 1.045586832049453250e+02 8.455853755361189883e+01 7.041638709308470823e+01 7.776729758514636615e+01 7.038273377901516881e+01 5.038272026645667978e+01 7.038273377901516881e+01 7.196161754966547619e+01 5.290809995159231960e+01 7.290811532580862320e+01 7.453124456773136330e+01 7.520582840813250414e+01 5.933149610705058308e+01 7.347363422401322453e+01 9.347370006880638016e+01 8.825577980165412839e+01 7.411353661457859232e+01 8.071013825738654646e+01 6.176129200480555426e+01 8.176131619104225479e+01 6.388287882443073329e+01 8.388290579591023288e+01 6.602635441078108158e+01
5.525896226251243348e+01 5.296252453594490817e+01 3.354610311517344456e+01 5.354610884931849313e+01 4.482063447218648378e+01 5.482063463584395180e+01 7.482065960068356958e+01 8.076028597774993045e+01 8.904465854507346023e+01 1.031869234348096427e+02 1.033776504669517493e+02 1.116621272616370391e+02 1.048964742567283537e+02 9.661203854143614933e+01 1.048964742567283537e+02 9.190948044628018465e+01 7.190941364250446100e+01 5.776727503104326900e+01 6.882301558864566005e+01 4.973587403910350702e+01 6.973588711463459333e+01 8.119245659103913226e+01 7.290811532580862320e+01 5.385779283495887171e+01 5.453122786466036587e+01 5.520581112201526963e+01 7.520582840813250414e+01 7.689237388358303349e+01 8.517672480305265026e+01 7.892955488407875464e+01 5.997139848719710642e+01 6.071011534235024953e+01 8.071013825738654646e+01 9.004568063348078510e+01 8.388290579591023288e+01 6.495192379208050681e+01 8.495195228665924958e+01
5.296252453594490817e+01 3.296251896913021540e+01 5.296252453594490817e+01 3.413018477549803009e+01 5.413019068215420759e+01 6.104008002891333717e+01 6.811115270743776762e+01 6.076025019714948883e+01 7.490239365533713567e+01 8.923541414223683432e+01 8.337750805425454814e+01 1.033776504669517493e+02 9.489638705076399106e+01 7.661195635355159084e+01 8.746855715631357953e+01 9.575295083603403157e+01 8.605165411484345839e+01 6.882301558864566005e+01 4.882300310992820158e+01 6.882301558864566005e+01 6.973588711463460754e+01 8.973596431001155338e+01 7.385780897560820790e+01 6.799993006025971454e+01 7.453124456773136330e+01 7.520582840813250414e+01 5.618875749638128525e+01 5.689235504111159969e+01 7.689237388358303349e+01 5.892953396505582475e+01 7.892955488407875464e+01 7.485225360771805470e+01 7.485225360771805470e+01 9.485232282543333326e+01 8.128186459214326476e+01 7.909406302391383292e+01 8.961531336247186630e+01
5.255021901239827287e+01 3.255021356035383917e+01 5.196737860087299055e+01 5.413019068215420759e+01 3.471551580978566420e+01 4.104007113012953312e+01 4.811113894244758882e+01 6.811115270743776762e+01 7.854493471461169918e+01 6.923535848297269979e+01 8.923541414223683432e+01 9.636134888631609385e+01 8.661199744749391982e+01 6.661195446874248205e+01 6.746851043487852451e+01 8.420587639553518500e+01 8.232433608080894771e+01 6.232429845652233524e+01 4.818216177381618337e+01 6.818217385268975761e+01 8.038722822507075705e+01 8.867159206344577171e+01 9.385790079279153986e+01 8.799997969978187484e+01 8.285545143214856978e+01 6.285542416363351492e+01 7.618877567597694167e+01 7.689237388358303349e+01 5.789048529812352939e+01 7.789050513035243739e+01 8.721391122514168615e+01 9.485232282543331905e+01 9.485232282543333326e+01 1.031367456094533566e+02 9.542403624293528708e+01 9.909414799165905663e+01 9.114924635960086619e+01
5.851346179249676283e+01 5.138490907559827292e+01 3.196737330772457142e+01 5.196737860087299055e+01 3.513038571660818832e+01 5.513039193025844042e+01 6.369233448034044898e+01 5.222035263472857736e+01 5.854490797961986459e+01 7.854493471461169918e+01 8.517241893129683206e+01 7.688805930872712224e+01 6.807687141934920305e+01 6.807687141934918884e+01 5.592150447061749929e+01 7.592152479788798303e+01 7.493075032585295503e+01 6.664642203320291003e+01 4.754263229442508276e+01 5.331613498633347348e+01 6.038720280015921560e+01 7.193420901725195904e+01 9.193426720162895549e+01 1.046679425796475726e+02 8.785546052107264359e+01 6.785542416537617783e+01 8.785546052107264359e+01 8.047249696768868432e+01 6.047247419559522541e+01 8.047249696768868432e+01 8.990465871633999484e+01 9.593490248666131492e+01 1.030060008398047557e+02 1.112904601245959384e+02 1.154242725724736829e+02 1.074792922105423258e+02 8.747915230501224926e+01
5.022915751025084319e+01 3.138490393661720290e+01 5.138490907559827292e+01 5.554544059952512924e+01 3.554543425418466285e+01 5.554544059952512924e+01 4.369232397094445730e+01 6.369233448034044898e+01 7.187658381168354538e+01 8.016093066735462003e+01 7.688805930872712224e+01 5.688803049292786795e+01 6.274590330914913494e+01 4.807685906266348752e+01 6.807687141934918884e+01 6.512758169793417551e+01 6.575288743100578870e+01 4.664641086452861174e+01 6.664642203320291003e+01 6.019174332035349551e+01 6.964607134801386223e+01 8.038722822507075705e+01 1.002186782912214937e+02 9.638351608418834360e+01 7.638345297724460181e+01 8.785546052107264359e+01 9.613984808893123102e+01 7.680241279216527062e+01 8.047249696768868432e+01 6.435761764502454696e+01 6.990461960754518600e+01 7.593484650612747089e+01 8.300591445602580620e+01 9.455292774856982874e+01 1.145531134224783330e+02 1.157637816003026359e+02 9.778191995918233204e+01
3.080292797463786769e+01 5.080293296406828318e+01 5.966921467475299323e+01 6.382975132716020283e+01 5.554544059952512924e+01 3.613303451055472948e+01 5.613304104797758498e+01 5.773443226638993053e+01 5.187656129519366743e+01 7.187658381168354538e+01 7.016024643130538152e+01 6.187592645442927619e+01 4.274589415627735178e+01 4.336281385475300709e+01 6.336282329894005017e+01 4.512757136183029871e+01 4.575287676131104320e+01 6.575288743100578870e+01 6.664642203320291003e+01 8.019177408500887339e+01 7.652168683285323425e+01 8.964613507806507187e+01 1.086718155976838176e+02 1.034546180993855700e+02 8.345452135775443026e+01 1.034546180993855700e+02 1.050869334155763113e+02 9.680249886183078445e+01 8.756021437177804501e+01 6.756018072112671291e+01 8.756021437177804501e+01 9.593490248666131492e+01 1.030060008398047557e+02 1.112904601245959384e+02 1.228376493747166194e+02 1.141120077647452575e+02 9.411181647550782259e+01
5.080293296406828318e+01 4.345203871414350516e+01 6.345205202028401459e+01 6.809699380770828725e+01 4.809697815426957845e+01 3.654997270977982282e+01 5.654997938639872501e+01 3.773442517605384694e+01 5.773443226638993053e+01 6.661357957938925267e+01 6.187592645442927619e+01 4.187591769969661470e+01 6.100759108422118970e+01 6.336282329894005017e+01 4.424411915323150168e+01 6.424412903276271436e+01 5.046692196922152363e+01 7.046693592934997241e+01 8.605426751207812686e+01 9.493088804511980072e+01 9.652178966859483467e+01 1.048062298116839202e+02 1.179308654469791691e+02 1.117390829869452631e+02 9.500153820928852610e+01 1.117390829869452631e+02 1.143516642069427149e+02 9.435145289916388833e+01 8.020929354169371095e+01 8.756021437177804501e+01 7.272415851632807460e+01 9.272420387942173647e+01 9.537867263254594263e+01 1.095208977147397746e+02 1.295213208440608810e+02 1.223965383701208935e+02 1.107278692453655964e+02
5.708054744469038866e+01 5.759417624840586569e+01 7.173637974927284233e+01 7.638132957068411599e+01 6.483429145805379790e+01 5.654997938639872501e+01 3.714051130513733057e+01 5.714051818490769108e+01 3.832925770779926467e+01 5.832926501549125931e+01 5.953348744033012707e+01 6.014291531982006234e+01 4.100758270959057228e+01 6.100759108422118970e+01 5.838625557194141180e+01 7.252845298145567199e+01 7.046693592934997241e+01 5.776988940393948724e+01 7.776991139145917487e+01 9.548241129523292159e+01 1.054824981213611323e+02 1.135046150987322733e+02 1.052201372103233723e+02 1.135046150987322733e+02 1.150017399694775975e+02 1.232862807929255240e+02 1.175563221287445543e+02 1.084938265982580248e+02 1.002093791660484925e+02 9.979529647887106591e+01 7.979522636899649513e+01 7.904871385234361014e+01 9.904878017181756888e+01 1.132748287612468090e+02 1.215593538405543086e+02 1.201560660025627811e+02 1.001558404184373927e+02
5.977734802929720104e+01 7.383519529234780521e+01 8.587858325014002503e+01 7.905238954452389066e+01 6.346507668696344950e+01 4.346506662548468825e+01 4.868751675289854575e+01 6.542483106803179282e+01 5.832926501549125931e+01 3.892461710637228123e+01 3.953347967192028278e+01 4.014290730725630851e+01 6.014291531982006234e+01 5.255458818369327645e+01 7.255460778460587790e+01 8.667065039096993928e+01 7.776991139145917487e+01 7.776991139145917487e+01 6.719797994576846634e+01 7.719798129252302488e+01 9.719806131448255826e+01 1.035045009723875609e+02 8.522002105322138732e+01 1.035045009723875609e+02 1.092049118690036522e+02 1.049070480814830546e+02 9.755606376024338999e+01 1.116984723809968187e+02 1.139375659255180153e+02 9.393737667133513014e+01 9.393737667133513014e+01 9.904878017181756888e+01 8.660800366033502939e+01 9.327467163165852071e+01 1.132748287612468090e+02 1.284406399107666346e+02 1.091001347970000239e+02
4.555084249028814725e+01 6.555085411004597518e+01 8.015977875657833351e+01 7.076804990690645525e+01 5.076803405981180362e+01 5.501207215069070600e+01 6.868753287925839857e+01 7.697186987838975369e+01 5.950758890177554150e+01 3.950758114370138685e+01 5.950758890177554150e+01 6.014291531982006234e+01 5.647284085148204724e+01 7.255460778460587790e+01 6.888452643615664783e+01 8.888459709971041889e+01 9.777002635168771860e+01 9.548241129523292159e+01 8.719802130350285552e+01 9.548241129523292159e+01 1.054824981213611323e+02 9.522007913177233718e+01 7.522001860805161755e+01 8.920472206650609337e+01 8.920472206650609337e+01 8.490692051079025759e+01 8.341389167878850230e+01 1.034140038108943855e+02 1.222220976942987818e+02 1.139375659255180153e+02 1.139375659255180153e+02 1.148925903093488188e+02 9.815502074329293691e+01 1.132748287612468090e+02 1.074168575188106587e+02 1.274172223827275587e+02 1.232424391444125575e+02
6.555085411004597518e+01 5.187539781086626078e+01 7.187541487085454150e+01 5.929606274660641674e+01 7.076804990690645525e+01 7.501209562181712442e+01 8.329644875787720082e+01 7.837564420061634962e+01 6.009129754044877103e+01 4.009128954911918186e+01 6.009129754044877103e+01 6.920535616674408175e+01 7.647287402194054096e+01 8.475723534592671626e+01 8.888459709971041889e+01 8.505169481709629054e+01 9.333607927766762202e+01 9.229381492015612309e+01 8.969866584674436183e+01 9.798307067695287742e+01 9.754418476051725406e+01 8.814898992154030566e+01 6.814895064158625360e+01 6.920467882351714195e+01 8.133671020463194168e+01 7.076477636495060608e+01 9.076482225165013062e+01 1.092171756513539123e+02 1.087975303158540612e+02 1.117463937930434241e+02 1.122373142664048800e+02 1.205218327769097044e+02 1.181552439980199409e+02 1.264398052167946389e+02 1.274172223827275587e+02 1.357018501622981148e+02 1.432431176026661035e+02
7.672613288858214275e+01 5.672611031230049150e+01 7.672613288858214275e+01 7.929609031732456970e+01 6.872415358685351805e+01 8.872420494236598643e+01 8.423347493943153097e+01 6.423342713853227792e+01 5.009128956553690415e+01 6.009129754044877103e+01 4.092102936276423009e+01 5.506316561044742031e+01 7.506319194530405525e+01 7.822476990561293064e+01 8.178901106313259106e+01 6.505165412694667282e+01 8.178901106313259106e+01 7.229374092794458306e+01 6.969860784569551981e+01 8.643598707940327586e+01 7.754408970923883260e+01 8.470211561190505734e+01 7.641776535605640674e+01 5.920467868783511989e+01 6.133668585139129448e+01 8.133671020463194168e+01 8.093261333523723522e+01 1.009327199528419925e+02 8.879738721655228062e+01 9.174622861555901920e+01 9.223715891249626964e+01 1.089746630254350350e+02 1.231170273895635177e+02 1.171828199887705750e+02 1.229563962519339668e+02 1.292810646787062581e+02 1.363523115145525253e+02
8.207136603643108685e+01 6.207133515421075742e+01 8.207136603643108685e+01 9.628352493312237925e+01 7.628344415682185797e+01 9.628352493312237925e+01 8.642128625898396876e+01 6.642122609330786531e+01 7.009130551536055975e+01 6.150876505184729126e+01 4.150875646214848302e+01 6.150876505184729126e+01 7.063561165922989460e+01 5.822473913724647332e+01 6.471068713602913647e+01 5.350464829628082697e+01 6.597151729248653851e+01 5.815160097899357083e+01 5.815160097899357083e+01 7.815162697603071251e+01 6.340194775457888454e+01 7.369610753809477899e+01 5.641774663066855311e+01 7.641776535605640674e+01 8.133671020463194168e+01 6.460267217510242688e+01 8.460270128137773327e+01 9.061467311439432137e+01 7.465524295370097718e+01 7.760408207695293470e+01 8.069014907673319215e+01 9.483229866130643870e+01 1.096234607665451364e+02 9.718263541575932152e+01 1.029561413935886662e+02 1.092807070047518181e+02 1.163518051582696700e+02
8.810160434451451295e+01 6.810156206976456872e+01 8.810160636502881459e+01 1.045679598059833495e+02 9.042560292367309671e+01 1.045679598059833495e+02 9.470568302266040916e+01 8.100992922168973109e+01 6.695207880338641360e+01 4.695206700166784941e+01 6.150876505184729126e+01 4.235128192589078111e+01 6.235129089339488218e+01 4.408260272804932356e+01 4.471067702107067277e+01 4.533968248479312990e+01 4.597150650839971320e+01 4.660459544623265060e+01 6.660460658284175395e+01 6.929421733380942783e+01 5.185494212511266454e+01 5.369609136090937085e+01 7.369610753809477899e+01 8.470211561190505734e+01 9.288707598423324896e+01 8.460270128137773327e+01 6.803264387795320545e+01 7.061463277542635808e+01 9.061467311439432137e+01 9.760414137119319378e+01 1.006902191889912501e+02 8.554086158919798777e+01 8.962334453132243084e+01 9.778831243600048140e+01 1.077883327834394720e+02 1.277886778578631777e+02 1.363523115145525253e+02
9.638606215253209086e+01 7.810156322415900831e+01 8.443151045339112670e+01 1.044316604788917147e+02 1.104257996956587817e+02 9.888159325259766774e+01 8.733450996714155679e+01 7.272558628472432929e+01 5.272556969361181700e+01 6.695207880338641360e+01 7.063561165922989460e+01 6.235129089339488218e+01 4.319568258773230696e+01 6.319569195057393785e+01 6.471068713602913647e+01 5.948181896875620822e+01 6.011364303259241382e+01 6.660460658284175395e+01 4.750535014445476634e+01 4.929420452645465645e+01 6.929421733380942783e+01 7.369610753809477899e+01 6.524309703697856833e+01 7.679010511320682042e+01 9.679018766776491134e+01 9.559198979840617483e+01 7.559193336707791389e+01 9.061467311439432137e+01 8.130508334037089924e+01 1.013051680931657472e+02 1.138254257625347634e+02 1.055409541354909919e+02 9.623131631783195417e+01 1.096234607665451364e+02 1.260730619444286731e+02 1.277886778578631777e+02 1.477894427571339691e+02
