LEM_wLE/output/LEM_woLE_example/elevation_000010.asc
nrows	100
cellsize	150.0
xllcorner	0
ncols	100
yllcorner	0
NODATA_value	-9999
[rows 17 to 33 of 100, columns 0 to 36 of 100]
4.336683913182175498e-01 8.598634200595407506e+00 1.859863420059523165e+01 3.274076982432568172e+01 5.274076982432497118e+01 4.503658240795515866e+01 3.675231116049354796e+01 1.817544729442392537e+01 2.119056074020161518e+01 4.119056074020090108e+01 5.138132447509119771e+01 5.966559572255280841e+01 6.764190098823038966e+01 7.592617223569169482e+01 6.975547569163506978e+01 4.975547569163365580e+01 6.975547569163506978e+01 7.136127729496655547e+01 7.136127729496655547e+01 7.067705460230645542e+01 8.481919022603840119e+01 1.048191902260398223e+02 1.101924358689932717e+02 1.019081646215319523e+02 9.598891339943013179e+01 1.042731846468914512e+02 9.635645756238325532e+01 7.961919169871505630e+01 9.635645756238325532e+01 9.560922441668091665e+01 7.560922441668233773e+01 7.697755144753389800e+01 5.697755144753531198e+01 7.471299737924478279e+01 8.299726862670608796e+01 7.033184128669697088e+01 7.846209971588366727e+01
5.385724909496417689e-01 2.053857249094928505e+01 3.382109979803774991e+01 4.210537104549935350e+01 5.210537104549953114e+01 6.248994543344055330e+01 4.420567418597859444e+01 2.420567418597930498e+01 4.119056074020090108e+01 2.560782178319555413e+01 3.138132447509191181e+01 5.138132447509119771e+01 6.966559572255215471e+01 8.121260110634507612e+01 6.975547569163506978e+01 6.975547569163506978e+01 6.044592536813100736e+01 8.044592536813242134e+01 9.136127729496797656e+01 9.067705460230787651e+01 9.896132584977036117e+01 1.011791738793066315e+02 9.272617926309975189e+01 8.444190801563843252e+01 7.598891339943155288e+01 9.272617926309975189e+01 8.807218631492193595e+01 6.807218631492335703e+01 8.798836581180144378e+01 9.627263705926276316e+01 9.560922441668091665e+01 8.526182269499520316e+01 7.471299737924478279e+01 5.471299737924619677e+01 7.471299737924478279e+01 5.878483590290527161e+01 6.728996571740039201e+01
8.336531950628578436e-02 6.750031986172923659e+00 1.382109979803846045e+01 2.382109979803863808e+01 4.382109979803792754e+01 5.420567418597894971e+01 3.420567418597966025e+01 4.420567418597859444e+01 4.938746651328717974e+01 2.938746651328789383e+01 4.938746651328717974e+01 4.138132447509226353e+01 5.292832985888518493e+01 7.292832985888377095e+01 8.975547569163649086e+01 8.044592536813242134e+01 7.458806099186296024e+01 8.873019661559490601e+01 9.740089891004764411e+01 9.894790429383971286e+01 1.048057686701083497e+02 9.196210353560988437e+01 7.289490263184673324e+01 6.444190801563985360e+01 6.444190801563985360e+01 8.444190801563843252e+01 8.051289685473791735e+01 6.051289685473933844e+01 6.798836581180286487e+01 8.798836581180144378e+01 1.032331180231091565e+02 8.468378195055832691e+01 6.468378195055974800e+01 5.313677656676804872e+01 6.878483590290420580e+01 4.878483590290562688e+01 4.728996571740180599e+01
4.524162703296725763e-01 1.045241627032958576e+01 3.045241627032923049e+01 4.210537104549935350e+01 5.210537104549953114e+01 6.248994543344055330e+01 4.834780980971110864e+01 5.420567418597895681e+01 5.767173776074879044e+01 4.093447189708081879e+01 3.555960051177178372e+01 5.555960051177107317e+01 5.771125609364620601e+01 7.185339171737615516e+01 9.185339171737473407e+01 1.004459253681338424e+02 9.458806099186438132e+01 9.154303453377900723e+01 7.740089891004906519e+01 7.894790429384113395e+01 8.480576867010977082e+01 8.367783228814857921e+01 6.367783228814999319e+01 5.289490263184814722e+01 7.289490263184673324e+01 8.717917730084805328e+01 7.384623018807148753e+01 5.384623018807290862e+01 7.384623018807148753e+01 8.323311802311056340e+01 8.323311802311057761e+01 9.296805319801964629e+01 8.142104781422794701e+01 6.508362699070427482e+01 5.094149136697431857e+01 6.878483590290420580e+01 6.529989133698047965e+01
4.402443450947634007e-01 2.044024434509440979e+01 3.045241627032923049e+01 5.045241627032851994e+01 4.818743009659984722e+01 5.647170134406145081e+01 6.834780980970968756e+01 7.420567418597754283e+01 6.921874314454471744e+01 6.093447189708152223e+01 4.450387242177125557e+01 4.311888997195659101e+01 6.311888997195588047e+01 7.993118987364120187e+01 8.993118987364155714e+01 9.820970120044509599e+01 8.820970120044579232e+01 7.992542995298448716e+01 6.325876328631911605e+01 6.480576867011117770e+01 8.480576867010975661e+01 8.281481949612835081e+01 6.734790066959463672e+01 4.734790066959605070e+01 5.889490605338815499e+01 7.889490605338673390e+01 6.884623018807167227e+01 4.884623018807308625e+01 6.884623018807167227e+01 6.323311802311198448e+01 8.323311802311056340e+01 1.000273101188091829e+02 9.336789823816417311e+01 7.922576261443421686e+01 7.094149136697289748e+01 7.922576261443421686e+01 7.358416258444178482e+01
4.237187090225543740e-01 1.456585433275337849e+01 3.456585433275266439e+01 3.404529447286914490e+01 2.818743009660055776e+01 4.818743009659984722e+01 5.606921567351357538e+01 6.435348692097277024e+01 7.435348692097711876e+01 7.278814366923114676e+01 5.605087780556417698e+01 6.311888997195588047e+01 5.164691862618131069e+01 6.164691862618165885e+01 8.164691862618023777e+01 8.992542995298377662e+01 6.992542995298519770e+01 5.992542995298590114e+01 5.325876328631947132e+01 6.693420796598151412e+01 7.521847921344283350e+01 7.453054824866704564e+01 5.453054824866845962e+01 4.298354286487635534e+01 6.298354286487564480e+01 7.380896284772197191e+01 6.425791551066059526e+01 4.425791551066200924e+01 5.058400738243891226e+01 7.058400738243749117e+01 8.002731011881060397e+01 8.002731011881060397e+01 9.517765969577179419e+01 8.689338844831047481e+01 9.015395041699702006e+01 8.007515204723441116e+01 6.007515204723582514e+01
9.142864485297492738e-01 2.091428644852939556e+01 2.827179178097329171e+01 1.404529447286985544e+01 3.404529447286914490e+01 4.606921567351250957e+01 3.606921567351287194e+01 4.606921567351322011e+01 6.606921567351463409e+01 8.433514905302406817e+01 7.605087780556276300e+01 7.993118987364120187e+01 6.319392400997423209e+01 7.993118987364120187e+01 8.993118987364155714e+01 9.820970120044509599e+01 8.820970120044579232e+01 7.992542995298448716e+01 6.693420796598151412e+01 4.693420796598293521e+01 6.116070527408616897e+01 6.944497652154677780e+01 5.906122016211210024e+01 3.906122016211281078e+01 5.380896284772337879e+01 5.380896284772338589e+01 5.472957991099855946e+01 3.989355770594231387e+01 5.989355770594160333e+01 6.737819947813753174e+01 6.002731011881201795e+01 8.002731011881060397e+01 8.363065431198008071e+01 6.689338844831189590e+01 7.601181479326656643e+01 6.186967916953712887e+01 6.007515204723581803e+01
9.064013007315497861e-01 4.557885017432641739e+00 8.271791780973646979e+00 2.827179178097329171e+01 2.090523787857009097e+01 2.606921567351322366e+01 4.606921567351250957e+01 6.435348692097677770e+01 7.435348692097711876e+01 7.313594974180280417e+01 7.313594974180280417e+01 8.142022098926528884e+01 8.319392400997281811e+01 9.147819525743412328e+01 1.007245946834659804e+02 8.917758929967426695e+01 8.089331805221296179e+01 7.382225024034772787e+01 6.779202334879266800e+01 6.116070527408616897e+01 4.116070527408687951e+01 6.116070527408616897e+01 6.734549140957270197e+01 5.380896284772337879e+01 3.380896284772408933e+01 5.078630707012228385e+01 3.472957991099927000e+01 5.160469678624252765e+01 5.737819947813858334e+01 4.737819947813894572e+01 6.737819947813753174e+01 8.055932933273226126e+01 7.534638306451877554e+01 5.534638306452018952e+01 6.379937768072736759e+01 4.772754354580667524e+01 5.814861950633957122e+01
3.063610709598194592e-01 2.030636107095946485e+01 2.827179178097329171e+01 3.655606302843454358e+01 4.090523787856938043e+01 4.606921567351250957e+01 4.239914729206716970e+01 6.239914729206645916e+01 6.727808536553384045e+01 5.313594974180139019e+01 5.313594974180139019e+01 7.313594974180280417e+01 7.797525567339353358e+01 8.625952692085601825e+01 9.244032343600466106e+01 7.244032343600608215e+01 6.089331805221437577e+01 5.382225024034914895e+01 4.779202334879408909e+01 4.244679851054578990e+01 3.744679851054596753e+01 5.327651022940390391e+01 5.809136677663433801e+01 4.980709552917273442e+01 3.037899114487403196e+01 3.078630707012299794e+01 3.119404600506665659e+01 3.160469678624324175e+01 3.737819947813929389e+01 5.152033510186974752e+01 7.152033510186832643e+01 6.055932933273368235e+01 7.470146495646312701e+01 6.379937768072736759e+01 4.379937768072807813e+01 3.772754354580703051e+01 3.814861950634028176e+01
2.739570439748240105e-02 2.002739570439712580e+01 2.406505488930423198e+01 3.820719051303468206e+01 5.820719051303397151e+01 5.595593370084731788e+01 6.239914729206645916e+01 5.833381345553336672e+01 5.004954220807117338e+01 3.899381411806994180e+01 5.313594974180139019e+01 7.313594974180280417e+01 5.797525567339211960e+01 7.471252153706309684e+01 8.471252153706345212e+01 8.917758929967426695e+01 8.089331805221296179e+01 7.382225024034772787e+01 6.779202334879266800e+01 6.244679851054507935e+01 5.327651022940390391e+01 3.327651022940461445e+01 4.923590005119520185e+01 2.980709552917344496e+01 4.980709552917273442e+01 4.233331245391510578e+01 5.119404600506594250e+01 5.160469678624252765e+01 3.218728970584515281e+01 5.218728970584444227e+01 5.376808306832944595e+01 4.641719370900322872e+01 6.641719370900180763e+01 5.713271101406093777e+01 3.713271101406164831e+01 5.653932018496402634e+01 5.814861950633957122e+01
1.758338105654860817e-01 7.735123270749997282e+00 2.187725889448120142e+01 4.187725889448049088e+01 3.962600208229222432e+01 3.595593370084661444e+01 5.595593370084731788e+01 5.004954220807117338e+01 3.004954220807046639e+01 4.855331916442016649e+01 5.263580206905893277e+01 5.700015987377893367e+01 4.642825028959919820e+01 5.642825028959954636e+01 7.642825028960096745e+01 8.932167520734623167e+01 7.932167520734658694e+01 7.103740395988526757e+01 7.932167520734658694e+01 6.850228155784958517e+01 5.695527617405847565e+01 4.867100492659686495e+01 2.923590005119591240e+01 4.923590005119520185e+01 4.980709552917274152e+01 6.233331245391439523e+01 7.061758370137499696e+01 5.259942000082705249e+01 3.259942000082776303e+01 5.259942000082705249e+01 3.376808306833015649e+01 5.376808306832944595e+01 5.476842943802591890e+01 6.305270068548752249e+01 5.594684136338902647e+01 3.653932018496473688e+01 4.808632556875684116e+01
4.683972685643240652e-01 2.046839726856396879e+01 3.601939451821089477e+01 3.896600141975510212e+01 1.962600208229151733e+01 3.896600141975510212e+01 3.771383090790817505e+01 4.033995956510266723e+01 2.470431736982188653e+01 2.855331916441945950e+01 3.263580206905822934e+01 3.700015987377823024e+01 5.114229549750967863e+01 7.114229549751109971e+01 8.471252153706345212e+01 8.103740395988491230e+01 6.103740395988633338e+01 5.103740395988668865e+01 6.103740395988632628e+01 6.021801031038897634e+01 4.021801031038968688e+01 2.867100492659757904e+01 4.867100492659686495e+01 4.556583166974985488e+01 6.556583166974843380e+01 7.809136677663263981e+01 6.674155562455679558e+01 4.674155562455820956e+01 5.259942000082705249e+01 3.318325274502750943e+01 5.318325274502679889e+01 3.435391610188180067e+01 3.476842943802662944e+01 5.476842943802591890e+01 3.594684136338973701e+01 5.594684136338902647e+01 5.653932018496403344e+01
2.051881798473268459e-01 2.020518817984697080e+01 2.534284557152083295e+01 2.749950103558960990e+01 1.068173017229220179e+01 3.068173017229255706e+01 1.771383090790746806e+01 2.033995956510196379e+01 4.033995956510266723e+01 4.855331916442016649e+01 5.263580206905893277e+01 5.700015987377893367e+01 4.769060955027558180e+01 6.183274517400703019e+01 8.183274517400845127e+01 8.932167520734623167e+01 7.517953958361607647e+01 5.517953958361749045e+01 4.103740395988703682e+01 5.287243815060935503e+01 4.770846035566631116e+01 2.827212024444255789e+01 4.241425586817300797e+01 6.241425586817229743e+01 7.385010291720975317e+01 8.182427654848711995e+01 7.502582687201810074e+01 6.674155562455679558e+01 6.146752399248840248e+01 4.318325274502715416e+01 6.146752399248840248e+01 4.849605172561225430e+01 5.476842943802591890e+01 3.535527035711234589e+01 5.535527035711163535e+01 5.008897698712018354e+01 7.008897698711876956e+01
8.187695587851057111e-01 2.081876955878475144e+01 5.342845571520476788e+00 7.499501035589253739e+00 2.749950103558960990e+01 1.406234719120629784e+01 3.406234719120700305e+01 4.033995956510266723e+01 2.850492537437936846e+01 3.744919728437884032e+01 4.899620266817176173e+01 6.899620266817318281e+01 5.923761493406850320e+01 7.597488079773948755e+01 8.843033492256911643e+01 7.843033492256947170e+01 7.014606367510816654e+01 6.347939700844244015e+01 5.287243815060935503e+01 3.287243815061006558e+01 2.770846035566702525e+01 4.770846035566631116e+01 5.655639149190345449e+01 6.878365870711333230e+01 7.596641217221798570e+01 6.182427654848854104e+01 6.768214092475668053e+01 6.986993691958016939e+01 7.146752399248704535e+01 6.318325274502644362e+01 7.146752399248704535e+01 6.849605172561084032e+01 5.873588737602558751e+01 3.873588737602629806e+01 5.873588737602558751e+01 7.008897698711876956e+01 7.837324823458007472e+01
2.311624522989861319e-01 2.327732125742826952e+00 2.232773212574318222e+01 1.904650641938197353e+01 3.578377228305215851e+01 2.820448281493749931e+01 2.560935257499901851e+01 4.560935257499972550e+01 3.850492537437971663e+01 4.850492537438007901e+01 6.573346853184274607e+01 7.728047391563566748e+01 7.923761493406992429e+01 8.752188618153240895e+01 8.014606367510781126e+01 6.014606367510922524e+01 5.014606367510958052e+01 4.347939700844315070e+01 3.744917011688809083e+01 3.167566742499203514e+01 2.731130962027226161e+01 4.675207413185098915e+01 4.049938745965343401e+01 5.464152308338387343e+01 5.954763316126722827e+01 4.768214092475808741e+01 4.768214092475809451e+01 4.986993691958158337e+01 6.986993691958016939e+01 7.595610123204234299e+01 8.424037247950364815e+01 7.287802299975533060e+01 5.287802299975674458e+01 5.873588737602558751e+01 4.417919791554427889e+01 6.417919791554285780e+01 7.976643659640613748e+01
9.845726073866658545e-01 2.098457260738631192e+01 3.061200337320422804e+01 3.904650641938268052e+01 4.733077766684487386e+01 4.820448281493820275e+01 3.715635795879194347e+01 5.389362382246191885e+01 5.264706099811116502e+01 6.678919662184361528e+01 7.678919662184398476e+01 7.646035069082766711e+01 7.646035069082768132e+01 9.646035069082626023e+01 8.843033492256911643e+01 7.843033492256947170e+01 7.014606367510816654e+01 6.236611710148792298e+01 4.236611710148863352e+01 5.167566742499132459e+01 4.675207413185098915e+01 2.675207413185170324e+01 2.635725183592298038e+01 4.579932348327060510e+01 3.954763316126793882e+01 4.501197664680280752e+01 3.354000530102764088e+01 5.354000530102693034e+01 6.181396560831259990e+01 5.595610123204375697e+01 7.595610123204234299e+01 8.116229424721663577e+01 7.287802299975533060e+01 7.050375323587940102e+01 5.050375323588081500e+01 5.148216534894623919e+01 7.148216534894481811e+01
3.295302290958179725e-02 1.417508864664065804e+01 3.417508864664136325e+01 4.144630738991781271e+01 4.144630738991781982e+01 6.144630738991710928e+01 5.715635795879264691e+01 6.544062920625584923e+01 7.264706099811257900e+01 7.209551129761591426e+01 6.381124005015530543e+01 5.646035069082908819e+01 7.646035069082766711e+01 8.257650591030615317e+01 8.440042043830614205e+01 7.854255606203801676e+01 7.869604872004116203e+01 5.869604872004257601e+01 5.650825272521908715e+01 6.089420975558144278e+01 4.089420975558215332e+01 4.675207413185098915e+01 4.579932348327060510e+01 2.579932348327131919e+01 2.540549753753748519e+01 2.501197664680352162e+01 4.445684926514945090e+01 5.112351593181600151e+01 4.181396560831331044e+01 6.181396560831259990e+01 6.636155190345034782e+01 7.464582315091166720e+01 8.464582315091131193e+01 7.757482104774462073e+01 5.757482104774604181e+01 7.148216534894481811e+01 6.001019400317035490e+01
