LEM_wLE/output/LEM_woLE_example/elevation_000006.asc
nrows	100
cellsize	150.0
xllcorner	0
ncols	100
yllcorner	0
NODATA_value	-9999
[rows 17 to 33 of 100, columns 0 to 36 of 100]
4.336683913182175498e-01 8.598634200595407506e+00 1.859863420059523165e+01 3.274076982432568172e+01 5.274076982432497118e+01 4.503658240795515866e+01 3.675231116049354796e+01 1.817544729442392537e+01 2.119056074020161518e+01 4.119056074020090108e+01 5.138132447509119771e+01 5.966559572255280841e+01 6.764190098823038966e+01 7.592617223569169482e+01 6.975547569163506978e+01 4.975547569163365580e+01 6.975547569163506978e+01 7.136127729496655547e+01 7.136127729496655547e+01 7.067705460230645542e+01 8.481919022603840119e+01 1.048191902260398223e+02 1.101924358689932717e+02 1.019081646215319523e+02 9.598872065547448074e+01 1.042726263327559906e+02 9.635608625374443648e+01 7.961918590524453521e+01 9.635608625374433700e+01 9.560901061540471346e+01 7.560920960735339236e+01 7.697750602934976882e+01 5.697755144753531198e+01 7.471295710365741627e+01 8.299703557869270298e+01 7.033183901516262893e+01 7.846204713642690365e+01
5.385724909496417689e-01 2.053857249094928505e+01 3.382109979803774991e+01 4.210537104549935350e+01 5.210537104549953114e+01 6.248994543344055330e+01 4.420567418597859444e+01 2.420567418597930498e+01 4.119056074020090108e+01 2.560782178319555413e+01 3.138132447509191181e+01 5.138132447509119771e+01 6.966559572255215471e+01 8.121260110634507612e+01 6.975547569163506978e+01 6.975547569163506978e+01 6.044592536813100736e+01 8.044592536813242134e+01 9.136127729496797656e+01 9.067705460230787651e+01 9.896132584977036117e+01 1.011785877222217067e+02 9.272584578996347204e+01 8.444182218283147279e+01 7.598890583101729135e+01 9.272584578996350047e+01 8.807209229466587885e+01 6.807218619881408017e+01 8.798824286776171277e+01 9.627222537891920240e+01 9.560901061540471346e+01 8.526156936429278232e+01 7.471295710365741627e+01 5.471299737924619677e+01 7.471295710365741627e+01 5.878483582072691860e+01 6.728993845249260630e+01
8.336531950628578436e-02 6.750031986172923659e+00 1.382109979803846045e+01 2.382109979803863808e+01 4.382109979803792754e+01 5.420567418597894971e+01 3.420567418597966025e+01 4.420567418597859444e+01 4.938746651328717974e+01 2.938746651328789383e+01 4.938746651328717974e+01 4.138132447509226353e+01 5.292832985888518493e+01 7.292832985888377095e+01 8.975547569163649086e+01 8.044592536813242134e+01 7.458806099186296024e+01 8.873019661559490601e+01 9.740067598303326690e+01 9.894765030212521140e+01 1.048053094194243045e+02 9.196173724976408437e+01 7.289486588561881319e+01 6.444190720328177235e+01 6.444190720328177235e+01 8.444182218283147279e+01 8.051283832691319731e+01 6.051289684849101036e+01 6.798836155338405263e+01 8.798824286776171277e+01 1.032326352352029062e+02 8.468369494644846895e+01 6.468378138043324554e+01 5.313677656676804872e+01 6.878480643549914930e+01 4.878483590290562688e+01 4.728996571740180599e+01
4.524162703296725763e-01 1.045241627032958576e+01 3.045241627032923049e+01 4.210537104549935350e+01 5.210537104549953114e+01 6.248994543344055330e+01 4.834780980971110864e+01 5.420567418597895681e+01 5.767173776074879044e+01 4.093447189708081879e+01 3.555960051177178372e+01 5.555960051177107317e+01 5.771125609364620601e+01 7.185339171737615516e+01 9.185339171737473407e+01 1.004459253681338424e+02 9.458806099186438132e+01 9.154272902881071161e+01 7.740088499265326050e+01 7.894788511540564002e+01 8.480568071645716088e+01 8.367771909201856317e+01 6.367782520566112225e+01 5.289490263168065098e+01 7.289486588561881319e+01 8.717890906785768834e+01 7.384619116743914446e+01 5.384623018794258797e+01 7.384619116743914446e+01 8.323301960494944751e+01 8.323301960494944751e+01 9.296768171112969981e+01 8.142082775347263635e+01 6.508362416645887549e+01 5.094149136697431857e+01 6.878480643549914930e+01 6.529986678503266262e+01
4.402443450947634007e-01 2.044024434509440979e+01 3.045241627032923049e+01 5.045241627032851994e+01 4.818743009659984722e+01 5.647170134406145081e+01 6.834780980970968756e+01 7.420567418597754283e+01 6.921874314454471744e+01 6.093447189708152223e+01 4.450387242177125557e+01 4.311888997195659101e+01 6.311888997195588047e+01 7.993118987364120187e+01 8.993118987364155714e+01 9.820930174014092984e+01 8.820944267314560250e+01 7.992537339141955499e+01 6.325876299751420362e+01 6.480576773781349686e+01 8.480568071645716088e+01 8.281459258724103734e+01 6.734787411489037368e+01 4.734790066958973398e+01 5.889490563119358058e+01 7.889484380100937244e+01 6.884620092256488988e+01 4.884623018806092887e+01 6.884620092256488988e+01 6.323311548056801001e+01 8.323301960494944751e+01 1.000268905637853862e+02 9.336749510095340554e+01 7.922555963370611209e+01 7.094145833795738554e+01 7.922555963370611209e+01 7.358399748617281944e+01
4.237187090225543740e-01 1.456585433275337849e+01 3.456585433275266439e+01 3.404529447286914490e+01 2.818743009660055776e+01 4.818743009659984722e+01 5.606921567351357538e+01 6.435348692097277024e+01 7.435348692097711876e+01 7.278814366923114676e+01 5.605087780556417698e+01 6.311888997195588047e+01 5.164691862618131069e+01 6.164691862618165885e+01 8.164691862618023777e+01 8.992531767142696708e+01 6.992542911141227080e+01 5.992542994056518779e+01 5.325876328543952098e+01 6.693418217938760506e+01 7.521832580201900953e+01 7.453049948874195252e+01 5.453054798604604514e+01 4.298354286487547427e+01 6.298352210488099701e+01 7.380886614084086261e+01 6.425789295911900467e+01 4.425791551066070184e+01 5.058400729985778099e+01 7.058396960134125209e+01 8.002722846527312583e+01 8.002722846527312583e+01 9.517721502152451762e+01 8.689326127312992298e+01 9.015357205523555706e+01 8.007500853437366573e+01 6.007513337327802816e+01
9.142864485297492738e-01 2.091428644852939556e+01 2.827179178097329171e+01 1.404529447286985544e+01 3.404529447286914490e+01 4.606921567351250957e+01 3.606921567351287194e+01 4.606921567351322011e+01 6.606921567351463409e+01 8.433514905302406817e+01 7.605087780556276300e+01 7.993118987364120187e+01 6.319392400997423209e+01 7.993118987364120187e+01 8.993118987364155714e+01 9.820930174014092984e+01 8.820944267314560250e+01 7.992537339141955499e+01 6.693418217938760506e+01 4.693420796595874833e+01 6.116068693143323287e+01 6.944485442509399320e+01 5.906120347348718980e+01 3.906122016211267578e+01 5.380895054174610692e+01 5.380895054174611403e+01 5.472956683275376832e+01 3.989355770594222861e+01 5.989354007554903347e+01 6.737816840000330387e+01 6.002730843200776434e+01 8.002722846527312583e+01 8.363038986948018305e+01 6.689338524988100687e+01 7.601162387257974729e+01 6.186967568992395883e+01 6.007513337327802105e+01
9.064013007315497861e-01 4.557885017432641739e+00 8.271791780973646979e+00 2.827179178097329171e+01 2.090523787857009097e+01 2.606921567351322366e+01 4.606921567351250957e+01 6.435348692097677770e+01 7.435348692097711876e+01 7.313594974180280417e+01 7.313594974180280417e+01 8.142022098926528884e+01 8.319392400997281811e+01 9.147819525743412328e+01 1.007241414814038620e+02 8.917732009290371309e+01 8.089325786979581778e+01 7.382221132905503680e+01 6.779199616947923346e+01 6.116068693143323287e+01 4.116070527408687951e+01 6.116068693143323287e+01 6.734537566391902885e+01 5.380895054174610692e+01 3.380896284772408933e+01 5.078629659236413829e+01 3.472957991099927000e+01 5.160468572219890149e+01 5.737818392400310330e+01 4.737819944800283878e+01 6.737816840000330387e+01 8.055922456321336256e+01 7.534632746734804698e+01 5.534638276638646914e+01 6.379935401047024612e+01 4.772754352129160793e+01 5.814860270208200888e+01
3.063610709598194592e-01 2.030636107095946485e+01 2.827179178097329171e+01 3.655606302843454358e+01 4.090523787856938043e+01 4.606921567351250957e+01 4.239914729206716970e+01 6.239914729206645916e+01 6.727808536553384045e+01 5.313594974180139019e+01 5.313594974180139019e+01 7.313594974180280417e+01 7.797525567339353358e+01 8.625952692085601825e+01 9.244018446816197354e+01 7.244032092852339133e+01 6.089331803362165374e+01 5.382225023962909916e+01 4.779202334876942615e+01 4.244679851054522857e+01 3.744679851054596753e+01 5.327649840737341691e+01 5.809128664139071674e+01 4.980708572048009586e+01 3.037899114487403196e+01 3.078630707012299794e+01 3.119404600506665659e+01 3.160469678624324175e+01 3.737819947813837018e+01 5.152033403176071147e+01 7.152028458020035373e+01 6.055932427962279974e+01 7.470128404472758632e+01 6.379935401047024612e+01 4.379937768067870962e+01 3.772754354580703051e+01 3.814861950634028176e+01
2.739570439748240105e-02 2.002739570439712580e+01 2.406505488930423198e+01 3.820719051303468206e+01 5.820719051303397151e+01 5.595593370084731788e+01 6.239914729206645916e+01 5.833381345553336672e+01 5.004954220807117338e+01 3.899381411806994180e+01 5.313594974180139019e+01 7.313594974180280417e+01 5.797525567339211960e+01 7.471252153706309684e+01 8.471252153706345212e+01 8.917732009290371309e+01 8.089325786979581778e+01 7.382221132905503680e+01 6.779199616947923346e+01 6.244677859520157881e+01 5.327649840737341691e+01 3.327651022940461445e+01 4.923589061757564878e+01 2.980709552917344496e+01 4.980708572048009586e+01 4.233331238481109438e+01 5.119403523875013917e+01 5.160468572219890149e+01 3.218728970584515281e+01 5.218727820608373236e+01 5.376807031941595483e+01 4.641719346065173823e+01 6.641715944963172547e+01 5.713269523387305782e+01 3.713271101406164831e+01 5.653930497940216782e+01 5.814860270208200888e+01
1.758338105654860817e-01 7.735123270749997282e+00 2.187725889448120142e+01 4.187725889448049088e+01 3.962600208229222432e+01 3.595593370084661444e+01 5.595593370084731788e+01 5.004954220807117338e+01 3.004954220807046639e+01 4.855331916442016649e+01 5.263580206905893277e+01 5.700015987377893367e+01 4.642825028959919820e+01 5.642825028959954636e+01 7.642825028960096745e+01 8.932138433760256646e+01 7.932148687065313197e+01 7.103736537000622775e+01 7.932148687065313197e+01 6.850215488105874329e+01 5.695520118987674607e+01 4.867099585126099726e+01 2.923590005119591240e+01 4.923589061757564878e+01 4.980708572048008875e+01 6.233328775767022023e+01 7.061744048805697105e+01 5.259940818629019788e+01 3.259942000082776303e+01 5.259940818629019788e+01 3.376808306833015649e+01 5.376807031941595483e+01 5.476841584459825185e+01 6.305259502030556718e+01 5.594682671422134490e+01 3.653932018496473688e+01 4.808632544952729404e+01
4.683972685643240652e-01 2.046839726856396879e+01 3.601939451821089477e+01 3.896600141975510212e+01 1.962600208229151733e+01 3.896600141975510212e+01 3.771383090790817505e+01 4.033995956510266723e+01 2.470431736982188653e+01 2.855331916441945950e+01 3.263580206905822934e+01 3.700015987377823024e+01 5.114229549750967863e+01 7.114229549751109971e+01 8.471252153706345212e+01 8.103732764261044963e+01 6.103740309740189218e+01 5.103740387103347587e+01 6.103738462051980918e+01 6.021798891478501048e+01 4.021801025411607355e+01 2.867100492659757904e+01 4.867099585126099726e+01 4.556582973317456009e+01 6.556578887810783840e+01 7.809111685807670256e+01 6.674151694586188910e+01 4.674155493752022750e+01 5.259940818629019788e+01 3.318325274502750943e+01 5.318324047080817252e+01 3.435391610188180067e+01 3.476842943802662944e+01 5.476841584459825185e+01 3.594684136338973701e+01 5.594682671422134490e+01 5.653930497940216782e+01
2.051881798473268459e-01 2.020518817984697080e+01 2.534284557152083295e+01 2.749950103558960990e+01 1.068173017229220179e+01 3.068173017229255706e+01 1.771383090790746806e+01 2.033995956510196379e+01 4.033995956510266723e+01 4.855331916442016649e+01 5.263580206905893277e+01 5.700015987377893367e+01 4.769060955027558180e+01 6.183274517400703019e+01 8.183274517400845127e+01 8.932138433760255225e+01 7.517947766312299507e+01 5.517953788193142373e+01 4.103740395875718150e+01 5.287242670604493355e+01 4.770845186607579791e+01 2.827212024444255789e+01 4.241425538865250644e+01 6.241422687945817671e+01 7.384992217660195024e+01 8.182416258446963298e+01 7.502563978921250509e+01 6.674151694586188910e+01 6.146742702879018339e+01 4.318325272992833419e+01 6.146742702879018339e+01 4.849605093337578410e+01 5.476841584459825185e+01 3.535527035711234589e+01 5.535525624670457034e+01 5.008897608714847394e+01 7.008892914445631561e+01
8.187695587851057111e-01 2.081876955878475144e+01 5.342845571520476788e+00 7.499501035589253739e+00 2.749950103558960990e+01 1.406234719120629784e+01 3.406234719120700305e+01 4.033995956510266723e+01 2.850492537437936846e+01 3.744919728437884032e+01 4.899620266817176173e+01 6.899620266817318281e+01 5.923761493406850320e+01 7.597488079773948755e+01 8.843007082051774148e+01 7.843016410647973657e+01 7.014603178922450866e+01 6.347937575064903371e+01 5.287242670604493355e+01 3.287243815061006558e+01 2.770846035566702525e+01 4.770845186607579791e+01 5.655631825237135502e+01 6.878352866421366230e+01 7.596624144221301833e+01 6.182426792348269373e+01 6.768210144666919348e+01 6.986988333185375666e+01 7.146737400584025579e+01 6.318322821168816716e+01 7.146737400584025579e+01 6.849600843701703923e+01 5.873587039536246834e+01 3.873588737602629806e+01 5.873587039536246834e+01 7.008892914445631561e+01 7.837302414518688920e+01
2.311624522989861319e-01 2.327732125742826952e+00 2.232773212574318222e+01 1.904650641938197353e+01 3.578377228305215851e+01 2.820448281493749931e+01 2.560935257499901851e+01 4.560935257499972550e+01 3.850492537437971663e+01 4.850492537438007901e+01 6.573346853184274607e+01 7.728047391563566748e+01 7.923761493406992429e+01 8.752188618153240895e+01 8.014600015284794665e+01 6.014606342560096408e+01 5.014606367349821880e+01 4.347939700837714128e+01 3.744917011688618658e+01 3.167566742499203514e+01 2.731130962027226161e+01 4.675206619465711100e+01 4.049938705273352468e+01 5.464145785847364323e+01 5.954760946320174497e+01 4.768214001444918182e+01 4.768214001444918182e+01 4.986993401323900343e+01 6.986988333185375666e+01 7.595603360108472657e+01 8.424013174786090019e+01 7.287796774750935924e+01 5.287802187170262869e+01 5.873587039536246834e+01 4.417919791554281517e+01 6.417917458515280771e+01 7.976622989906715588e+01
9.845726073866658545e-01 2.098457260738631192e+01 3.061200337320422804e+01 3.904650641938268052e+01 4.733077766684487386e+01 4.820448281493820275e+01 3.715635795879194347e+01 5.389362382246191885e+01 5.264706099811116502e+01 6.678919662184361528e+01 7.678919662184398476e+01 7.646033411220155074e+01 7.646033411220156495e+01 9.646027254632657844e+01 8.843007082051774148e+01 7.843016410647973657e+01 7.014603178922450866e+01 6.236609444792655665e+01 4.236611706916857401e+01 5.167565686299200678e+01 4.675206619465711100e+01 2.675207413185170324e+01 2.635725183592298038e+01 4.579931606925552501e+01 3.954763278680839278e+01 4.501196964489221131e+01 3.354000530043892070e+01 5.353999309447699062e+01 6.181394399491551184e+01 5.595609867974452811e+01 7.595603360108472657e+01 8.116204773416851026e+01 7.287796774750935924e+01 7.050371911585411056e+01 5.050375323567688923e+01 5.148216534758756779e+01 7.148212860036733218e+01
3.295302290958179725e-02 1.417508864664065804e+01 3.417508864664136325e+01 4.144630738991781271e+01 4.144630738991781982e+01 6.144630738991710928e+01 5.715635795879264691e+01 6.544062920625584923e+01 7.264706099811257900e+01 7.209548065587969745e+01 6.381123369482209995e+01 5.646035027664881056e+01 7.646033411220155074e+01 8.257646507784934897e+01 8.440037935558967774e+01 7.854253523784402091e+01 7.869595433448476740e+01 5.869604218787934258e+01 5.650825020723803505e+01 6.089418367271323973e+01 4.089420933457265761e+01 4.675206619465711100e+01 4.579931606925552501e+01 2.579932348327131919e+01 2.540549753753748519e+01 2.501197664680352162e+01 4.445684254474187469e+01 5.112350585120780266e+01 4.181396557078850407e+01 6.181394399491551184e+01 6.636152465456407867e+01 7.464568213820557219e+01 8.464560527436788107e+01 7.757476827050822976e+01 5.757482104107123178e+01 7.148212860036733218e+01 6.001019394273503593e+01
