LEM_wLE/output/LEM_woLE_example/elevation_000003.asc
nrows	100
cellsize	150.0
xllcorner	0
ncols	100
yllcorner	0
NODATA_value	-9999
[rows 17 to 33 of 100, columns 37 to 73 of 100]
5.842983780031433838e+01 6.975473902658846725e+01 8.974768008624407400e+01 1.005672840271820263e+02 8.057416505974285315e+01 7.164279013802217833e+01 5.165224723377952643e+01 7.164279013802740792e+01 8.145965195494009947e+01 9.559639408502738434e+01 9.887753953648216054e+01 8.170882789998611884e+01 8.170882789998545093e+01 6.761272675189763959e+01 8.760390465022956619e+01 1.037280331436896432e+02 1.152721225628696828e+02 1.034274047290616068e+02 8.343501578737510727e+01 7.189493297225970991e+01 9.188478969082891012e+01 1.017318271657609756e+02 1.017566968118431561e+02 1.218320391223378749e+02 1.404784344978941704e+02 1.385469580996615662e+02 1.285530128702284856e+02 1.202735260541122528e+02 1.136119792434571281e+02 1.040548607375492480e+02 8.407436336700406798e+01 1.006531550188394988e+02 1.040430438655204171e+02 9.576523358914100470e+01 9.467192791362991500e+01 9.358348789350415586e+01 9.005906241912755661e+01
5.343210180382859420e+01 7.342351206834557331e+01 8.498788087868426544e+01 9.327018659375802656e+01 8.057416505976620158e+01 6.058343574834920275e+01 5.058815854482650565e+01 7.057880040406702449e+01 8.113707747858840946e+01 8.699295153615776144e+01 8.474056606586133000e+01 7.060359257287342416e+01 6.171824724752098490e+01 8.170882789998546514e+01 8.393499888057760927e+01 1.039286632231839178e+02 1.023780666703065378e+02 9.232218662713074764e+01 8.403998018086915067e+01 6.836163377896988891e+01 7.468216124834661684e+01 8.174884272293907372e+01 9.588675830947757106e+01 1.159429561226593819e+02 1.205006140956109562e+02 1.346171614754118764e+02 1.310304924101682502e+02 1.271585338893881101e+02 1.188788950178911250e+02 1.123332376314401415e+02 1.040548607375492907e+02 1.123332388612893453e+02 1.157530923364328714e+02 1.074740149894979311e+02 1.084691227147991981e+02 9.005906241912755661e+01 7.007686591744531768e+01
6.526479301961217061e+01 7.085105161804592910e+01 6.499538520942442688e+01 8.498788087866945773e+01 8.365962076552555970e+01 6.366845826655003293e+01 4.953298741037472297e+01 6.804192079252248959e+01 6.114597812922016828e+01 6.700123556527609026e+01 7.645904422751604557e+01 5.646862999561678009e+01 7.645904422751544871e+01 8.999061243497872908e+01 1.039286632272203690e+02 9.853013196311036381e+01 8.824133673532737987e+01 7.410460864132177505e+01 6.405090857308861985e+01 8.403998917927805223e+01 9.467287427250241194e+01 1.017531218402317847e+02 1.101025410152696793e+02 1.137090670533860788e+02 1.063673819604703681e+02 1.263519824111982786e+02 1.110415231964336868e+02 1.110415231964337153e+02 9.889104010503687903e+01 1.156183774730242817e+02 1.176571243538829492e+02 1.152629421545039321e+02 1.042151588377121385e+02 8.749104282934048626e+01 8.848622491435371273e+01 8.848622491452444194e+01 6.942460175789744881e+01
4.527305203603302175e+01 5.085948123617058769e+01 7.085105161755450354e+01 8.157262444675797042e+01 8.951558659647938043e+01 6.952373419869738314e+01 6.804192079252241854e+01 4.805101925611594993e+01 4.701021955934123042e+01 6.553934705178869535e+01 6.855308268927747406e+01 5.308951217330579908e+01 6.722469024003177651e+01 8.721613040675408968e+01 9.487984836927076060e+01 8.439398317257587223e+01 7.025783587422303356e+01 5.997066668800562894e+01 7.995970879815986621e+01 9.232218662612707760e+01 1.067749080971876339e+02 1.150569998472448248e+02 1.137126113746088691e+02 9.372763674995030669e+01 1.042918968704714331e+02 1.125674545777598325e+02 1.110415231964281446e+02 9.105536420383099028e+01 8.735351807465987406e+01 1.066802439377300260e+02 9.767175009593194090e+01 9.767175009596836333e+01 8.700057370906492338e+01 7.595474032546697174e+01 8.761510351753831571e+01 6.850362137230402482e+01 7.044495276689291074e+01
6.329494825314402817e+01 4.330301572377825181e+01 5.329910835266851166e+01 7.329078815362366583e+01 8.693650776043826056e+01 7.865483359199822644e+01 7.632312606968035595e+01 6.804192079252104008e+01 6.415982392657564048e+01 4.554816550469846703e+01 4.856222203534710502e+01 6.855308268927741722e+01 8.136142340808808626e+01 9.066003919785686094e+01 8.074411527831877322e+01 6.660838218399288735e+01 5.612356583520660536e+01 7.611279377580339656e+01 8.824133673538838707e+01 9.263846200055706959e+01 8.678295430364322272e+01 1.067749080971642996e+02 1.219834868186176493e+02 1.042918968704714331e+02 8.430782072805460814e+01 9.673878125653958193e+01 1.050161199233594402e+02 9.840116637741397199e+01 7.841716266611551589e+01 9.840116637741402883e+01 9.767175009596840596e+01 7.768908784778325582e+01 8.613475466786448465e+01 6.701730744545982077e+01 6.763210826971022982e+01 8.761510351753831571e+01 9.042311847641443023e+01
6.004216551781803446e+01 4.195193244212313033e+01 6.194401864858149054e+01 8.157262444339050944e+01 7.801476906622377783e+01 5.866344774174467602e+01 6.233193539725739640e+01 6.278519020027268738e+01 4.416847898281721285e+01 6.415982392657564048e+01 6.855308268927743143e+01 7.683429448867343581e+01 8.480556142877399850e+01 7.066945573821608662e+01 7.246325793813869609e+01 5.247368690454806028e+01 7.246325793813822713e+01 8.439398316187484284e+01 9.263846200030749856e+01 7.264881007238803079e+01 9.215046620460046256e+01 1.004319560148069428e+02 1.104280258418634730e+02 1.125674546979015673e+02 9.673878125661319416e+01 7.675519905583172431e+01 9.025535054081316844e+01 8.599481760631498162e+01 7.307625020693831175e+01 9.306021672709243830e+01 1.059503584966080609e+02 8.613475466786455570e+01 6.615111278917603954e+01 8.613475466786455570e+01 8.761510351753832992e+01 9.589286524042368853e+01 7.629539606771781735e+01
4.004983173062940693e+01 5.915630939658497311e+01 6.743768018042007384e+01 7.801476906622379204e+01 5.802324133109659243e+01 6.169175502297345304e+01 4.234031046816180321e+01 4.279367273372296410e+01 6.278519020027273001e+01 6.402461787364929080e+01 6.453900623716609175e+01 7.281989155592131624e+01 7.481032478556420529e+01 5.653476298650209486e+01 6.705384241058983719e+01 5.001281676944509513e+01 7.000270031299723428e+01 8.629667326052977216e+01 7.801591941443139433e+01 6.509412446069400460e+01 7.216088994949917890e+01 8.215487113513418649e+01 1.021460612746496821e+02 1.151556707590616355e+02 1.050161199233288585e+02 9.025535054081494479e+01 7.027141349435240159e+01 6.601018969915376999e+01 8.152615218898344551e+01 8.980482881291146668e+01 9.294416411514782794e+01 8.466595267798358293e+01 6.554146971333577198e+01 7.707959493902744441e+01 9.706251300332318976e+01 9.842739964225228277e+01 7.847573136162841934e+01
3.871974896234313235e+01 3.916388533176726128e+01 5.915630939658521470e+01 6.806633105719285481e+01 6.105271546805558103e+01 4.169997650948556611e+01 6.169175502297340330e+01 6.278519020027271580e+01 4.351940968359445350e+01 4.403342666766331348e+01 4.454795064574809516e+01 6.453900623716613438e+01 6.578987919932875172e+01 4.653914631373486799e+01 4.706347262619272698e+01 4.758833858661075311e+01 6.757855984847786601e+01 7.198902149921703142e+01 5.802696037988834377e+01 6.956737065483191884e+01 8.955685164535941567e+01 1.004319561324702335e+02 1.104280258416351899e+02 1.068754256765611359e+02 8.688869020076869276e+01 9.055632449666967432e+01 8.897808006300972750e+01 8.069928479440609692e+01 6.154065609321627051e+01 8.152615218898344551e+01 8.466595267798319924e+01 6.468169409950550630e+01 8.466595267798358293e+01 8.552536987970775328e+01 1.053412049504734114e+02 1.066874350933211133e+02 9.258873408270440564e+01
5.811681334722219106e+01 5.915630939658510812e+01 3.979275362267446070e+01 5.978501070478490220e+01 4.106078044804733196e+01 6.105271546805557392e+01 6.997292075825858149e+01 7.179173381113204755e+01 5.506164931762221215e+01 6.402461787364923396e+01 6.453900623716614859e+01 4.527679937823010903e+01 4.579915904050741204e+01 6.578987919932875172e+01 6.705384241058982298e+01 6.757855984848065134e+01 4.834946200141310868e+01 5.199954035149728782e+01 6.199447858378555765e+01 8.198356441466104627e+01 9.783818498810491349e+01 1.066685089281258172e+02 9.838789441303056549e+01 1.066685089236642483e+02 9.055632449666967432e+01 7.057118196142684496e+01 7.987381646913733846e+01 6.071348116569710385e+01 8.069928479440611113e+01 6.238385679760440894e+01 8.236902953793102711e+01 6.407513604280504182e+01 8.405964212353131870e+01 9.788057823444363237e+01 1.137885066351173293e+02 1.207861361037654575e+02 1.098650429473858452e+02
6.639826295557475078e+01 6.806633105724317545e+01 5.978501070478494483e+01 4.042239007021827035e+01 6.041448554459889664e+01 6.105271546805552418e+01 8.104468258215968035e+01 8.333378476615129671e+01 7.505240331688995070e+01 8.182718659823697749e+01 6.846869572574144058e+01 4.847824188670592349e+01 6.578987919932875172e+01 7.407062543224697038e+01 6.910932349890919113e+01 4.911956191721494491e+01 6.833945825340821045e+01 7.198902149921708826e+01 8.026955023274111056e+01 8.198356441466215472e+01 1.019747347856757216e+02 9.667435175435973349e+01 7.840076370843853226e+01 9.667435171000403216e+01 9.883572192391247313e+01 7.987381646913733846e+01 5.988770981898167634e+01 7.905183376886337498e+01 8.733086412373056362e+01 8.236902953793099869e+01 6.322817635807573566e+01 8.321301967559804780e+01 6.961858562140031381e+01 8.960206097295430538e+01 1.039060168274010181e+02 1.138986741023745566e+02 1.239508891028160775e+02
6.805190215043471369e+01 8.040658885525019173e+01 6.041448554459811504e+01 6.041448554459889664e+01 4.442118140258158832e+01 6.441281139599388439e+01 7.813524214795563694e+01 8.967790274143955287e+01 8.737159809414906420e+01 7.354615532234042519e+01 5.355617690052540070e+01 6.846869572574169638e+01 6.112138859671593849e+01 8.111164221059864587e+01 7.738967619519918628e+01 6.910932349890930482e+01 4.989080198201610727e+01 6.988032395149072329e+01 7.893377687963710798e+01 9.306849187681669378e+01 8.824424300401271637e+01 8.839432906066873841e+01 6.840800068008388735e+01 8.839432906058966921e+01 9.098080485171925602e+01 8.651448950208441602e+01 7.823534458831599636e+01 5.906542936403502608e+01 7.905183376886337498e+01 9.149144797561717724e+01 7.735979813533867855e+01 8.321301967512407316e+01 8.960206097296439509e+01 7.564420490168261324e+01 8.563517115836442883e+01 9.976505796880422849e+01 1.197520633015050890e+02
7.633378009713807444e+01 8.608432780433852827e+01 7.073459239784695285e+01 5.074336378491641852e+01 6.441281139599391281e+01 4.986249940862183649e+01 6.140427463790528151e+01 8.139591758064288740e+01 7.909032548842803578e+01 5.910053567468947477e+01 7.354615532234045361e+01 8.182718639729249333e+01 8.111164221059883062e+01 8.111164221059895851e+01 8.252238405250128039e+01 6.253353193455894399e+01 6.988032395149083698e+01 5.066434218198634198e+01 6.479906188222906849e+01 8.239063122158565022e+01 6.825670877181485707e+01 8.173221960038713974e+01 6.174547932737193889e+01 7.627673494072557503e+01 7.099424501491272110e+01 7.742054150315577488e+01 5.824864836932187018e+01 7.823534458831581162e+01 6.722544356036449642e+01 8.721083611256520385e+01 9.734394650248033543e+01 1.031979427017883069e+02 9.562714372672019181e+01 9.562714372680002839e+01 8.348181846577665510e+01 1.034653165475646404e+02 1.217381454532918781e+02
8.478433267048377786e+01 7.780257615303288787e+01 5.781129698426710917e+01 6.487906619051364032e+01 7.813524209826483968e+01 6.985373714579129967e+01 5.618432462546329731e+01 7.617550273264281202e+01 8.737159809400213817e+01 7.909032548842807842e+01 6.526933677497390818e+01 7.680993657129428698e+01 9.680155750312007967e+01 1.011039217972249418e+02 8.252238405250136566e+01 8.252238405248455422e+01 7.120123686364833304e+01 5.121213539161804817e+01 7.120123686371731253e+01 7.332063358630824723e+01 5.412278861885093306e+01 7.411092200922729489e+01 5.571840525057811533e+01 5.628934859794291157e+01 5.686098649002986605e+01 5.743355618028564891e+01 7.742054150315466643e+01 8.651448918629546370e+01 8.721083611256530332e+01 7.664659403586453834e+01 8.818449501628323617e+01 1.081717160378509703e+02 1.156130903250139141e+02 1.117447413145205388e+02 9.761140188043638943e+01 9.347253042616596019e+01 1.034640917528325730e+02
8.722695121444178312e+01 6.723482891736938427e+01 7.780257615303288787e+01 7.413378910682526168e+01 9.315314064238866365e+01 8.445726232565856151e+01 6.617950257162196692e+01 6.402517920123071349e+01 8.401690124558687955e+01 9.010780744245005280e+01 7.011726928880167975e+01 9.010780744245005280e+01 1.050836849155230226e+02 1.107946078893907753e+02 9.822378572845140354e+01 7.823446694497006604e+01 7.174946721176651465e+01 5.176054330763079037e+01 7.174946721176651465e+01 5.333223275179189216e+01 7.332063358630824723e+01 5.491488488007333757e+01 7.490274855550055122e+01 7.627673494072560345e+01 7.684817285851079305e+01 6.450063096141072094e+01 7.007471913122940066e+01 9.006093307854501973e+01 1.049119956214059783e+02 8.818449501628323617e+01 1.049119956587841926e+02 1.164522640433897607e+02 1.096692555329198626e+02 1.179627866423088136e+02 1.175979167299136066e+02 1.134581026692880386e+02 1.217381454656972721e+02
9.478363569507604325e+01 7.479052312540562752e+01 9.478363569507617115e+01 9.412680648358967517e+01 1.024090672542136105e+02 9.445370107888346922e+01 8.031543549598812604e+01 7.005241525581773487e+01 9.004484587188309774e+01 9.613545859860138876e+01 7.614400134645364915e+01 8.643900739478556261e+01 1.064320956228693973e+02 1.057793796795427568e+02 8.578915707976136673e+01 7.823446694498261422e+01 5.824635536268944946e+01 7.174946721176651465e+01 5.254290139120624303e+01 7.253156712984821297e+01 8.160044702571100572e+01 7.490274855550053701e+01 5.983611167168028544e+01 7.982323921487130747e+01 9.276619020964822937e+01 8.448667521276767900e+01 7.714077377579866379e+01 8.639309069295980237e+01 1.063809601513535625e+02 1.081717160378473608e+02 1.164522640339177997e+02 1.063995243367288168e+02 8.963869423766452371e+01 1.063995243376210169e+02 1.188562235343536031e+02 1.165807002955843785e+02 1.248739052363858946e+02
8.825476122049207106e+01 9.478363569507673958e+01 9.111445596491736865e+01 1.111095511519661017e+02 1.121628972173636782e+02 1.085919666735790372e+02 9.670931528632158347e+01 7.671590655487489130e+01 9.670931558878416467e+01 1.027996756812106298e+02 8.280702443367249543e+01 1.027996756810051693e+02 1.147145277177581448e+02 9.992376760009484826e+01 7.993440970337928775e+01 6.580132575103515080e+01 7.823446694498285581e+01 7.689330943644094418e+01 5.690529515454696252e+01 7.103892795894461187e+01 9.102703659774616085e+01 8.810298395536395333e+01 7.396908600162404923e+01 6.517827061219884399e+01 7.931060712351131770e+01 9.929836949177934002e+01 8.867921886689373423e+01 1.054074176335782767e+02 1.146615719570369833e+02 1.140153541995620401e+02 1.057217112893329585e+02 9.810460557684753269e+01 7.807324790201569442e+01 9.053346402905971502e+01 1.024176963594781995e+02 9.655118809508994104e+01 1.165807002944253412e+02
7.411609329811373925e+01 9.411052614262527527e+01 1.111095709209013194e+02 1.063036771089296906e+02 9.215705637952612506e+01 1.063037340765591523e+02 1.049919485144113480e+02 8.671187794099685675e+01 1.049919485147186862e+02 1.110820989665148204e+02 9.280251242425633507e+01 1.110820988765101589e+02 1.088714914307899448e+02 8.888064696092818906e+01 7.734084061154689493e+01 7.993440970337928775e+01 9.406973578470552866e+01 8.223519320603342919e+01 6.224769433895436066e+01 7.322537215448134873e+01 9.321375875128663324e+01 1.022368819107846178e+02 8.963399519915300573e+01 6.964753654233777524e+01 7.781858840232527541e+01 9.780609853660129716e+01 1.086673635580960564e+02 1.169481676035571240e+02 1.091695725137716408e+02 1.008758319723607286e+02 8.569249595928182828e+01 8.936792545367589469e+01 7.050435787146778921e+01 9.053346402901581769e+01 8.238555951903133234e+01 1.024176963595053849e+02 1.022803354565569407e+02
