LEM_wLE/output/LEM_woLE_example/elevation_000005.asc
nrows	100
cellsize	150.0
xllcorner	0
ncols	100
yllcorner	0
NODATA_value	-9999
[rows 34 to 50 of 100, columns 0 to 36 of 100]
6.278687791629389281e-01 2.062786877916258277e+01 2.989930200612656819e+01 2.144630738991852326e+01 3.558844301364897689e+01 5.558844301364826634e+01 6.404089644860619046e+01 7.232516769631682507e+01 7.731588507198786431e+01 6.380916376338817031e+01 4.380916376339410334e+01 6.380916376338817031e+01 6.257442962353950833e+01 6.257442962353951543e+01 6.439834415154092540e+01 5.854047977527751812e+01 7.268261539789040171e+01 7.868173775941325232e+01 7.649394176471344053e+01 6.916449767193661557e+01 6.088022644029167196e+01 5.992803174408656730e+01 3.992803174415854528e+01 3.992803174415854528e+01 4.539229903238539521e+01 4.444419956814837747e+01 2.444419956816791384e+01 3.111086623483446445e+01 5.080244320537524771e+01 5.634944516761614608e+01 4.634944516765609279e+01 5.634944516765573752e+01 7.634944516749465038e+01 8.583976743542072541e+01 6.755549621671634952e+01 8.583976743542069698e+01 7.413300479587131520e+01
5.760807145981240440e-01 2.057608071459776866e+01 9.899302006126211140e+00 2.989930200612656819e+01 4.323209415820748092e+01 4.989876082487403153e+01 4.404089644860477648e+01 6.404089644860619046e+01 6.903161382684010050e+01 4.903161382684967151e+01 3.748460844305756723e+01 4.992531898287074199e+01 4.257442962354635796e+01 6.257442962353950833e+01 6.439834415154092540e+01 4.439834415154706448e+01 6.439834415154092540e+01 7.894488091829769871e+01 9.268414551668138301e+01 7.854200991364268702e+01 7.025773868674339440e+01 6.821230297645219309e+01 5.992803174408656730e+01 5.992803174408656730e+01 6.255983033386572600e+01 4.405279439645855888e+01 2.405279439647764761e+01 4.349947577198376791e+01 3.080244320540434089e+01 3.634944516765644096e+01 5.634944516761614608e+01 7.463371639756765319e+01 8.463371638796871821e+01 9.583976741969169666e+01 8.755549621644566116e+01 9.583976741969169666e+01 9.413300479531123699e+01
7.930105716671143057e-02 4.001623759930375890e+00 2.400162375993073027e+01 1.745859146631062231e+01 2.323209415820677748e+01 2.989876082487332809e+01 4.989876082487403153e+01 6.646230022505976365e+01 5.817802897922059202e+01 5.231191198333715420e+01 4.402764073667565725e+01 2.992531898287328573e+01 4.992531898287074199e+01 6.416733098309012462e+01 5.588305973646662750e+01 3.732727633968183767e+01 5.066060967301276463e+01 6.601594873149291232e+01 7.601594873101970506e+01 6.439987431058113998e+01 5.025773868685119083e+01 5.871073330301355497e+01 5.316373134077406348e+01 6.144800257844005387e+01 4.255983033421502171e+01 4.255983033421502171e+01 4.294878525500681832e+01 2.349947577200225268e+01 4.349947577198376791e+01 5.634944516761614608e+01 6.463371640377307870e+01 8.402120205132034414e+01 8.208996894542960376e+01 9.037424016310994546e+01 8.786347163724410336e+01 9.614774284731609555e+01 1.076947482051189269e+02
6.786017468061785740e-01 2.067860174680582475e+01 3.228589500740129381e+01 3.745859146631132575e+01 4.323209415820748092e+01 4.989876082487403153e+01 5.818303207244876774e+01 5.491529484192657407e+01 3.817802897922658190e+01 4.402764073667565725e+01 2.402764073667750111e+01 4.402764073667565725e+01 5.820959022931603499e+01 5.262032559961916434e+01 3.588305973647086944e+01 3.066060967301540785e+01 3.773167748488063467e+01 4.773167748488027939e+01 6.773167748487216500e+01 7.854200991364268702e+01 5.871073330301355497e+01 3.871073330305907945e+01 3.316373134080698293e+01 4.609266352892047536e+01 4.201018062428626365e+01 2.255983033423250461e+01 2.294878525502470623e+01 4.294878525500681832e+01 3.418992544849885462e+01 4.418992544849849935e+01 5.573693083229060363e+01 7.573693083210275745e+01 6.208996894562949365e+01 7.631646625361467784e+01 6.786347163752515144e+01 7.941047702131685071e+01 9.941047702065203850e+01
1.053273305859350195e-01 2.010532733058558108e+01 2.888788863984210309e+01 3.559702547902419667e+01 3.410400049596677974e+01 4.238827174322997138e+01 5.653040736676184963e+01 4.663102359543191255e+01 2.663102359543447406e+01 3.508401821164103751e+01 2.024799600658529286e+01 4.024799600658374743e+01 4.717701506021660407e+01 3.889274381315927798e+01 2.433605435267876160e+01 4.433605435267691064e+01 5.773167748487657036e+01 6.601594873149315390e+01 7.601594873104400563e+01 7.504066492136843181e+01 5.504066492161295088e+01 5.871073330301355497e+01 4.609266352892047536e+01 2.609266352894175967e+01 2.201018062430319944e+01 4.201018062428626365e+01 3.709092087875515631e+01 5.123305649590796662e+01 5.418992544845915660e+01 6.247419668508442925e+01 5.910753794520974935e+01 6.347189574991752892e+01 5.054296356183738936e+01 5.631646625373344506e+01 7.045860187746339420e+01 9.045860187705844169e+01 8.773912715043434218e+01
6.652624653148981881e-01 6.036173924205586738e-01 2.060361739242020462e+01 1.559702547902491077e+01 1.410400049596749206e+01 2.824613611969819260e+01 4.329991723072319587e+01 5.158418847762590786e+01 3.508401821164103751e+01 1.508401821164216194e+01 3.055491007506294565e+01 3.883918132204340878e+01 3.389274381315976825e+01 1.889274381316068485e+01 3.889274381315928508e+01 5.262032559964132616e+01 7.176227099166617052e+01 8.004654217914053049e+01 7.850039425022269768e+01 8.332493614014508410e+01 7.028877955326940707e+01 5.028877955340693262e+01 3.874177416961482834e+01 4.162348602866840253e+01 2.162348602868494041e+01 3.576562165241539049e+01 5.576562165235898050e+01 6.537519211305991007e+01 6.149413093761210547e+01 5.320985969902666568e+01 3.910753794525246718e+01 4.347189574997216255e+01 6.347189574991752892e+01 7.631646625361467784e+01 8.460073747890339746e+01 8.785080569702162734e+01 7.619151257702574753e+01
8.924248754756384239e-01 2.060361739242020462e+01 1.102217047364786318e+00 1.454889855294085210e+00 2.145488985529372883e+01 3.023869301075139759e+01 2.329991723072478749e+01 4.003718309406107778e+01 3.766021412379169675e+01 3.055491007506294565e+01 1.055491007506381784e+01 2.911182937582242758e+01 1.389274381316077367e+01 3.389274381315976825e+01 4.717701505978610754e+01 5.762013536798279745e+01 5.176227099172977830e+01 7.176227099165832612e+01 5.850039420897404341e+01 7.264253204589552126e+01 7.857305077188311770e+01 6.702604540284129087e+01 5.018135213288040575e+01 3.018135213667998684e+01 2.123708022668098749e+01 4.069163695058382046e+01 4.897590819229658621e+01 5.614890610104702517e+01 4.786463486078641694e+01 3.320985969905678559e+01 5.320985969902666568e+01 6.347189574991752892e+01 7.175616698412788708e+01 7.720952512098899945e+01 6.892469389379242273e+01 6.784967253551799615e+01 6.724693573619923370e+01
8.870506738290029336e-01 2.088705067382864655e+01 2.110221704736443016e+01 2.145488985529372883e+01 1.954421763445491012e+00 2.195442176344513641e+01 1.175291184693247715e+01 2.316324763645403451e+01 1.766021412379332389e+01 2.750493866841099688e+01 7.504938668411750946e+00 9.111829375823239374e+00 2.911182937582242758e+01 2.298977809594969912e+01 3.006084590781505028e+01 3.762013536799933178e+01 5.762013536798279745e+01 5.907230379881318072e+01 4.435825858523219267e+01 6.264253125211156004e+01 7.418954143618530850e+01 6.651128368752425501e+01 4.651128375511193980e+01 3.537921585041143402e+01 4.069163695058382046e+01 2.069163695059920727e+01 4.014670007445978683e+01 4.786463486078641694e+01 2.786463486080848284e+01 4.786463486078641694e+01 6.149413093761210547e+01 7.522263746364242820e+01 7.720952512098926945e+01 6.566209273599491780e+01 4.892420793846345362e+01 5.370722061701658845e+01 5.896223593815017949e+01
9.587146228554132010e-01 1.510085024658623887e+01 3.510085024658553010e+01 3.023869301075377436e+01 1.609655738717619045e+01 2.454421763445490345e+00 2.808639936933396974e+00 3.163247636454391554e+00 3.518078500062623792e+00 2.351807850006218814e+01 4.523514698412044233e+00 2.452351469841140386e+01 1.356168768012923209e+01 3.356168768012708625e+01 3.359824459573097499e+01 3.713377850194059704e+01 4.084768526585956749e+01 3.907230379314247415e+01 3.435825858523184451e+01 4.590526396902476591e+01 6.590526399974142180e+01 7.479554808419172218e+01 5.537921585035627459e+01 5.537921585035627459e+01 4.897590819229658621e+01 4.014670007445978683e+01 2.014670007447441691e+01 3.960216730434323296e+01 2.438308174169458553e+01 4.438308174167634235e+01 4.693836623626748406e+01 6.693836623610070546e+01 6.892469389379242273e+01 4.892420793846345362e+01 3.737717388031713028e+01 4.884927948443341705e+01 5.449004694180428032e+01
4.749594815986911134e-01 1.461709510532951661e+01 3.461709510532880785e+01 4.438082863433085379e+01 2.848464865500030641e+01 8.484648655000709638e+00 2.280863993693304081e+01 1.730538326018509210e+01 2.351807850006218814e+01 4.020280461014447582e+00 2.402028046101390402e+01 5.033659025904889894e+00 2.503365902590416070e+01 2.874753209470407711e+01 1.359824459529827401e+01 1.713377850123107393e+01 2.084768526477217776e+01 2.493016816941088010e+01 4.493016817107245942e+01 6.215871197165355255e+01 7.215871232430393434e+01 8.366348705687840948e+01 7.313073901217053674e+01 6.313073901730210480e+01 5.484646777918563743e+01 4.843097131642491604e+01 3.960216730434323296e+01 1.960216730435709565e+01 3.906142923390805066e+01 3.060843461771354157e+01 4.475057024144399520e+01 6.475057024133786854e+01 6.811852856463639228e+01 4.811800211484925427e+01 4.811800211484925427e+01 2.884914422822295776e+01 4.884927948443341705e+01
5.246131949027718067e-01 1.466674881863359658e+01 3.466674881863288249e+01 4.003165403879197015e+01 2.003165403879302175e+01 2.848464865500030641e+01 2.848464865500030641e+01 3.730538326018363904e+01 3.005050735256886796e+01 1.005050735256966732e+01 3.005050735256886796e+01 2.503365902590416070e+01 5.544969018469801725e+00 8.747532094571571548e+00 2.874753209470407711e+01 3.713377850194059704e+01 3.239469064856510272e+01 4.493016817107245942e+01 3.387444007941035551e+01 4.387444007941070367e+01 6.387444008542225049e+01 7.898860340270269376e+01 5.898860340295237137e+01 4.484646777922191774e+01 3.484646777922227301e+01 4.415601810270860739e+01 4.680673242095581088e+01 3.852246117827246508e+01 1.906142923392122768e+01 3.906142923390805066e+01 5.677379088966699783e+01 6.677379088554535258e+01 6.226038989911639021e+01 4.226003329026622168e+01 2.811787180409581666e+01 4.811800211484925427e+01 2.958386258659361445e+01
4.470077517107070575e-01 1.199401313550312231e+01 2.613614875923382286e+01 4.613614875923310876e+01 3.157865942258533209e+01 4.831592528583149715e+01 4.848464865499099119e+01 4.074095702906475935e+01 2.074095702906645400e+01 3.005050735256886796e+01 2.605973926504210425e+01 6.059739265043166512e+00 2.554496901846898993e+01 2.874753209470407711e+01 3.703180338311557307e+01 5.633874896307000313e+01 5.239469065113786428e+01 6.067896240262854946e+01 4.542144546320327692e+01 6.215871197165796502e+01 7.215871232430492910e+01 7.763498465417097805e+01 6.763498466014736721e+01 5.935071342357164070e+01 4.415601810270860739e+01 2.415601810272567107e+01 3.798388410423030592e+01 1.852246117828493865e+01 3.852246117827246508e+01 2.848951964974169471e+01 3.848951964974133944e+01 5.848951964969158013e+01 6.174449854568605645e+01 4.174415019182361419e+01 2.760198964907305097e+01 4.687423745316420565e+01 4.958400300105852665e+01
2.599182575669619633e-01 2.025991825756660702e+01 3.570728106409845992e+01 4.465155297409746282e+01 5.157865942258293046e+01 5.986293066933164653e+01 5.488309265279143290e+01 3.488309265279690408e+01 4.074095702906475935e+01 4.056599304972023390e+01 2.056599304972472808e+01 6.423857425994029313e+00 2.642385742599269705e+01 3.988951190827910409e+01 2.805447771755964936e+01 4.805447771755383002e+01 6.504185759354665208e+01 7.332612883687443173e+01 6.542144547031492152e+01 7.370571780038338261e+01 8.349284904704225596e+01 6.349284904734631851e+01 4.935071342361586488e+01 3.935071342361622015e+01 3.268404675694979034e+01 3.798388410423030592e+01 1.798388410424210093e+01 3.744763518405922298e+01 4.411430185072021715e+01 4.848951964971681150e+01 4.848951964971681150e+01 6.677379088554538100e+01 6.174449854568605645e+01 4.174415019182361419e+01 4.687423745316420565e+01 2.687411512382620060e+01 4.614732064284379476e+01
3.519420047721200095e-01 7.423009816637565095e+00 1.636728172663656622e+01 3.050941735036726499e+01 5.050941735036655444e+01 6.775860178476933982e+01 6.316736389887271486e+01 5.488309265279143290e+01 4.973214436500021662e+01 3.559000874221268163e+01 2.678821720486039126e+01 6.788217204861958898e+00 2.678821720486039126e+01 1.988951190828253246e+01 3.988951190827910409e+01 3.748256813337994942e+01 4.504185759356423091e+01 5.918399321729468454e+01 7.918399321723475737e+01 7.493840199156709048e+01 7.617893243116924396e+01 6.789466119697762281e+01 6.763498466014739563e+01 5.935071342357164070e+01 5.268404675692007544e+01 4.519671453507584147e+01 3.691244329172749161e+01 1.744763518407038916e+01 2.411430185073693977e+01 3.825643747446738985e+01 5.825643747441040432e+01 7.677379087153330772e+01 7.002923873890514983e+01 6.174449854568605645e+01 5.515880878242091967e+01 4.614732064284379476e+01 2.614720275964137386e+01
2.695761837762450375e-01 2.026957618377588943e+01 3.570728106409845992e+01 4.465155297409746282e+01 3.947433053730944152e+01 5.361646616103988805e+01 6.516347154483099757e+01 5.399648019254868814e+01 3.399648019261270804e+01 2.144787311942464925e+01 7.305737495693951367e+00 2.678821720486039126e+01 1.281844409641717952e+01 3.281844409641499283e+01 4.817378315436481273e+01 5.748256813336900706e+01 6.504185759354665208e+01 7.332612883694966399e+01 6.908053760621086781e+01 5.493840199171670236e+01 6.463192705282496320e+01 4.789466119705168978e+01 6.463192705282496320e+01 6.061475858319295185e+01 5.105457891543280624e+01 3.105457891546869931e+01 1.691244329173800054e+01 3.691244329172749161e+01 4.411430185072021715e+01 3.825643747446738985e+01 5.825643747441040432e+01 7.009466052146503046e+01 6.180991707685800662e+01 6.180991707685800662e+01 6.712484230123982343e+01 5.298233612648577662e+01 4.469778363996137927e+01
4.879649418637075353e-01 1.463010056559453176e+01 3.463010056559382122e+01 3.464174523708149422e+01 2.533219491357899145e+01 3.687920029737109928e+01 5.687920029737038874e+01 5.382775682160227149e+01 3.399648019261270093e+01 1.399648019261587351e+01 7.671924872279169527e+00 2.767192487227700681e+01 3.281844409641499283e+01 2.914837571497141155e+01 4.329051133870186163e+01 6.329051133866187229e+01 6.766555034726140150e+01 5.938127910755150651e+01 5.908053760945151822e+01 4.079626636798624872e+01 5.634765581322823635e+01 3.634765581325958550e+01 5.634765581322823635e+01 5.233048734458897400e+01 3.233048734463993412e+01 3.600055572607647747e+01 1.653441130698884365e+01 3.653441130697873263e+01 5.636568793152724766e+01 5.825643747441040432e+01 6.654070871057180625e+01 6.180991707685800662e+01 4.180955385724232798e+01 4.180955385724232798e+01 5.595210718935361882e+01 3.883982995173173691e+01 2.469767414570830155e+01
9.938951651180888414e-01 2.099389516511773479e+01 2.886824254518563748e+01 1.464174523708220299e+01 3.464174523708149422e+01 4.220103469726591072e+01 6.220103469726520018e+01 4.554348557640076933e+01 2.554348557640818740e+01 2.767192487227700681e+01 2.767192487227700681e+01 8.191099003930331079e+00 2.819109900392783530e+01 3.699489458352709903e+01 4.593916649291060850e+01 5.748617187536062545e+01 5.611854496664756198e+01 3.938127910758832684e+01 5.079626636796465533e+01 3.079626636798660044e+01 4.927658800137410111e+01 2.927658800139435868e+01 4.033231609138414342e+01 4.375173051578232020e+01 3.546745927187305369e+01 1.600055572608598808e+01 3.600055572607647747e+01 2.808141669078115754e+01 4.222355231451160762e+01 6.222355231443027890e+01 6.525310230427963631e+01 5.696841364558883924e+01 4.766752461807379149e+01 2.766738963779486582e+01 4.766752461807379149e+01 4.275869771475377235e+01 4.325995497235685860e+01
