LEM_wLE/output/LEM_woLE_example/elevation_000003.asc
nrows	100
cellsize	150.0
xllcorner	0
ncols	100
yllcorner	0
NODATA_value	-9999
[rows 68 to 84 of 100, columns 37 to 73 of 100]
2.648726498749710601e+01 4.063139298865343818e+01 6.063474963748596736e+01 6.908841848387439200e+01 6.649280714255931457e+01 7.477849815563124025e+01 8.632757120778246929e+01 9.342210404981052818e+01 8.284838551270145501e+01 7.698945967065402840e+01 7.917766583679839698e+01 9.850290053144725277e+01 1.060248478886377228e+02 8.928509778375268979e+01 1.060248478884857093e+02 9.885202454116428328e+01 9.056520528182642238e+01 8.052938322357762502e+01 6.052420652788504896e+01 7.052679487563854366e+01 5.144361368940643331e+01 5.210241643320104288e+01 7.210692213343496348e+01 7.305419371753166047e+01 9.306039886374193770e+01 8.249649815872056990e+01 6.249098530339934854e+01 8.249649815872093939e+01 9.045814624373336699e+01 9.874543606875458579e+01 9.427118215901728604e+01 9.020311298173996306e+01 8.191551772234292628e+01 6.296557238992322425e+01 8.297142559016930363e+01 8.707720817545747138e+01 6.707040918947740238e+01
4.649024050460338486e+01 5.477593136554082065e+01 5.365955532549675411e+01 6.194552044545589098e+01 6.493858291194463561e+01 7.322460450988771186e+01 7.494066409434559262e+01 9.494503019650390740e+01 1.028518077008400695e+02 9.699308374153272894e+01 9.918121505928640147e+01 1.074665746958697525e+02 1.175735670882249906e+02 1.092883734157671682e+02 1.047119512903759500e+02 8.470543122178162321e+01 7.055925739173562761e+01 7.791233286510143330e+01 7.052679487563906946e+01 5.052235617347027841e+01 7.052679487569415073e+01 7.210692213343507717e+01 5.304963736343805181e+01 7.305419371753183100e+01 7.467866510281132264e+01 7.535381217780290797e+01 5.947543006614129268e+01 7.362068475332792161e+01 9.362752925116880931e+01 8.841126848597062349e+01 7.426380350310296308e+01 8.086327866572263190e+01 6.190987503157442262e+01 8.191551772234292628e+01 6.403323159301359624e+01 8.403931182719782100e+01 6.617853082161047951e+01
5.534502021986773457e+01 5.307362043170845567e+01 3.365547485570971276e+01 5.365955532549676832e+01 4.493458485973755501e+01 5.493650172954338018e+01 7.494066409434579157e+01 8.088385495956326565e+01 8.916991616235502249e+01 1.033151700625743246e+02 1.035120281292476250e+02 1.117980157492616513e+02 1.050456882018903570e+02 9.675921757564429981e+01 1.050456882019237526e+02 9.205871699591764923e+01 7.205270869957702473e+01 5.790744372225578473e+01 6.896587446394244125e+01 4.987503291122830973e+01 6.987944832223313085e+01 8.134108237281436971e+01 7.305419371753168889e+01 5.400005409187079408e+01 5.467400105377490860e+01 5.534909451658828772e+01 7.535381217780354746e+01 7.704184975080110576e+01 8.532903219691934282e+01 7.908094166136088177e+01 6.011850718298811103e+01 6.085783108877273406e+01 8.086327866572069922e+01 9.020311298189677984e+01 8.403931182719787785e+01 6.510318058576294220e+01 8.510950019139353628e+01
5.307362043170846277e+01 3.306963145320428765e+01 5.307362043170846988e+01 3.424182643741680465e+01 5.424599618665151013e+01 6.115952009034178616e+01 6.823201229872428542e+01 6.087953525645082919e+01 7.502466226237541491e+01 8.936653199145571591e+01 8.350727564729622543e+01 1.035120281288789670e+02 9.504288463820792288e+01 7.675348727852467334e+01 8.761315409618744354e+01 9.589967932845891596e+01 8.619911435566582725e+01 6.896587446394248389e+01 4.896149011725457001e+01 6.896587446394244125e+01 6.987944832222994762e+01 8.988514226282569552e+01 7.400467039679821823e+01 6.814502137244024027e+01 7.467866510281126580e+01 7.535381217780357588e+01 5.633280974516875972e+01 5.703696336273909395e+01 7.704184975080117681e+01 5.907578517472970248e+01 7.908094166136085335e+01 7.500320183704073429e+01 7.500320183704074850e+01 9.501075562215059733e+01 8.143783315270532341e+01 7.924911440502188498e+01 8.977530348058321863e+01
5.265965879563552932e+01 3.265573553366959914e+01 5.207448110148065723e+01 5.424599618665140355e+01 3.482944697422871627e+01 4.115553217641974726e+01 4.822798349697459486e+01 6.823201229875819251e+01 7.867358769583569256e+01 6.936186498782346632e+01 8.936653199145573012e+01 9.650822268160590056e+01 8.675635241924258878e+01 6.675113289902718350e+01 6.760789573118199769e+01 8.434960704029629142e+01 8.247036999064451379e+01 6.246515346528514812e+01 4.832018183127353694e+01 6.832454572633716339e+01 8.053218402157780531e+01 8.881894658240864260e+01 9.401104391434705576e+01 8.815111454214978437e+01 8.300617473294713022e+01 6.300051373648395980e+01 7.633762106751852627e+01 7.704184975080110576e+01 5.803587672573530654e+01 7.804088552034390602e+01 8.736829178125654494e+01 9.501075562194164092e+01 9.501075562211923398e+01 1.032983621560057514e+02 9.558593354468820280e+01 9.925772303761831949e+01 9.130981927404152998e+01
5.861474635260298527e+01 5.148968135815336922e+01 3.207065153882403763e+01 5.207448110148066434e+01 3.524594976193108664e+01 5.525026682612440965e+01 6.381785639789191578e+01 5.234349513048773872e+01 5.866925315029261156e+01 7.867358769585160871e+01 8.531611711177536961e+01 7.702968671927855837e+01 6.821668894996327026e+01 6.821668893777678022e+01 5.605857864922652567e+01 7.606311279394336111e+01 7.507414641276450595e+01 6.678764139111989095e+01 4.768018807401642789e+01 5.345482650117729406e+01 6.052715036564900686e+01 7.207664405377344963e+01 9.208266642039757244e+01 1.048263878816372596e+02 8.800778162119546266e+01 6.800135406800474414e+01 8.800778162119550529e+01 8.062356184829644690e+01 6.061823703471623048e+01 8.062356184829644690e+01 9.005877111583924943e+01 9.609137568397132156e+01 1.031655288851925576e+02 1.114529124787513155e+02 1.155953127238247049e+02 1.076476376308123406e+02 8.763797838863145273e+01
5.032890506860069024e+01 3.148594654379991908e+01 5.148968135815329816e+01 5.566701193340487919e+01 3.566263667132784576e+01 5.566701193340539788e+01 4.381376707414251115e+01 6.381785639789203657e+01 7.201024241006822990e+01 8.029641531015546718e+01 7.702968671927810362e+01 5.702506502235335262e+01 6.288428306230833442e+01 4.821244425296930558e+01 6.821668894996160759e+01 6.526768247552145397e+01 6.589344426502660212e+01 4.678332505803070518e+01 6.678764139120525556e+01 6.033178961432999898e+01 6.978823052870474442e+01 8.053218402161509459e+01 1.003694267572987258e+02 9.653905511736471112e+01 7.653144528820466519e+01 8.800778162119750903e+01 9.629514178089570464e+01 7.695214376245135668e+01 8.062356184829690164e+01 6.450392681499117487e+01 7.005187799517331371e+01 7.608348982292805829e+01 8.315680208994912448e+01 9.470883709585832833e+01 1.147175847021740651e+02 1.159355479013439094e+02 9.794537451471360612e+01
3.090174442307857561e+01 5.090538354131183496e+01 5.977556658203484119e+01 6.395304752912564084e+01 5.566701193340539788e+01 3.625256823997516875e+01 5.625702131836573017e+01 5.786507255190510080e+01 5.200595135458748075e+01 7.201024241006831517e+01 7.029995573482382554e+01 6.201368731276834723e+01 4.288002213369887983e+01 4.349739580253155680e+01 6.350164325748456662e+01 4.526341006624681285e+01 4.588915482538357082e+01 6.589344426502663055e+01 6.678764139125286192e+01 8.033683102049367619e+01 7.666566777009245470e+01 8.979388510151923697e+01 1.088249611647745780e+02 1.036130489534034780e+02 8.360477290877783219e+01 1.036130489518685636e+02 1.052468714974325934e+02 9.695949896273390323e+01 8.771345839565668712e+01 6.770697625227668937e+01 8.771345839565820768e+01 9.609137568397129314e+01 1.031655288851921881e+02 1.114529124855249052e+02 1.230046157485003135e+02 1.142836468101171334e+02 9.427343160892858975e+01
5.090538354119223641e+01 4.355311299099237488e+01 6.355687087930472501e+01 6.822509437200197624e+01 4.822092425629696066e+01 3.667117464282747363e+01 5.667568137078313129e+01 3.786042816673303690e+01 5.786507255190542054e+01 6.674854004470337543e+01 6.201368731276834012e+01 4.200938353676458092e+01 6.114473397108376673e+01 6.350164325748445293e+01 4.437933389375463378e+01 6.438358710565003662e+01 5.060416664790235330e+01 7.060851420092613751e+01 8.619985021739790909e+01 9.507953922142915815e+01 9.667163424741312383e+01 1.049583051667388105e+02 1.180865369800801119e+02 1.119002598167121363e+02 9.515659154481646453e+01 1.119002596108559970e+02 1.145157344966185065e+02 9.450737735606544732e+01 8.035959334729209047e+01 8.771345839565918823e+01 7.287195162840497176e+01 9.287934520347748446e+01 9.553491307439803393e+01 1.096833977876169115e+02 1.296908064263324718e+02 1.225714038998142996e+02 1.108980959419148036e+02
5.740784519119051055e+01 5.769783553778888319e+01 7.184276260106908296e+01 7.651121394947755050e+01 6.496175154148848208e+01 5.667568137078314550e+01 3.726409058359933368e+01 5.726866791649707267e+01 3.845770363291433114e+01 5.846240885641154961e+01 5.966958029659082285e+01 6.027944310641625236e+01 4.114035312473863826e+01 6.114473397108375963e+01 5.852432696382088295e+01 7.266996731432011813e+01 7.060851420092757280e+01 5.790847365524484047e+01 7.791321173701831526e+01 9.563057542200188266e+01 1.056335761384198406e+02 1.136686121362853186e+02 1.053818151114456896e+02 1.136686125538254544e+02 1.151647845992596757e+02 1.234516820083224076e+02 1.177217242905551728e+02 1.086550892461317517e+02 1.003676894813400082e+02 9.995339363077168571e+01 7.994496317725544543e+01 7.919818302257164078e+01 9.920654472689122372e+01 1.134389307549689505e+02 1.217259925303472556e+02 1.203312087548579967e+02 1.003205546415076412e+02
6.020892954603555580e+01 7.439365949538490952e+01 8.598768961758453599e+01 7.918517889295203815e+01 6.359453342152752242e+01 4.359039024747913516e+01 4.881389658063112336e+01 6.555475828286624562e+01 5.846240885641158513e+01 3.905552050627837701e+01 3.966497721760855200e+01 4.027495248049416432e+01 6.027944310641319703e+01 5.268988662342874818e+01 7.269427023310130664e+01 8.681560766441943144e+01 7.791321173701817315e+01 7.791321173701824421e+01 6.733838923819835998e+01 7.734082878788142068e+01 9.734697102880805630e+01 1.036656095347166797e+02 8.537584949674527479e+01 1.036656095348776745e+02 1.093677761072901404e+02 1.050686503963931386e+02 9.771545783423798071e+01 1.118619407209211261e+02 1.141016505384055932e+02 9.409299373567209557e+01 9.409299373567212399e+01 9.920654472689129477e+01 8.676022680181502267e+01 9.342986261781824453e+01 1.134389307551643924e+02 1.286186874145886634e+02 1.092702248305654678e+02
4.610388726614214505e+01 6.610774553645933338e+01 8.088380036293409603e+01 7.089901543390595862e+01 5.089486758097824293e+01 5.513973107760832448e+01 6.881810035215383436e+01 7.710424674691176961e+01 5.964759778196054185e+01 3.964260595252305563e+01 5.964759778196049922e+01 6.027944310641623105e+01 5.660855229150734402e+01 7.269427023309837921e+01 6.902329454154558164e+01 8.902823891869033446e+01 9.791899277468441198e+01 9.563058047083573854e+01 8.734389990643282431e+01 9.563058047139026030e+01 1.056335790124021656e+02 9.537883230228349873e+01 7.537340799739146746e+01 8.936186949589691153e+01 8.936186949551682801e+01 8.506276385585418609e+01 8.356931591715371610e+01 1.035751576129242011e+02 1.223887177286069488e+02 1.141016505384054938e+02 1.141016505398193033e+02 1.150565305765421726e+02 9.831261119251873026e+01 1.134389307545647654e+02 1.075788254681230995e+02 1.275864764163555805e+02 1.234197368260523859e+02
6.610774553635522466e+01 5.259393473735627111e+01 7.259788354755770001e+01 5.942452038798690239e+01 7.089901543390590177e+01 7.514400820953628113e+01 8.343018115346998798e+01 7.852410808938491016e+01 6.023568165545377440e+01 4.023050713502841091e+01 6.023568165545375308e+01 6.935792734127289805e+01 7.661303413423028985e+01 8.489932283755685205e+01 8.902823891868999340e+01 8.521661766249334846e+01 9.350317672839247507e+01 9.245562452518169039e+01 8.985976117008185327e+01 9.814640180906795308e+01 9.770374980892792394e+01 8.830584670843241213e+01 6.830092743316056669e+01 6.935688016636544262e+01 8.149184912863887575e+01 7.091723400626246132e+01 9.092235235936742299e+01 1.093799190891203494e+02 1.089602497286146274e+02 1.119100084787328058e+02 1.124010784252786976e+02 1.206878813884999602e+02 1.183212130365048296e+02 1.266081262115685320e+02 1.275864764163216449e+02 1.358731597252437950e+02 1.434270142970509596e+02
7.759889544171990394e+01 5.759484787968126085e+01 7.759889544164455799e+01 7.942892014791388533e+01 6.885450170259643699e+01 8.885924797118050833e+01 8.438327987444824885e+01 6.437862455940228301e+01 5.023351086466396964e+01 6.023568165545375308e+01 4.106633916732147327e+01 5.521253770923453885e+01 7.521701062375649371e+01 7.839307858274601415e+01 8.195330793625025478e+01 6.521189159259776602e+01 8.195330793634067845e+01 7.245051904338272664e+01 6.985477805022574671e+01 8.659639477497204041e+01 7.769831979890420826e+01 8.485838174219180985e+01 7.657185245869473533e+01 5.935513852149841796e+01 6.148746702474407755e+01 8.149184912863726993e+01 8.108748754748273768e+01 1.010931537540569707e+02 8.895413427579028109e+01 9.190377126348803927e+01 9.239476350802559068e+01 1.091372643248105305e+02 1.232838270630676902e+02 1.173481530561757751e+02 1.231236161060902674e+02 1.294503294550542876e+02 1.365237440689116113e+02
8.314706082659901654e+01 6.314286605969554955e+01 8.314706082760646666e+01 9.642040873342126872e+01 7.641545772039657436e+01 9.642040873342129714e+01 8.657162579926234969e+01 6.656692065349947995e+01 7.023785244588084709e+01 6.166391362734217552e+01 4.165842329433372271e+01 6.166391362734222525e+01 7.079928588746791718e+01 5.838856270452804154e+01 6.487351310447336061e+01 5.366264992623235486e+01 6.612964537792365149e+01 5.830550190785659481e+01 5.830550190785659481e+01 7.830987878068840757e+01 6.355318828566245770e+01 7.384964035674025240e+01 5.656776059453862615e+01 7.657185245869476375e+01 8.149184912865447927e+01 6.475394016737544689e+01 8.475859569720761044e+01 9.077207462848029706e+01 7.480832025665145579e+01 7.775780921555798386e+01 8.084460971695361309e+01 9.499070158630158289e+01 1.097863671845580029e+02 9.734154817243208413e+01 1.031168252266200938e+02 1.094435051694541983e+02 1.165171063244352752e+02
8.947298951043576665e+01 6.946864658192330921e+01 8.947298951043543980e+01 1.047065006716280067e+02 9.056112749647888904e+01 1.047065180671858826e+02 9.485792779870442359e+01 8.117125021560350717e+01 6.710851807916687051e+01 4.710401168075873102e+01 6.166391362734223947e+01 4.250740665811954244e+01 6.251303064235875695e+01 4.424256079398957553e+01 4.486861506823762369e+01 4.549552994699396891e+01 4.612518719232058828e+01 4.675604860250604844e+01 6.676034640817178456e+01 6.944687012545691118e+01 5.200411013439006780e+01 5.384562308873891823e+01 7.384964035674033767e+01 8.485838168066001685e+01 9.304527612211370524e+01 8.475859569720761044e+01 6.818446068193182441e+01 7.076689841508091661e+01 9.077207462848076602e+01 9.776346247787969901e+01 1.008504271222554252e+02 8.569655556270726038e+01 8.978011183512329296e+01 9.794741664741306408e+01 1.079506637737706995e+02 1.279574059726544846e+02 1.365237440689123218e+02
9.775883113896971111e+01 8.101819160236388484e+01 8.580216862150651025e+01 1.058062695820725168e+02 1.105659649614573539e+02 9.905129244829245749e+01 8.749896391654009165e+01 7.288338949496578323e+01 5.287892781962810318e+01 6.710851807916702683e+01 7.079928588172516868e+01 6.251303064235887064e+01 4.335835981932168437e+01 6.336406989089449837e+01 6.487351310446739205e+01 5.964100848841840019e+01 6.027046327647715174e+01 6.676034640817175614e+01 4.765349943848252678e+01 4.944282268522067625e+01 6.944687012545696803e+01 7.384964035673964133e+01 6.539466171894143542e+01 7.694406605012356692e+01 9.694949678379943236e+01 9.575078451127959056e+01 7.574528778840463872e+01 9.077207462847830755e+01 8.145981965217063703e+01 1.014656301429313316e+02 1.139894568809844486e+02 1.057026074120601180e+02 9.639003372403010417e+01 1.097863671845663021e+02 1.262408151058525902e+02 1.279574059726545130e+02 1.479634399864077352e+02
