LEM_wLE/output/LEM_woLE_example/elevation_000000.asc
nrows	100
cellsize	150.0
xllcorner	0
ncols	100
yllcorner	0
NODATA_value	-9999
[rows 68 to 84 of 100, columns 37 to 73 of 100]
3.590994937880054305e-01 1.254621317316867657e+00 1.291110037454954895e+00 1.229106782394263631e+00 5.042407095352910984e-01 1.010317427970436555e+00 1.313281320886408921e+00 1.086249257877992314e+00 4.171068049435988634e-01 7.699471844326025716e-01 9.617090252072183487e-01 8.145046264364691480e-01 1.139555995086716011e+00 4.238278799423623178e-01 7.010094655538047226e-01 5.959414680411324605e-01 1.199440390434416193e+00 8.799674841037213868e-01 1.349576687108129169e+00 1.269520065067556436e+00 4.597502492435885935e-01 5.564793845839601794e-01 5.361420837634421899e-01 7.494914467522809653e-01 5.109423011247903323e-01 4.867821156441290986e-01 4.702477928852262790e-01 5.749957684210305064e-01 7.598768240194994084e-01 1.209236833210082684e+00 9.042338176631792290e-01 8.886000840365134712e-01 9.283162356917316060e-01 8.448342674389922591e-01 1.393550142035772099e+00 7.405540153070374609e-01 5.012125024217383151e-01
5.043055021228638468e-01 7.186867177233150494e-01 8.109803813768750036e-01 8.934777692515258884e-01 1.109736170460573046e+00 1.262275244799008211e+00 3.858407907109233093e-01 1.178306558977012308e+00 9.394720003283170140e-01 4.425268411809078484e-01 1.236565282307400038e+00 7.612720411822712085e-01 1.205093143977683745e+00 9.032133365774513978e-01 4.334337880060165071e-01 8.839876306450478172e-01 8.696385459455834299e-01 5.741220764738165228e-01 7.293316927625682622e-01 5.456783494850386829e-01 6.297993188990133051e-01 7.985415097537896800e-01 7.189852946421207980e-01 1.202992896276947832e+00 1.398225319101080055e+00 4.499304623494432276e-01 4.510633673008916378e-01 8.457086247455699590e-01 1.353643730346570262e+00 1.360800710887850817e+00 1.117930015865054250e+00 1.271511980493881477e+00 7.329735044707232916e-01 1.021415298206249656e+00 4.826907302281153722e-01 7.847333340738495977e-01 5.890306284276956017e-01
1.188200051410783775e+00 7.805104414503704069e-01 7.173810671657105953e-01 9.921559781253553867e-01 5.991993747843333828e-01 8.196887286373210069e-01 1.259729649223796599e+00 1.156001964328662535e+00 8.605126112005601069e-01 8.626755690776902741e-01 1.138053329560603455e+00 7.709918485411517697e-01 5.510466350415005321e-01 1.048723911550681898e+00 1.219317337317341376e+00 7.389243212666275484e-01 1.009193725938504427e+00 7.140357159009621535e-01 7.778255304057355435e-01 6.313958901495825282e-01 1.320019745378217646e+00 1.096032399154352133e+00 4.929926318752990144e-01 5.625754215291692839e-01 6.307747828508879495e-01 5.472276205989906606e-01 5.583989535641359359e-01 1.193319629092615797e+00 5.906927687152513373e-01 1.167345694545954160e+00 8.569892905322261667e-01 6.708301651797012877e-01 1.402213979278501554e+00 1.218979943595062787e+00 1.080883398080155544e+00 6.135424623657926846e-01 9.097227641766081341e-01
8.733556091301100111e-01 6.278201382297483590e-01 1.161543979526464154e+00 3.053927328563666443e-01 9.941499670753042306e-01 7.395277028527842411e-01 7.524453525458825176e-01 3.485834076780007784e-01 1.308300705107613204e+00 6.518468704812064862e-01 4.932751523946693473e-01 8.712919129944387553e-01 8.884753866835891634e-01 7.490849748244444717e-01 5.982412601024378329e-01 8.344314330674672542e-01 1.148556779958172402e+00 1.246936709080256112e+00 6.542681296828229964e-01 8.808239958095565036e-01 1.293942177095879886e+00 6.592755701717609718e-01 6.921675763762401568e-01 1.010414558944778385e+00 1.121191209315231418e+00 1.234971420863456126e+00 4.617461953936988217e-01 8.688140308629304087e-01 1.244149374644795802e+00 4.508860863459677737e-01 8.611908598504982582e-01 9.145437281718780120e-01 9.606053456330126972e-01 8.529904548576044965e-01 4.840436339368614505e-01 1.341452357394824935e+00 1.355427342168090243e+00
9.699569954432062380e-01 3.066623762065449066e-01 8.373559232302314470e-01 8.759447511029989641e-01 6.982079591044013656e-01 9.525799440219169245e-01 4.251259426052498847e-01 4.426846106925345081e-01 1.088319826972898863e+00 3.358832854250924926e-01 7.128398423235993153e-01 5.517768146336657908e-01 5.566159653170620336e-01 5.992370753906528513e-01 6.736727032222046274e-01 1.103308169967082364e+00 5.065884685536197196e-01 6.412164483223231626e-01 5.870321901710551238e-01 1.082683225678810812e+00 1.032110536196016337e+00 1.317871876546240717e+00 1.024566726715920417e+00 4.715430264536820126e-01 5.801363741691504261e-01 4.691902956879814290e-01 1.131056753028318207e+00 9.930014976610254118e-01 5.652641348419524814e-01 7.283627838444376446e-01 1.116040826794050256e+00 8.033906617826989116e-01 6.386154398006124167e-01 1.103645063548253535e+00 1.036371145422654738e+00 9.512545179729332556e-01 8.785752197745613223e-01
8.998094004962517989e-01 1.033278327689683973e+00 6.711839875290431801e-01 1.112284898823198587e+00 6.540183969392988628e-01 1.298117651870349665e+00 9.398983305852439685e-01 6.783116767579878692e-01 1.142481711652343357e+00 4.853576466090647190e-01 5.905758299055685612e-01 9.684167167894249806e-01 1.218677724249026317e+00 1.162761676303267322e+00 5.281010477460802433e-01 1.324525250694007728e+00 1.137632971356978162e+00 4.511276397130891125e-01 4.453486816008549454e-01 9.314242009178245185e-01 1.380156349094164847e+00 6.831708914144721811e-01 7.699935866670750695e-01 4.198491040273252817e-01 8.561908579170517397e-01 4.251805547682750985e-01 1.024218705586451783e+00 1.388589632525137896e+00 6.780202777208405029e-01 1.318581523076431949e+00 1.427626913795687180e+00 1.291302303903628212e+00 9.723629554592856383e-01 1.085119258877430326e+00 1.067776562875617952e+00 9.299853700660314360e-01 1.334592998815331555e+00
6.152655958965670413e-01 5.409101468795312062e-01 5.855726622636248102e-01 8.410161711215007330e-01 6.087570234504767752e-01 1.092654697571720845e+00 3.667872801363195046e-01 8.821421014553652018e-01 6.560287887031419629e-01 1.080350714948527413e+00 9.550093248209823305e-01 1.104354843529204100e+00 1.334586541991782171e+00 5.727007155999267463e-01 9.290026565468327835e-01 1.126113048911643322e+00 9.837858722420188551e-01 6.693031888761492576e-01 7.624674994905774605e-01 7.665291966302051341e-01 1.100887288998479097e+00 1.175295749412134771e+00 9.874575551956887853e-01 4.933017307898652226e-01 4.350012939968626036e-01 1.270198260112691990e+00 9.536866057504009841e-01 8.240798370419624153e-01 1.341469166363047139e+00 7.122229580174596064e-01 6.521556887777445466e-01 9.215139367401092851e-01 8.053796747757915320e-01 6.410988376858551829e-01 6.325958358050538521e-01 5.974477630569344777e-01 1.267241988220142002e+00
3.642395553801305308e-01 1.035472451315174736e+00 7.167827600021259293e-01 1.175433223229105151e+00 1.145772614708031156e+00 6.015755205900522595e-01 8.279862616418276478e-01 1.281698300553613112e+00 1.045265619502986798e+00 6.537986093803972443e-01 4.414588652384310308e-01 1.214685645812736414e+00 5.153011713410323713e-01 3.753085776033758258e-01 5.628458934362058352e-01 4.520735196059295635e-01 6.329743026698190222e-01 1.278192195572039447e+00 1.272570054281073837e+00 9.000098579197337578e-01 7.505289314506107257e-01 5.767860213850058981e-01 5.567814679226957830e-01 9.825460824487934897e-01 8.519355336628129383e-01 8.465064461760533066e-01 6.911195917720071025e-01 8.381656066065472643e-01 8.896205381082885610e-01 4.753385673086392704e-01 1.244251517218364356e+00 1.239094684705150717e+00 1.258565981844381065e+00 1.070153088054671020e+00 1.410467365518086824e+00 1.281945389199619534e+00 1.299492950743637909e+00
9.181763693775327750e-01 1.144361382259465154e+00 5.824651024783289444e-01 7.668131089388955379e-01 9.455243938671163972e-01 5.762679738066338597e-01 1.100450254779918646e+00 5.908015467704190726e-01 5.996308773627928579e-01 1.237779603136349715e+00 8.130041037641373425e-01 5.060678401714977515e-01 9.113116341781685170e-01 1.074586908495698045e+00 4.029711354195323336e-01 1.197804872535547016e+00 5.512832894244248383e-01 1.000679390418477421e+00 1.288650050374195333e+00 5.537964924482247087e-01 8.062861512154284593e-01 1.115836737233584675e+00 1.071180530987218660e+00 7.415806061086777090e-01 5.101957237598074846e-01 1.225259251162031937e+00 6.973785140642382308e-01 1.396581010134557488e+00 5.515995354980151033e-01 9.910935136085251562e-01 6.858799393744104966e-01 5.657899260494445581e-01 4.546405177446447565e-01 6.344548612790433806e-01 1.159610267636168590e+00 9.318340414961934215e-01 6.097486110142708027e-01
5.659812052754323863e-01 1.242853209071918208e+00 1.143273595626074890e+00 1.064973896576071333e+00 1.002092302538740265e+00 1.246560325473792918e+00 6.343826750865767528e-01 1.070174697516806495e+00 3.776615422604434613e-01 9.186876899167574217e-01 1.170279124559050699e+00 1.332917235623530150e+00 5.650519394425822517e-01 7.601427587627080928e-01 1.063462129750452512e+00 1.331489791038239501e+00 6.115480869109316542e-01 3.848839501981922151e-01 1.307054981080520095e+00 5.300294912498393352e-01 7.798194067592389978e-01 9.492293145474753890e-01 1.201371305880485352e+00 1.324992540440168565e+00 1.214394489470827176e+00 6.421963587045826927e-01 1.108249790559269865e+00 1.054795298255960745e+00 1.203073006406205403e+00 1.349530361698176861e+00 8.985432983964819487e-01 5.299864549444369688e-01 5.350816887345940520e-01 1.400170683668960692e+00 7.066445098893876509e-01 1.271766617771298735e+00 5.767309081846493379e-01
7.864725811293196145e-01 9.450818142837991154e-01 6.684546965832397492e-01 4.236030432728687956e-01 9.185418533751000814e-01 4.806707642835904570e-01 9.221217870991028631e-01 1.213733961295548669e+00 1.265174937701774915e+00 5.136211808661031997e-01 5.644990929060665907e-01 5.535493179106306671e-01 4.702638265463709999e-01 5.936412130974922929e-01 1.196576085725883365e+00 7.193837675491809858e-01 3.785395478391567203e-01 7.645842405414502441e-01 7.199662798652101126e-01 6.904583091366779390e-01 1.265256169729377822e+00 7.999155115664956517e-01 1.232434544914695618e+00 9.480056416087342397e-01 1.311809310505914983e+00 6.855038860035621573e-01 8.562531577094120161e-01 1.310235016408414443e+00 1.323516542511661287e+00 5.242350550367211870e-01 1.165132315343117897e+00 1.369573630474562043e+00 7.089837763196974452e-01 8.117827378790664072e-01 4.588458456677118047e-01 1.197515008739520548e+00 6.681852336386767677e-01
6.347971053667278429e-01 7.561663801356782733e-01 1.030845761069527189e+00 1.119281838760391112e+00 4.676947711934265062e-01 1.062758503165803114e+00 9.069974543549715884e-01 5.916502036591542169e-01 1.225679650030233381e+00 5.232882135283456471e-01 6.658529580909586798e-01 9.170414340212136306e-01 5.055248956676511307e-01 4.459130769383374271e-01 9.195541529676558579e-01 8.932060303092762554e-01 8.108670622978773057e-01 7.721665818923726388e-01 8.988478905167741617e-01 1.049475262711956791e+00 8.737737864206447380e-01 7.456505592875667388e-01 9.869318388508662165e-01 1.155131255224750131e+00 8.394312263974125221e-01 1.241302814905265395e+00 1.313565413534929505e+00 9.068884327208789342e-01 1.387659667879419301e+00 6.583737131841059798e-01 7.321765058072439158e-01 7.354151686932699494e-01 1.131926954713886602e+00 1.134375373216207628e+00 9.404156467401738606e-01 1.030106702008543040e+00 1.191803691689653721e+00
7.253047647097125017e-01 3.365607594178200435e-01 1.233456700067975254e+00 6.072308615805800391e-01 7.158446679725211093e-01 6.133642845934544896e-01 1.140092212776197211e+00 7.703205817040710279e-01 1.083777848231382901e+00 4.811189786392973677e-01 8.081913383062101497e-01 8.472564981439186793e-01 5.912274196018850736e-01 6.663844245303541802e-01 6.104444639607756740e-01 1.077495845513761763e+00 5.813106840311360601e-01 9.960114041058242274e-01 1.157830891596421274e+00 1.069235593094281844e+00 7.554640786792012896e-01 7.386709656519662159e-01 7.331495510101417867e-01 8.440887352468968707e-01 7.824170461255782749e-01 1.011463986895200229e+00 9.943122065230135531e-01 7.956611127467893008e-01 1.044393873973638476e+00 9.329298371361745001e-01 1.041389728542327475e+00 8.908071037065888875e-01 1.177394212588621869e+00 1.404516667215032433e+00 1.388048864011635297e+00 1.284153050478108682e+00 4.892914178518567581e-01
4.251666531700872831e-01 5.673623747958801422e-01 1.283404850722263735e+00 6.184634600388624337e-01 4.115334971444448708e-01 5.880153534326557629e-01 6.783768503438384334e-01 6.204223097622968419e-01 5.640272721598528216e-01 7.604961372688843202e-01 5.132532936308580318e-01 8.072301255483558258e-01 1.198525241132424757e+00 7.664603809088481601e-01 9.221887452413366493e-01 1.241477668575025506e+00 1.055028791727032678e+00 1.229788364877600904e+00 1.335179636609473253e+00 1.283084887119185558e+00 4.355796334518031165e-01 8.970154584344411930e-01 7.767423021601685962e-01 4.725539763125648496e-01 4.366602259934442287e-01 5.776307963735105577e-01 1.178116765161695056e+00 1.238173244570704323e+00 1.341044032032655098e+00 8.302015427295347250e-01 9.469929487618365949e-01 1.402051468866258421e+00 8.607311485501373260e-01 1.096232122484242399e+00 7.561575202199560808e-01 1.400795504224724652e+00 9.302997487393990239e-01
1.179326303753877481e+00 6.227379762186151524e-01 8.376493836999550080e-01 1.170171780015626162e+00 7.905341066391496918e-01 1.239912451064808518e+00 9.288805773221372464e-01 1.123199480768824365e+00 6.210722315165686513e-01 5.948222223138343034e-01 4.426822496712199406e-01 9.140089383381510002e-01 8.158100990465748659e-01 9.824923173412012378e-01 1.160311136824680789e+00 5.381382503339124934e-01 8.795731360682920164e-01 4.674600510980848611e-01 6.530476861966706403e-01 1.133306389706333572e+00 1.284792168231262632e+00 1.158568543783962124e+00 6.177368595330948731e-01 1.188950055878561951e+00 5.217379284609514611e-01 6.124379355854603357e-01 9.593757596708351043e-01 1.115933739364995292e+00 8.814777392275415790e-01 4.787876271947511531e-01 6.505983016005211228e-01 1.290089172563098074e+00 1.003109792428670266e+00 6.055487427767868303e-01 9.082695172059465083e-01 8.256441475944570341e-01 1.340689094026169315e+00
6.687339569119219451e-01 1.168942933368941617e+00 6.364487625272771121e-01 5.562074223173194554e-01 9.856298326540180454e-01 1.268771448893193599e+00 1.135020251450151951e+00 8.181285399841666806e-01 7.200557528088492587e-01 8.259663558521045390e-01 1.109106065297368771e+00 6.776010021856544441e-01 4.741140157374059694e-01 4.069486650257944649e-01 4.249289934391904389e-01 5.238292820246815973e-01 5.812715378797075338e-01 5.910877518401944641e-01 1.136540321976057033e+00 6.702798721248149905e-01 7.119751489227302832e-01 6.536380562505335057e-01 1.320862949549174825e+00 8.189194697059234418e-01 1.351902562000580899e+00 7.636541773567144809e-01 5.389899648833567092e-01 8.669457453069944197e-01 1.419303702758253349e+00 1.129435524186579443e+00 1.164584973481951113e+00 6.353448429577501777e-01 4.769421693060614809e-01 6.979533822982159075e-01 1.448012029178983973e+00 1.432994644909945769e+00 1.019550994928212218e+00
7.353482471334215065e-01 8.095824824167280331e-01 5.551682681142005027e-01 8.665138999860788616e-01 9.000375345143132311e-01 8.677427167922415752e-01 1.308336019687574625e+00 7.504820839956961587e-01 3.897759736681865039e-01 7.502957105476157906e-01 7.700724373915930343e-01 1.192022397519876264e+00 4.708567961214211728e-01 5.555177901166516996e-01 6.404260583096339499e-01 7.515618823489944589e-01 9.373035993473508576e-01 7.515215175411859017e-01 5.466105670737508859e-01 4.419752399337289472e-01 1.022057374709311128e+00 6.417635913232815348e-01 9.791353540133228561e-01 1.375947908523137420e+00 6.972047906249528859e-01 4.390452300406056940e-01 5.481280843936574554e-01 8.897763685938020473e-01 1.099760484525861948e+00 1.093244122233088866e+00 1.382299472169000509e+00 9.620051417743572530e-01 7.703169960979064923e-01 1.199131804055402650e+00 1.025262885048084049e+00 7.696053185916704731e-01 5.425258547098630313e-01
