LEM_wLE/output/LEM_woLE_example/elevation_000000.asc
nrows	100
cellsize	150.0
xllcorner	0
ncols	100
yllcorner	0
NODATA_value	-9999
[rows 68 to 84 of 100, columns 0 to 36 of 100]
2.958550950857541384e-02 4.104415131771196878e-01 8.443433286590987796e-01 4.873997547981575584e-01 3.386669086242587445e-01 4.781165442039284064e-01 4.299124001140950391e-01 9.376374751615053071e-01 8.908081934081666375e-01 3.983387217117429491e-01 1.069498248111668159e+00 7.101435031438155798e-01 7.423621499457978556e-01 2.256585040689132460e-01 5.272911957752161038e-01 9.944589057316479686e-01 1.164506998574470265e+00 1.160442661451920987e+00 6.010399014874110435e-01 1.138870488751812626e+00 2.653916677501018118e-01 9.611564609963098027e-01 7.924380170760150222e-01 6.801845418581965452e-01 1.138463764660649913e+00 1.096259453100177028e+00 2.996860556571485090e-01 8.283808837303493489e-01 5.468286027503094227e-01 9.387360569826647128e-01 5.788897011827923711e-01 8.756356025804059584e-01 1.056550068536477704e+00 1.202382243152507746e+00 1.088698198609377998e+00 7.826536917528708059e-01 8.620712878951799496e-01
9.835479489548564214e-01 3.725800455754589291e-01 8.071539522870213590e-01 8.178086152393154729e-01 4.539245793577287857e-01 7.956313364204978811e-01 2.998706994398892545e-01 9.655038252702843327e-01 9.286326451001171156e-01 8.414710315798912266e-01 3.791415603119748789e-01 8.910217008990176657e-01 4.307958486688568400e-01 3.622608525176362892e-01 1.158356179673243336e+00 7.724670224133262098e-01 2.274704141915775968e-01 9.907783921611215128e-01 9.461967604880382465e-01 2.497207890751139137e-01 4.421026093828083203e-01 5.371861324759108491e-01 3.169767588530514879e-01 1.212668180121389883e+00 8.418091398876207387e-01 6.733175452920556747e-01 1.133110463860568462e+00 3.014193084062817274e-01 8.628128539915285167e-01 5.183638076017758056e-01 1.050647800804784149e+00 3.319531754512642929e-01 8.543948041753252065e-01 6.304024441776382437e-01 1.217726677968555826e+00 1.136191317799577050e+00 5.683323387261897119e-01
5.722010782348829760e-02 1.057101228819301353e+00 1.105128656897740536e+00 1.084591813825051432e+00 3.041678505115090747e-01 2.836127992019211175e-01 1.863678885386975126e-01 8.681234006377065437e-01 9.216787488928966932e-01 3.508884249491953100e-01 1.123339166222174779e+00 7.283084121298248892e-01 3.038265622808408728e-01 1.106461609491231624e+00 3.663971477962362222e-01 3.641940365727386886e-01 1.168740111918891378e+00 6.148983461574024645e-01 8.809401327913319868e-01 8.146033407728435760e-01 4.460910343155475299e-01 7.245494949259529971e-01 1.012383507837803176e+00 3.240523411512412078e-01 8.343604322962047126e-01 5.835600573753366715e-01 6.715863256273821857e-01 4.164980961393763836e-01 5.242630175728545394e-01 8.134797742783359542e-01 8.673090087609104382e-01 9.949576261228789686e-01 8.861318230121539852e-01 9.714396548850241508e-01 5.818924180615804298e-01 3.520082844551855050e-01 1.247088809128795939e+00
9.757004629446797139e-02 7.451113408618617040e-01 6.144076722239754096e-01 4.898979646932106746e-01 4.282940319047242594e-01 8.142113745274431880e-01 3.326194598095056354e-01 6.328658898015069312e-01 8.334060918707451027e-01 2.532976334852223288e-01 3.641821365109072506e-01 7.443889062075390584e-01 5.190134491986806431e-01 2.274310722880296676e-01 3.179820168344736908e-01 6.210053061661108265e-01 2.464610270002865478e-01 7.641235052951094175e-01 6.113629262144321119e-01 4.501414985381937961e-01 7.408991357626379948e-01 7.601640717911873901e-01 6.907447602869600800e-01 3.401629217811335537e-01 4.107199800391559963e-01 7.537250266449675440e-01 5.848956194764765026e-01 1.073025093807074670e+00 4.640462779994145581e-01 1.059447976408943504e+00 9.347299377076906390e-01 4.577970268415629818e-01 3.713949389762598585e-01 4.208603960984553805e-01 4.399602988128156200e-01 1.166191611928984573e+00 8.306327870358839460e-01
4.225409065741109194e-01 5.119453217287022184e-01 7.162150069362784865e-01 3.763892175456874378e-01 3.692187447289195790e-01 1.058647050826693414e+00 5.774409584736885925e-01 6.482860102577279182e-01 2.687048822897297740e-01 7.382398977055287803e-01 3.404239711558809112e-01 1.703315267573651814e-01 7.830733837374571626e-01 9.870560913761163846e-01 6.828864259859788177e-01 4.671336437705799205e-01 3.604168941076404953e-01 6.103409402543344964e-01 1.058861426429773989e+00 5.351377412370789122e-01 9.102868111905452198e-01 1.184768270598307138e+00 5.088983788083359938e-01 1.174049082400003385e+00 5.194013956782274066e-01 3.422482144246903335e-01 9.754133228433881087e-01 3.716015727953873027e-01 1.070026268664649338e+00 9.488761665764868791e-01 9.192406440714856464e-01 1.147841975689160021e+00 5.280969045122516636e-01 1.251569806609210467e+00 1.156406805403742633e+00 2.999888832989073828e-01 5.148838271757916196e-01
8.169748314230130815e-01 1.285782832346521187e-01 1.621844582100511745e-01 2.997451352261292223e-01 4.411803081702151408e-01 6.048380479480325311e-01 9.693553262096000767e-01 4.316434060800867778e-01 7.450470035698130156e-01 4.025792777390438393e-01 5.950088004360420957e-01 5.474574742753556267e-01 9.160867525020457425e-01 6.570077446960641554e-01 1.988013875287245602e-01 3.460410282306382590e-01 8.271835531869101699e-01 5.359792555796553115e-01 8.433159751811201144e-01 9.989767935871801674e-01 7.523493963415064378e-01 6.915052273561800300e-01 3.156170794042241767e-01 1.072589551779196348e+00 9.322868868147632382e-01 7.623353763211908607e-01 9.258258228285258795e-01 5.719214044782429118e-01 2.573299365182305509e-01 5.342131655125039735e-01 1.136773613793506721e+00 4.599346448577236179e-01 6.521018879886583131e-01 9.131747418846439812e-01 3.008757236659871381e-01 6.315939064495718069e-01 6.830731408672832128e-01
7.482281904641915338e-01 1.038164885724781605e+00 8.153862657501818045e-01 6.457051570708337573e-01 1.687206149090575424e-01 2.934900297764819199e-01 2.613264570612490734e-01 4.655291055519328314e-01 2.337241899101589748e-01 8.133800132200322830e-01 4.176254316178100723e-01 3.985079616611834075e-01 3.331176803094957339e-01 8.314039769015286740e-01 6.187149695188440823e-01 3.424457465023483249e-01 9.336774958403148972e-01 1.028928453431638745e+00 4.441134771092525302e-01 1.080646182515836218e+00 4.903741316714645970e-01 3.692181798773925827e-01 4.418316293571233344e-01 5.947266206485324336e-01 1.042335134130637941e+00 2.567103598655705587e-01 1.118035267415110834e+00 7.899198970780629825e-01 9.818822113913555638e-01 4.996223622181447666e-01 9.666936311852908359e-01 3.029402117971492503e-01 1.205387807728274030e+00 2.945475381019347361e-01 1.045924965160896170e+00 3.649084175247856443e-01 5.023708239614206317e-01
6.697973685351282791e-01 6.578082224850224646e-01 2.619642281795379612e-01 6.097146696442908853e-01 5.128845702050751632e-01 1.991435948762801389e-01 1.637742303553736956e-01 6.953192914345042164e-01 2.420966222638893939e-01 3.138883393198534377e-01 1.672451103043633980e-01 6.514259116913521108e-01 3.590544390548519593e-01 9.316142518784640281e-01 6.944969128132109093e-01 9.788829265122080958e-01 8.157943459879426484e-01 7.621934762956720233e-01 6.149284437382869228e-01 5.449382611834441281e-01 1.103432930876018236e+00 6.514888991448903877e-01 6.022926077339012529e-01 9.969870325636013275e-01 9.241262880272376190e-01 1.171333404513395404e+00 1.097203645349365209e+00 2.472858265840720549e-01 8.826999623455595856e-01 7.550454493226964603e-01 7.686286709425786956e-01 5.490222003234473958e-01 7.410075531070409172e-01 8.264267153779059072e-01 5.541868439183396111e-01 1.030725464491980992e+00 1.229784746810924423e+00
9.239707316362346656e-01 4.251663113763303192e-01 2.981036501729542043e-01 1.576753684357698193e-01 6.903624560256660381e-01 8.036831773782846522e-01 2.663311350891211515e-01 9.708578793176971811e-01 2.159651050810036388e-01 8.475948857359822952e-01 9.752776917742131957e-01 9.855674141366527197e-01 1.082600270151233168e+00 8.042462750153488438e-01 8.451534480928947213e-01 6.431479883469970460e-01 3.001805262480336522e-01 3.460893472849529418e-01 1.130421371546627141e+00 3.475097449158047191e-01 1.011533442425815110e+00 1.105970000215164450e+00 5.443105630372480075e-01 4.679913210694572889e-01 1.100151850738240178e+00 1.142664709772627685e+00 1.029795508164125462e+00 5.695897597721364392e-01 3.951765770157168456e-01 1.140256574359474806e+00 2.763245128533937112e-01 6.214031226719954892e-01 3.523345998467687368e-01 1.181771837804276526e+00 3.803645208263513044e-01 5.969742199848008246e-01 5.916948696342770875e-01
7.344999525375345284e-01 3.328525199908189958e-01 8.456363481380647640e-01 1.570910517406819695e-01 9.417773173848463797e-01 7.161536808609409999e-01 3.598890006632257110e-01 2.910038769629326172e-01 4.083497757534178541e-01 3.056859285457476649e-01 7.995069558315308633e-01 4.396949288742595385e-01 1.735327721773408105e-01 8.821030481914524657e-01 1.099665686098556971e+00 8.721941920675198023e-01 7.867645192329740800e-01 6.323058674797963352e-01 1.130848743216969599e+00 6.054126609180708884e-01 7.851428528942272500e-01 8.407558526347985728e-01 1.026161402984042681e+00 3.815267681809932920e-01 2.827928118316581640e-01 3.948786918750213371e-01 1.111277914290400348e+00 2.578771947359903560e-01 5.502577245894502145e-01 3.505724773664760652e-01 6.908032445489398210e-01 5.656366278287171534e-01 1.186573582715646280e+00 9.803798108693512203e-01 9.331201218969182865e-01 7.158926902865802022e-01 4.879179567871070877e-01
8.205962881864476977e-01 3.035225813412312235e-01 6.718779540779928894e-01 9.200061443457844268e-01 6.029149879427627701e-01 4.417800156710726678e-01 4.870631947319077337e-01 5.092055678439423305e-01 1.006561198257454492e+00 3.961747758212465498e-01 6.476624368313919078e-01 6.892856954482611265e-01 1.049848523259391264e+00 3.643806273499583526e-01 5.044843106078774619e-01 8.051766687288538504e-01 8.760633020192589715e-01 6.360356282014985041e-01 1.066520924092188238e+00 4.458143127451771881e-01 8.712570063396888331e-01 3.093323365026581229e-01 1.100996750829222659e+00 1.211395425139200510e+00 5.261515345366972740e-01 8.972432728814812020e-01 8.614527492894493710e-01 1.062160609694403401e+00 1.181780412742443165e+00 9.807958095307173219e-01 5.377977490745012856e-01 4.698522286018168570e-01 2.813743800375465565e-01 3.724386082673277754e-01 5.021290925445224262e-01 6.221035841142741329e-01 5.710330419043971872e-01
1.503081736372913202e-02 1.095391272727535892e+00 9.497069092187795381e-01 1.603690204597456870e-01 8.360923925616176033e-01 5.981045242610981694e-01 8.438186001082694787e-01 5.705242785290151053e-01 5.367585742381111302e-01 5.410560671824307111e-01 6.196939527546626580e-01 8.374554668888308795e-01 6.432372821534864116e-01 7.431912569477294728e-01 5.005875049066480509e-01 9.972193776815954092e-01 4.827906156313703234e-01 7.293317367874665447e-01 5.818295711294939609e-01 5.143170787783992726e-01 7.306507774835160340e-01 7.859852668836102563e-01 8.867916332246048583e-01 1.123143122064820032e+00 8.183036143667290485e-01 7.018968174416831962e-01 6.929273734542361618e-01 7.822301917054002018e-01 3.078138004254762361e-01 5.019931646484223631e-01 8.322714994915190179e-01 9.454145511960666548e-01 1.018028142076774056e+00 3.386141898310301435e-01 4.987135796907117280e-01 9.286124092387018081e-01 1.046164291892981435e+00
1.711296032766891351e-01 2.200331429464386923e-01 5.086813425369332009e-01 9.006489988675596692e-01 9.412010428180460631e-01 2.408066573611064576e-01 6.839556953053985699e-01 1.126341582057943658e+00 2.512469273432473837e-01 4.045522906065482371e-01 1.533225598278703805e-01 2.200844699925914583e-01 8.296504071968769933e-01 3.994366294207493118e-01 1.085832566525504195e+00 6.068882311803589502e-01 9.029068556151534919e-01 2.075360273729927041e-01 9.284035264076790916e-01 4.736629155584470285e-01 1.167594890989422485e+00 6.243251870532678938e-01 4.500634713480826110e-01 8.403004799700236616e-01 3.153305747513981405e-01 7.284808532174735785e-01 8.624640489088473139e-01 3.011758136467921343e-01 5.753035473952672341e-01 1.007774197249506676e+00 8.288392849203257695e-01 1.188791200397925296e+00 1.229050667396513141e+00 4.665927185384604048e-01 1.170779334754753931e+00 5.189250930277572449e-01 7.570399898840881603e-01
6.634215400813491259e-01 9.748672565370559706e-01 7.089591781500107492e-01 1.826222376185579199e-01 6.846693812734976348e-01 9.760511271316594240e-01 8.540408662200811296e-01 2.588026148228249612e-01 1.025419079318742321e+00 7.003866788363966034e-01 7.886138250496032009e-01 5.475300177656013956e-01 4.938015010455968912e-01 2.201083745450557461e-01 5.932106129400052108e-01 2.714655057188813392e-01 5.709595053869670478e-01 4.862853728292566569e-01 7.451865519059616139e-01 6.924097371090650599e-01 2.960321219050978669e-01 5.478367443487787147e-01 7.886318556896847465e-01 8.375152576596582854e-01 6.004937732861722610e-01 7.100430527150231041e-01 8.920375806769943461e-01 5.094410281055342660e-01 7.477614200788738064e-01 1.060793020705288470e+00 9.373942292657794217e-01 8.471710675815531388e-01 4.176190124941387971e-01 7.125731871189604494e-01 1.051107748512413176e+00 9.101843597169754219e-01 6.688774072729596343e-01
1.702428053490451232e-01 3.863972715637701283e-01 1.609276373364426083e-01 6.057746081535287930e-01 4.708967572365098109e-01 5.132702721657932399e-01 5.261476331968519826e-01 3.843586262772851203e-01 8.827434299401892837e-01 3.124339289578337842e-01 5.671398590472590540e-01 9.408904855300660452e-01 2.787047734546092559e-01 6.268736141038422360e-01 1.113138728225882446e+00 3.420843714102038136e-01 8.390262314417934464e-01 8.846302847444650341e-01 6.870163075419168930e-01 9.107242915674483852e-01 8.961397395767791707e-01 3.737530040772220064e-01 1.031992797359593261e+00 9.447829973473089726e-01 6.678409614904140534e-01 9.707261803280391455e-01 2.733648886790421284e-01 8.547641134737634649e-01 3.191974123115528528e-01 3.510703283308434508e-01 1.076318618036512076e+00 2.748709750224372916e-01 8.806905206890407456e-01 1.249580009291492155e+00 3.407624166965861345e-01 5.260839636271542608e-01 7.712811248117765750e-01
1.450734497938095391e-01 2.839110193264517967e-01 2.979382602964023019e-01 6.870228082377389800e-01 5.488462914735445786e-01 6.615988576859517245e-01 8.236477742308728756e-01 1.742302788251748336e-01 3.773029728259238991e-01 1.134598702374457035e+00 4.725106336746354163e-01 3.040172520788749777e-01 4.782904867013065275e-01 8.199512441399261498e-01 8.614162730521249811e-01 6.053147672198935236e-01 7.592280807950273491e-01 7.187951299669697036e-01 5.742391653307488131e-01 3.335880205748195104e-01 1.129457618395797613e+00 1.077643401225921282e+00 5.731238088054796398e-01 8.512454418072016304e-01 6.043293902918539517e-01 1.106981714545503870e+00 1.067602091342811477e+00 9.167190938294830227e-01 3.678331236092396983e-01 6.572223762106471634e-01 1.248196604708151636e+00 4.360130421342490736e-01 4.352114019522127508e-01 1.245839865195145668e+00 1.169150168435792558e+00 7.853683064043550655e-01 5.633589090680224398e-01
2.896770308316644060e-01 2.978836632436971943e-01 4.170975683402651235e-01 4.634048601600728179e-01 6.961499586906839676e-01 3.341800458792330564e-01 8.464807007691936835e-01 9.302438248726899728e-01 9.460359146862689084e-01 2.034800283730065495e-01 1.938628722471762433e-01 5.129372807237508880e-01 5.313469037281766116e-01 3.014824290067524282e-01 1.081545635320749987e+00 1.115751720959767157e+00 8.907654394871641346e-01 9.114389315209395770e-01 4.603402652782604410e-01 8.263275868575160610e-01 6.055590950602168787e-01 3.342292791408169594e-01 3.604852269830718936e-01 2.492254221437330552e-01 3.181911089823831196e-01 3.740195539700980065e-01 1.151756508169289095e+00 1.169638590736314487e+00 1.076197615451214507e+00 1.001417738686704473e+00 4.273125881069126386e-01 5.254072979157711210e-01 4.083800848324157240e-01 3.097436884631707410e-01 8.231087670574571691e-01 5.280123569388573967e-01 5.675708248632731490e-01
