LEM_wLE/output/LEM_woLE_example/elevation_000000.asc
nrows	100
cellsize	150.0
xllcorner	0
ncols	100
yllcorner	0
NODATA_value	-9999
[rows 17 to 33 of 100, columns 0 to 36 of 100]
4.336683913182175498e-01 3.773711785209506453e-01 7.177840476761877531e-01 8.283234813819997377e-01 7.296382170947195434e-01 6.188262555579563395e-01 6.764327022917548948e-01 1.928228243327196889e-01 3.057827183925111436e-01 1.054890641923907246e+00 3.815897984510501217e-01 1.055531918664776025e+00 4.534260834623672909e-01 8.345345641473168596e-01 3.001517788277822119e-01 7.745733601740485419e-01 1.110295928761416029e+00 6.738916448176899276e-01 9.612260268349819281e-01 1.125405030772699932e+00 1.172955854983681157e+00 4.108130493004414907e-01 1.156467745980198858e+00 3.691703431275470404e-01 8.677086650518989197e-01 9.387525041127987580e-01 1.048951084583485738e+00 1.026822872837053646e+00 3.489127782915987241e-01 1.236234396232728905e+00 6.124794349609231636e-01 4.729446071347455094e-01 4.970246588374740426e-01 1.052248617351743132e+00 9.378309282982181250e-01 8.783304047562975336e-01 8.757802237127765288e-01
5.385724909496417689e-01 4.433415733142856974e-01 1.005650754683821813e+00 9.712338437321537121e-01 9.194569896452209345e-01 9.850901562315541593e-01 9.879438713364501190e-01 4.560760558137854637e-01 7.277744214749259921e-01 3.746009740754618345e-01 7.523374324897187382e-01 9.535209034233214087e-01 6.914359899559642253e-01 9.251239547216695280e-01 6.186755750635908324e-01 1.095086589334356209e+00 1.030817502232634908e+00 9.231726041215113643e-01 6.176392112917863386e-01 4.951432320042940538e-01 7.617631780831534138e-01 8.990874036799194613e-01 8.966217952154220683e-01 8.790765340551853768e-01 6.791676469537475391e-01 2.975658611793120523e-01 1.146162205079092500e+00 6.244858600296033790e-01 7.930739067852756730e-01 9.199183257945393599e-01 4.749134683173551474e-01 1.083497796699727012e+00 8.009231939966207081e-01 5.851435416638145481e-01 6.627495666342355651e-01 5.915475753392090974e-01 5.473437800615036375e-01
8.336531950628578436e-02 2.247550952973930705e-01 2.374270397217582151e-01 6.193155785758088783e-01 5.073939270866285600e-01 8.298462656890248645e-01 1.322179420595646637e-01 1.063450683098035476e+00 9.941971632226899169e-01 5.983850715071571402e-01 8.430467464956663548e-01 5.951180207511086451e-01 9.624316440126480243e-01 5.820725539382147762e-01 7.763726994018070870e-01 2.767050753128025842e-01 7.423660993420690968e-01 2.055041804450820075e-01 7.720312286961910075e-01 7.145576900452832447e-01 1.107153526618031014e+00 1.148815263866773684e+00 7.914436433865390530e-01 2.656074676768910847e-01 4.594222956794407065e-01 1.073644599243835041e+00 1.132917392353657293e+00 9.202506839310284903e-01 4.296683101618959943e-01 5.281376793456611374e-01 7.451960863543947156e-01 3.799073193514209690e-01 7.876931416256685026e-01 4.424943536091237029e-01 9.352642623339205707e-01 6.451178871481559884e-01 4.687418041225386856e-01
4.524162703296725763e-01 3.968071334052929999e-01 5.065334991769065986e-01 6.358878062107994333e-01 4.457841080975335490e-01 5.632092051791015574e-01 6.780097296002853824e-01 9.199801228827914068e-01 8.594257262523830043e-01 9.273225529358115615e-01 4.068829603730464983e-01 1.031302068343311618e+00 9.242375744956221606e-01 8.816714213790329824e-01 8.550868992659474976e-01 3.640024780326303611e-01 6.369139373306401675e-01 5.288717558578792666e-01 6.229131694740641656e-01 6.391581720112167186e-01 6.228030303282966473e-01 3.477699642828427917e-01 5.714758756488637070e-01 3.706216512003437380e-01 9.818449871565099185e-01 2.999768415592962700e-01 1.047453287171801195e+00 4.048881555007951549e-01 7.618031386873223010e-01 6.227875545742390662e-01 6.020649670070804538e-01 1.042318944756011279e+00 5.888477224955812606e-01 9.611018369090547075e-01 4.311842937704699619e-01 1.071106869673107420e+00 8.787774355308669572e-01
4.402443450947634007e-01 7.664694707674615248e-01 1.681940717929998885e-01 8.045808159781245861e-01 7.096023334524007575e-01 1.039879659305269044e+00 5.267692137160207011e-01 4.854095638866965379e-01 1.030507918195256334e+00 5.712656569314458199e-01 6.571567817111858556e-01 1.011238279018848329e+00 5.858448339586226350e-01 2.785141942143684601e-01 7.095186471077689072e-01 8.684734394334610030e-01 1.052316530706297382e+00 9.891578772048701396e-01 9.494114264932165259e-01 2.150326115091744650e-01 2.019450971840856257e-01 2.981157355276637944e-01 1.121844946903399309e+00 2.949749293097160829e-01 5.500643600695005464e-01 6.950922263761942776e-01 1.045781038667044527e+00 6.913183022030022773e-01 7.302360376748373572e-01 5.095813790483867400e-01 1.182308627673691603e+00 1.090165708552353063e+00 9.194108368560585109e-01 1.150994749838768483e+00 9.995529609124075288e-01 9.858812937927551312e-01 1.259145310564286246e+00
4.237187090225543740e-01 9.582923924585945441e-01 5.807613597765015623e-01 1.083113655321880087e+00 6.107256770937667945e-01 9.101641483862329407e-01 5.032224563610986356e-01 1.633214335371360182e-01 7.615182987311229779e-01 5.946915469426135026e-01 4.525007222164254550e-01 7.935115253459504858e-01 3.903509372067229255e-01 4.797260827362246349e-01 2.547749968584654967e-01 2.165211767470678339e-01 5.645432497951395900e-01 1.162275671476765471e+00 2.805247729256324929e-01 1.074623831117858641e+00 6.052978854266555242e-01 3.618924963739261758e-01 1.128812640529289979e+00 6.556232687327857578e-01 4.035446393016983713e-01 1.178806773307350619e+00 5.562888250274592439e-01 9.894489381768435399e-01 1.173196643337192979e+00 7.221172135698110672e-01 1.156643896863025933e+00 7.408615885719828098e-01 1.030736129382400001e+00 5.154731076922794974e-01 9.265729905944576350e-01 1.234294456465020229e+00 8.897688727107431195e-01
9.142864485297492738e-01 4.427646302293833935e-01 5.204436379426931047e-01 6.111628874153502977e-01 9.145738531187076470e-01 9.944788521650792523e-01 5.152470495948496820e-01 1.097011439688227785e+00 3.435665560639357685e-01 2.425055787508150762e-01 2.474616217294561826e-01 1.065438464514452566e+00 1.126953796444964295e+00 1.153829057098046285e+00 4.521892721334268561e-01 1.123215498607518681e+00 4.397365537813414105e-01 3.448943228444395492e-01 5.133264194017699289e-01 2.363109709107482082e-01 8.961545649419514481e-01 1.189426167995927708e+00 6.236941132608235794e-01 3.745550033721307681e-01 6.283518323329346789e-01 6.638192821225996632e-01 8.411871915010882272e-01 4.315782481677672422e-01 7.673262826735062214e-01 1.236029408853806855e+00 9.439877782110958071e-01 9.944068810520310109e-01 9.744387523700152043e-01 7.087907074968852195e-01 1.033916203834696068e+00 5.096912053568153356e-01 7.705235393992989623e-01
9.064013007315497861e-01 3.438025978848702202e-01 4.576800458314117526e-01 9.155238092901609726e-01 3.245193345335545265e-01 1.562508308653120515e-01 9.322972445018925525e-01 1.119703577045816134e+00 4.810599651419831813e-01 7.431199424889216587e-01 2.818908067411537433e-01 1.104587374858799986e+00 4.168165639664588862e-01 8.974193365786802268e-01 1.845008051464176457e-01 4.850673621062637220e-01 8.971069056637114292e-01 1.129354962824363984e+00 3.579796146844896887e-01 9.733891542672064023e-01 8.665501583501061811e-01 1.086541748416392394e+00 1.087272944193041102e+00 1.097809784257827825e+00 9.878412670975139642e-01 7.352877297231401599e-01 6.080535772557210672e-01 8.965389907513067191e-01 8.270690315300376350e-01 3.368438352229073951e-01 1.108858985383725182e+00 8.153469517304531289e-01 8.270092560609854093e-01 8.162507924397993664e-01 1.002413024603560965e+00 7.400963065187484702e-01 1.260123854732670301e+00
3.063610709598194592e-01 5.414017297897456560e-01 1.090929682946431223e+00 8.616753095676403795e-01 2.702995085439994227e-01 1.080786217230437440e+00 3.242154627603339168e-01 1.054408224341065292e+00 5.543857174778692443e-01 1.008444330983608417e+00 1.029547091447514884e+00 1.021532305892548065e+00 5.350909354531881990e-01 3.322192711234691620e-01 8.750498642902595492e-01 1.956507543636781532e-01 6.472269380661269667e-01 4.751568334928720772e-01 1.920386792653869801e-01 3.402506883688540817e-01 2.490146926996830157e-01 7.121765025967582430e-01 1.084181588689097753e+00 6.080360351359257454e-01 2.972312473680666089e-01 2.735829251480080826e-01 5.517604147912180679e-01 6.265327595971892372e-01 2.809910350497850651e-01 3.303107978211420881e-01 1.106363315588731355e+00 5.288797060080689949e-01 1.047668010925002724e+00 1.010789714048816457e+00 4.045963122064905049e-01 4.312361521651851826e-01 5.885355017973689096e-01
2.739570439748240105e-02 4.396457366937054356e-01 2.708062180245838779e-01 9.956958895920323682e-01 1.014440800123399544e+00 7.633663911203198982e-01 7.043669074205655134e-01 7.767729815368401569e-01 3.973944616252718665e-01 2.985781964500367480e-01 9.940202831559076246e-01 9.393904615698557281e-01 4.114742427858069651e-01 4.058982703820930293e-01 8.188092575966274822e-01 1.035037660273689708e+00 2.617747131022346019e-01 1.107617795226001345e+00 9.332594855287491553e-01 8.025541006079655038e-01 1.054459356996122477e+00 9.317333424527991514e-01 3.479370552193088995e-01 4.184838186350824385e-01 6.970509649997693735e-01 8.609055785470401956e-01 1.094921674573700265e+00 1.040217847005891372e+00 2.436598875323527924e-01 1.165959210777208543e+00 9.653478260031566061e-01 4.703147365051829620e-01 9.872090813326448444e-01 8.688968020767009470e-01 4.358309574229376482e-01 6.638369017402618866e-01 1.212219815707282322e+00
1.758338105654860817e-01 3.444173577579294765e-01 1.088452303312728908e+00 1.342981165180928971e-01 8.263556299981272835e-01 1.332126288372982859e-01 5.531762103691810761e-01 7.448679054073099604e-01 3.838456756004957060e-01 1.090594399691656280e+00 6.351956008384175290e-01 7.345852230116363124e-01 5.088872375183559615e-01 7.836303242540487712e-01 1.030184761024000917e+00 9.896199673138770248e-01 1.000901174293981510e+00 1.164327294692452996e+00 1.072232974334627942e+00 9.792785195771215312e-01 1.059958454098565817e+00 9.786708506330681345e-01 3.856363211767000476e-01 7.465538193765720587e-01 9.569471222375063313e-01 6.846022581166042453e-01 4.670300060555926946e-01 1.087656718480443319e+00 5.445974596785834176e-01 6.521378179146175569e-01 2.794859580363152074e-01 1.222948597192253350e+00 1.207469497522390300e+00 1.046351619519986675e+00 7.787557528023810738e-01 5.883240367327264853e-01 9.109955630003159222e-01
4.683972685643240652e-01 2.736905878798272518e-01 9.703106052080879840e-01 7.030166610848367359e-01 6.007328974047335679e-01 8.302109232864141042e-01 5.023243318307271110e-01 9.691269874352493874e-01 2.334965235657140425e-01 7.988541709223754284e-01 4.311376880970678727e-01 6.274206593557899447e-01 6.044239456248891029e-01 3.185687929251434514e-01 3.820912068642022819e-01 1.070639942485188012e+00 9.615466276827291381e-01 4.520768684339838694e-01 6.594598421742157157e-01 2.968976071605758382e-01 2.774625877182039790e-01 2.682396975728666977e-01 4.912764249965410612e-01 6.470581394250037865e-01 7.591531563484235079e-01 9.581712002249673787e-01 9.021346119561783894e-01 7.552722444129986723e-01 2.533581030995875061e-01 6.398017270593245875e-01 1.129170818334101822e+00 6.264807918023533873e-01 5.870253158473395239e-01 6.451557027928277455e-01 6.620274261847544084e-01 5.157008385505150727e-01 9.668487277354578247e-01
2.051881798473268459e-01 3.061169455691802876e-01 6.456345755154815347e-01 6.955272127595252263e-01 3.710584748764926832e-01 9.404123455286157451e-01 3.894138084830557345e-01 1.098441682437536260e+00 9.373685726832470255e-01 7.291907240442808691e-01 9.515964561095890950e-01 1.102914386034770100e+00 3.895922206037265023e-01 1.085219344424051435e+00 8.597195673766742097e-01 3.573292110980975100e-01 1.146063892628162106e+00 2.259657815817870397e-01 3.452373865883814341e-01 9.305066021643401131e-01 6.628408943102577222e-01 4.938583218153567156e-01 9.959266486938068708e-01 7.369619143230135005e-01 5.416193476529844730e-01 8.228352498827216088e-01 1.229115804027290260e+00 7.984318658629436793e-01 5.861418330925083353e-01 1.126819658201150709e+00 1.195510584921765984e+00 1.119992885210048694e+00 1.129712547279243307e+00 3.759435580219508966e-01 1.019246213555754954e+00 3.887960868799879011e-01 4.605493481456776617e-01
8.187695587851057111e-01 7.773643369191570729e-01 2.752625178090603031e-01 1.577072927166283389e-01 4.173600207832184883e-01 4.411366272498271623e-01 6.855346794422777501e-01 3.498868081817222420e-01 4.291361992871160491e-01 7.602952235345099563e-01 9.936445456534397369e-01 1.022665135744726728e+00 6.158239189246740297e-01 8.230082923244307347e-01 6.602463098012801845e-01 1.095084598449960422e+00 1.150366142066094888e+00 6.334262698117820722e-01 6.071823798486388757e-01 7.332317752844836889e-01 5.762197593356609415e-01 9.177024505553388334e-01 1.168661296126293658e+00 6.080645148322005866e-01 1.021444346800076008e+00 5.498552911865876025e-01 9.348636856825373043e-01 8.799800026960162835e-01 6.617386936582743129e-01 7.503948869391358079e-01 5.744221576743758773e-01 1.212088221462229498e+00 6.081245859857880021e-01 4.842905529388501495e-01 8.991990895792286720e-01 1.247223716981798347e+00 7.577824015449720063e-01
2.311624522989861319e-01 2.264986507207176758e-01 9.137573668315481790e-01 4.236291185545422722e-01 4.144800971100526255e-01 9.012342885986016627e-01 6.288917880973500241e-01 9.421117997469470318e-01 5.994227842044574928e-01 8.783880450861731859e-01 5.772274411678519623e-01 7.095699265404772360e-01 4.418595818609018511e-01 2.830667170068629779e-01 3.790403936937608576e-01 6.864551533032451358e-01 6.715546193334765990e-01 8.201286001713853357e-01 6.329848221358574945e-01 4.695634086168760102e-01 4.521913087176926416e-01 1.053052888202076431e+00 4.493680597274636868e-01 1.088590887829105291e+00 8.022750342072584306e-01 3.184664995006378785e-01 6.000150046284519201e-01 5.886367686475719729e-01 1.105275420186607960e+00 8.551535963735350521e-01 1.125615270702939652e+00 2.986487177946747229e-01 2.705488359215205696e-01 1.225376816683530823e+00 4.807482036346106824e-01 1.144411105751497848e+00 1.187799644710880287e+00
9.845726073866658545e-01 2.165089041936251180e-01 7.024348514468399252e-01 8.260746369316835924e-01 9.569260159780058617e-01 1.115646705459783838e+00 5.322033712680404038e-01 1.022766440893489337e+00 8.730992728188566865e-01 5.519607612546603148e-01 2.883605121890953082e-01 1.117954896470503501e+00 3.105723087926807735e-01 6.077090272373806279e-01 2.902524387334389777e-01 5.998552159826588959e-01 1.049704743700194509e+00 1.129867168875742678e+00 7.447091757434080028e-01 6.432452910226036380e-01 6.388288019385129912e-01 5.250562379444841943e-01 2.220874649859788108e-01 6.301468982745958014e-01 8.370409283043011017e-01 4.672265640083559379e-01 2.791809349493037939e-01 2.512270760896044841e-01 1.194093607833328408e+00 3.381095281177390333e-01 1.110538178939507459e+00 1.225438006574876004e+00 5.775273960180252741e-01 7.238164425579515227e-01 3.091833613162768835e-01 4.773518008448730532e-01 9.045036574154357023e-01
3.295302290958179725e-02 8.940665504457567803e-01 3.285310528637441774e-01 1.055555897380959784e+00 6.275631216197059548e-01 9.455451429700133525e-01 1.052902518499210238e+00 9.949449299240179512e-01 5.581691835577391458e-01 4.701485633140802256e-01 4.575721195132650410e-01 3.048224088878810356e-01 3.128109711784070046e-01 8.686708057288633489e-01 9.998816415319913276e-01 1.004726295069273467e+00 1.150907190087030241e+00 4.947251629125277717e-01 8.872651802778384056e-01 7.288513903643993874e-01 1.120655093801684377e+00 4.567444453867141041e-01 6.638014516791825859e-01 3.428222119747332264e-01 3.662524544140428606e-01 4.646790890165229948e-01 9.241547346997729395e-01 9.487079994947467121e-01 8.350842589307121422e-01 7.957187595400099234e-01 1.166908947164572385e+00 1.009700356771193297e+00 6.969651889659070898e-01 1.202304015042584107e+00 4.889574785670239843e-01 1.008929603437582756e+00 6.335880307342017792e-01
