LEM_wLE/output/LEM_woLE_example/elevation_000004.asc
nrows	100
cellsize	150.0
xllcorner	0
ncols	100
yllcorner	0
NODATA_value	-9999
[rows 68 to 84 of 100, columns 37 to 73 of 100]
2.643436501402034011e+01 4.057777712850769802e+01 6.058098483934018219e+01 6.903635458959261939e+01 6.644067988895879751e+01 7.472691797490419674e+01 8.627646585536817270e+01 9.337110552479356329e+01 8.279641850579056950e+01 7.693707598675018744e+01 7.912540842130755436e+01 9.845194668295604856e+01 1.059749795421392804e+02 8.923285299003350701e+01 1.059749795421392093e+02 9.875581291181369181e+01 9.046737185126214342e+01 8.042960466859423718e+01 6.042251663856880128e+01 7.042606065358154410e+01 5.134070846701134627e+01 5.199913399229755839e+01 7.200543690864610369e+01 7.295223817542860445e+01 9.296043663111635169e+01 8.239404938010548562e+01 6.238680907380915386e+01 8.239404938010548562e+01 9.035619538229153136e+01 9.864469390893630418e+01 9.416596091042140415e+01 9.009670582520097071e+01 8.180849078134006902e+01 6.285643670300485297e+01 8.286369930597739142e+01 8.696632406011511307e+01 6.695884635054525802e+01
4.643658102152750899e+01 5.472247060318318290e+01 5.358258737709907393e+01 6.186926217252020876e+01 6.485998984732981398e+01 7.314707091435833775e+01 7.486275850088451023e+01 9.486981867788460931e+01 1.028016728731337253e+02 9.694212268184703873e+01 9.913054022235128571e+01 1.074172463141029255e+02 1.175253383048646327e+02 1.092385272021470115e+02 1.046160664175104813e+02 8.460679067204772252e+01 7.045936915588814031e+01 7.781319986162823454e+01 7.042606065358154410e+01 5.041997747182958278e+01 7.042606065358154410e+01 7.200543690864610369e+01 5.294581232417958461e+01 7.295223817542859024e+01 7.457589985175957281e+01 7.525070901047811844e+01 5.937081323755113260e+01 7.351756113186559105e+01 9.352581980364183778e+01 8.830610588661728855e+01 7.415765793269390826e+01 8.075693515196884675e+01 6.180128346164262609e+01 8.180849078134006902e+01 6.392353529958886327e+01 8.393085118089172170e+01 6.606769352007778195e+01
5.528979625216731364e+01 5.299860998739939077e+01 3.357909748827614749e+01 5.358258737709907393e+01 4.485536116257141259e+01 5.485722119377503958e+01 7.486275850088451023e+01 8.080459293790497100e+01 8.909218444905377510e+01 1.032397752312449910e+02 1.034317371516831088e+02 1.117199947722860571e+02 1.049542224062694942e+02 9.666563455422902962e+01 1.049542224062695226e+02 9.196108928030534457e+01 7.195295218545733462e+01 5.780636928258509499e+01 6.886587322381586773e+01 4.977302878042488743e+01 6.977901760817668730e+01 8.124014449609877886e+01 7.295223817542859024e+01 5.389569987462538592e+01 5.456927943280640392e+01 5.524401398678843833e+01 7.525070901047811844e+01 7.693782851585973503e+01 8.522587351949226786e+01 7.897571963642745629e+01 6.001085381208965686e+01 6.074978784268940046e+01 8.075693515196884675e+01 9.009670582520111282e+01 8.393085118089172170e+01 6.499292079380329312e+01 8.500029022821198055e+01
5.299860998739939077e+01 3.299522031004593003e+01 5.299860998739939077e+01 3.416347620012702890e+01 5.416706603475891058e+01 6.107872655067777856e+01 6.815158186770703708e+01 6.079842581732999918e+01 7.494459366686271551e+01 8.928369692493041043e+01 8.342338678200934510e+01 1.034317371516830804e+02 9.494966032334963302e+01 7.665704763973120350e+01 8.751827048784764429e+01 9.580661191677180000e+01 8.610125855981199550e+01 6.886587322381586773e+01 4.886001995441825585e+01 6.886587322381586773e+01 6.977901760817668730e+01 8.978692373031968543e+01 7.390224181756479993e+01 6.804209747021646137e+01 7.457589985175957281e+01 7.525070901047811844e+01 5.622719447576289298e+01 5.693096647523562126e+01 7.693782851585973503e+01 5.896869112161962789e+01 7.897571963642745629e+01 7.489662012169758043e+01 7.489662012169758043e+01 9.490498717782905658e+01 8.132857675005394071e+01 7.913985836946906716e+01 8.966540949674453032e+01
5.258602916717770626e+01 3.258271080503342887e+01 5.200280191577817135e+01 5.416706603475891058e+01 3.474910892428319897e+01 4.107438752251937331e+01 4.814652603961600619e+01 6.815158186770703708e+01 7.858939112350532241e+01 6.927648277576969349e+01 8.928369692493041043e+01 9.641559731144678835e+01 8.666134109697979682e+01 6.665370176330017671e+01 6.751055060024518184e+01 8.425479325743880565e+01 8.237210252201774097e+01 6.236485802455106864e+01 4.821908791835118535e+01 6.822484426500179211e+01 8.043404407402486811e+01 8.872218857467011333e+01 9.391052389841019021e+01 8.804988177839719299e+01 8.290308917572212977e+01 6.289579005936258937e+01 7.623398947026898043e+01 7.693782851585973503e+01 5.792935749191937589e+01 7.793630566787444991e+01 8.726383498560120699e+01 9.490498717782905658e+01 9.490498717782905658e+01 1.031936054554929427e+02 9.547667476907454898e+01 9.914862430295268325e+01 9.119994038662262881e+01
5.854927761814752074e+01 5.141994912086642699e+01 3.199958510813639023e+01 5.200280191577817135e+01 3.516419482251265549e+01 5.516795644327068970e+01 6.373240281359543502e+01 5.225717698671462585e+01 5.858311393683381141e+01 7.858939112350532241e+01 8.522192929006072859e+01 7.693393285972061335e+01 6.811957130017371753e+01 6.811957130017310647e+01 5.596020143136627212e+01 7.596680802486980610e+01 7.497632563794280713e+01 6.668865553143173486e+01 4.757947162236587957e+01 5.335409212331075679e+01 6.042697307940824203e+01 7.197760902416031570e+01 9.198574917759297875e+01 1.047253592029103402e+02 8.790501264989350716e+01 6.789731875320788390e+01 8.790501264989350716e+01 8.051921426918130464e+01 6.051209027390662243e+01 8.051921426918130464e+01 8.995496229457415893e+01 9.598774467440118485e+01 1.030620964508369752e+02 1.113509681649363614e+02 1.154869260899611447e+02 1.075377315611639233e+02 8.752810561027784786e+01
5.026298133708677796e+01 3.141683498694512267e+01 5.141994912086642699e+01 5.558329420376816188e+01 3.557946076422246051e+01 5.558329420376816188e+01 4.372762521066985641e+01 6.373240281359543502e+01 7.192012204669998710e+01 8.020780194755609216e+01 7.693393285972061335e+01 5.692729936763634413e+01 6.278710664875391956e+01 4.811386765004821342e+01 6.811957130017371753e+01 6.516940071983728444e+01 6.579487460658113207e+01 4.668313309531512090e+01 6.668865553143173486e+01 6.023165439395051379e+01 6.968895506069814871e+01 8.043404407402486811e+01 1.002742396560156664e+02 9.643668571020012337e+01 7.642813882033861717e+01 8.790501264989350716e+01 9.619342623761956190e+01 7.684757728800180132e+01 8.051921426918130464e+01 6.439842191633432833e+01 6.994713267243334087e+01 7.597926907864774648e+01 8.305280799636967970e+01 9.460471732937112677e+01 1.146150911801956198e+02 1.158267103337133648e+02 9.783540767226870116e+01
3.083458326312861786e+01 5.083759353991133167e+01 5.970637444829858964e+01 6.387020808945388239e+01 5.558329420376816188e+01 3.616737128543964985e+01 5.617130758923882894e+01 5.777385063397744602e+01 5.191427315781703555e+01 7.192012204669998710e+01 7.020438500716680608e+01 6.191691483763476356e+01 4.278215790192216161e+01 4.339914646401705767e+01 6.340418172903630989e+01 4.516410762507317855e+01 4.578948778235724859e+01 6.579487460658113207e+01 6.668865553143173486e+01 8.023869270761908012e+01 7.656705848033766415e+01 8.969687232949611655e+01 1.087315394350528521e+02 1.035110433133049810e+02 8.350173837852864267e+01 1.035110433133049384e+02 1.051447737193047942e+02 9.685612535616286323e+01 8.760956836973740280e+01 6.760197128106949549e+01 8.760956836973740280e+01 9.598774467440118485e+01 1.030620964508369752e+02 1.113509681649420031e+02 1.229041722624182000e+02 1.141737579430037641e+02 9.416344724192154558e+01
5.083759353991133167e+01 4.348521754438770870e+01 6.348926232352778953e+01 6.813859891397181912e+01 4.813331340377873602e+01 3.658453172716620116e+01 5.658854193944656430e+01 3.776962389573269974e+01 5.777385063397744602e+01 6.665638419461633646e+01 6.191691483763476356e+01 4.191208535405270652e+01 6.104837007768136914e+01 6.340418172903630989e+01 4.428055212039890165e+01 6.428571460730407239e+01 5.050430474513289880e+01 7.051034305863214513e+01 8.610385354485309506e+01 9.498453120955669249e+01 9.657559154115932643e+01 1.048641544614904575e+02 1.179952300317541329e+02 1.117998994779369468e+02 9.505367493798188150e+01 1.117998994777643418e+02 1.144136780821898896e+02 9.440345969585989394e+01 8.025540257422180446e+01 8.760956836973740280e+01 7.276753542946859454e+01 9.277563832272251432e+01 9.543102030650271672e+01 1.095802164519712960e+02 1.295914488316816460e+02 1.224628800225300296e+02 1.107876717587993198e+02
5.734001345421206253e+01 5.762991122198686611e+01 7.177595584157812425e+01 7.642603441367791106e+01 6.487557942881218764e+01 5.658854193944656430e+01 3.717538723620165086e+01 5.717950406334905011e+01 3.836478140317144181e+01 5.836912084195198958e+01 5.957392278486527459e+01 6.018349076548911825e+01 4.104365567005119431e+01 6.104837007768136914e+01 5.842585575562010547e+01 7.257328593571625674e+01 7.051034305863214513e+01 5.780898250709516617e+01 7.781579982431709652e+01 9.553586873084078945e+01 1.055404653638763364e+02 1.135655032550368304e+02 1.052760391509883959e+02 1.135655032553869717e+02 1.150640233631594214e+02 1.233530854339525717e+02 1.176192816230204414e+02 1.085530920721868000e+02 1.002643169681922188e+02 9.984986047029836698e+01 7.984093866161454400e+01 7.909415141666679006e+01 9.910298802349613823e+01 1.133360566909923932e+02 1.216251348129047614e+02 1.202209242141102408e+02 1.002099738747253070e+02
6.014110733963021715e+01 7.432681999555853736e+01 8.592200046113039491e+01 7.909824675819201900e+01 6.350559940520344782e+01 4.350072942956177258e+01 4.872421301221908863e+01 6.546661545039168573e+01 5.836912084195198958e+01 3.896046724071150891e+01 3.956939428585804563e+01 4.017888698677162296e+01 6.018349076548911825e+01 5.259277290424996210e+01 7.259893062075661874e+01 8.672071611581191064e+01 7.781579982431709652e+01 7.781579982431709652e+01 6.723982316401226456e+01 7.724319288425195396e+01 9.725184168028047793e+01 1.035603243430130789e+02 8.526658383337699831e+01 1.035603243430132210e+02 1.092635428145485434e+02 1.049630161487651492e+02 9.760796883782128930e+01 1.117585115738736761e+02 1.139992610352480398e+02 9.398898685684672216e+01 9.398898685684672216e+01 9.910298802349613823e+01 8.665624919424149653e+01 9.332570789112023135e+01 1.133360566909924216e+02 1.285101655923151895e+02 1.091588724824601542e+02
4.603576493675416970e+01 6.604004883996499586e+01 8.081737746491070595e+01 7.081064969587076519e+01 5.080494555632958509e+01 5.505001995761413269e+01 6.872964643558414366e+01 7.701716454834132719e+01 5.954860225083434955e+01 3.954398897504228927e+01 5.954860225083434955e+01 6.018349076548911825e+01 5.651222261930597313e+01 7.259893062075661874e+01 6.892742980215379589e+01 8.893523585375002938e+01 9.782441137520584107e+01 9.553586873507551047e+01 8.724751728226614489e+01 9.553586873507599364e+01 1.055404653662869379e+02 9.527131149218253370e+01 7.526384344163282947e+01 8.925375635196074597e+01 8.925375635196074597e+01 8.495374316681818527e+01 8.346011443632835380e+01 1.034691466521610721e+02 1.222883228795692503e+02 1.139992610352480398e+02 1.139992610352480824e+02 1.149548959193973872e+02 9.820843381111934889e+01 1.133360566909923932e+02 1.074749033195869998e+02 1.274861326513881181e+02 1.233089488774221536e+02
6.604004883996496744e+01 5.252569337089673240e+01 7.253044843012749254e+01 5.933492100866214969e+01 7.081064969587076519e+01 7.505613573432813723e+01 8.334385937420557866e+01 7.842412453718903009e+01 6.013303373829585041e+01 4.012825754752662277e+01 6.013303373829585041e+01 6.925158796060925681e+01 7.651876072493762138e+01 8.480672207870334489e+01 8.893523585375002938e+01 8.510309906202908792e+01 9.339195535372041945e+01 9.234635614848082241e+01 8.974998686799031589e+01 9.803880333582510787e+01 9.759711479925314848e+01 8.819760332572404593e+01 6.819143671367287141e+01 6.924739089399417935e+01 8.138312671353445182e+01 7.080773385169631240e+01 9.081432353661770662e+01 1.092760680668200450e+02 1.088551872825191964e+02 1.118056059818908352e+02 1.122966348469376356e+02 1.205863986093694251e+02 1.182191093107412172e+02 1.265082457734808372e+02 1.274861326513881181e+02 1.357753663063339218e+02 1.433208945414187383e+02
7.753172251049130637e+01 5.752662618903698899e+01 7.753172251049129216e+01 7.934147148079917145e+01 6.876564388674376005e+01 8.877305600059997914e+01 8.428379953246124501e+01 6.427596352940086888e+01 5.012994445876275762e+01 6.013303373829585041e+01 4.095880184345122643e+01 5.510389763679481945e+01 7.511092420139426906e+01 7.827540165213673617e+01 8.183999515778955924e+01 6.509554734474902205e+01 8.183999515778961609e+01 7.233865017537918618e+01 6.974269509814388357e+01 8.648696552101125690e+01 7.758918975645846672e+01 8.475082906130572269e+01 7.646296185981451288e+01 5.924569581481810587e+01 6.137800546431672899e+01 8.138312671353445182e+01 8.097838654331481223e+01 1.009868440370776455e+02 8.884504974061739802e+01 9.179489277436894668e+01 9.228568644963762324e+01 1.090326812512011401e+02 1.231832187780702839e+02 1.172448588076664180e+02 1.230220006321524551e+02 1.293507452972560259e+02 1.364266969876630071e+02
8.308024233783100954e+01 6.307476959742957945e+01 8.308024233783103796e+01 9.633540361901097526e+01 7.632731249287323294e+01 9.633540361901097526e+01 8.647262891826760267e+01 6.646457710024685639e+01 7.013612301782889347e+01 6.155229565232991007e+01 4.154710097232897681e+01 6.155229565232991007e+01 7.068401783599041721e+01 5.826790596458757676e+01 6.475573667229356545e+01 5.354599393293938903e+01 6.601591261601924998e+01 5.819337311714171790e+01 5.819337311714171790e+01 7.819877157891401964e+01 6.344386352589710043e+01 7.374069856360530650e+01 5.645849379615564345e+01 7.646296185981451288e+01 8.138312671353445182e+01 6.464453311149709691e+01 8.465000690378246873e+01 9.066380952737794985e+01 7.469863874231585044e+01 7.764794256427890673e+01 8.073458255680313300e+01 9.488214372433164101e+01 1.096810793494724408e+02 9.723297938954610231e+01 1.030093943070708207e+02 1.093374974258892536e+02 1.164128832931227606e+02
8.940666959339500863e+01 6.940075001444570546e+01 8.940666959339500863e+01 1.046237069954821663e+02 9.047484299508025174e+01 1.046237070100726640e+02 9.476117015206754957e+01 8.106120342784149102e+01 6.699726570243717561e+01 4.699116828215684905e+01 6.155229565232991007e+01 4.239046754693495700e+01 6.239592890956878790e+01 4.412273649904670947e+01 4.475088313243317373e+01 4.537996240462638298e+01 4.601186209271865124e+01 4.664502829632667869e+01 6.664864939176406722e+01 6.933799765537600024e+01 5.189565396975285694e+01 5.373677030288921941e+01 7.374069856360530650e+01 8.475082906125408044e+01 9.293839402178161890e+01 8.465000690378246873e+01 6.807505608250393436e+01 7.065743407041492219e+01 9.066380952737794985e+01 9.765589497647287942e+01 1.007433084030167123e+02 8.558655266170816844e+01 8.967037873373273271e+01 9.783897350541049320e+01 1.078444027168638684e+02 1.278574450388987316e+02 1.364266969876630071e+02
9.769396888209278984e+01 8.095083832173774852e+01 8.573532574639015991e+01 1.057422763828810304e+02 1.104840485604145641e+02 9.894122058916748585e+01 8.738849875139861467e+01 7.277278880037022191e+01 5.276578992093972431e+01 6.699726570243717561e+01 7.068401783598568500e+01 6.239592890956878790e+01 4.323571581935146924e+01 6.324145552307408025e+01 6.475573667229356545e+01 5.952460705237304239e+01 6.015621864178135780e+01 6.664864939176406722e+01 4.754589278039386357e+01 4.933489541141926082e+01 6.933799765537600024e+01 7.374069856360530650e+01 6.528524742823719862e+01 7.683476762833976181e+01 9.684256929054036789e+01 9.564311777449866270e+01 7.563562830772423240e+01 9.066380952737794985e+01 8.135020572170927267e+01 1.013589139450387506e+02 1.138859956910657019e+02 1.055964121907925204e+02 9.628144356653960756e+01 1.096810793494724550e+02 1.261408630521699195e+02 1.278574450388987316e+02 1.478715712668536924e+02
