LEM_wLE/output/LEM_woLE_example/elevation_000005.asc
nrows	100
cellsize	150.0
xllcorner	0
ncols	100
yllcorner	0
NODATA_value	-9999
[rows 51 to 67 of 100, columns 0 to 36 of 100]
8.885398060199247716e-01 2.088853980601956906e+01 8.868242545185994530e+00 2.886824254518563748e+01 2.220103469726661416e+01 4.220103469726590362e+01 5.991339636054797779e+01 4.554348557640077644e+01 4.554348557640076933e+01 4.767192487223223907e+01 3.647537025020711354e+01 2.819109900392783530e+01 8.710623337396459220e+00 1.765489524739545857e+01 2.920190063118776891e+01 4.920190063117542678e+01 4.717427305810547722e+01 2.783427372379622255e+01 4.323697690778853797e+01 2.323697690780218750e+01 3.380888649197447648e+01 3.418371814836903866e+01 2.033231609139535578e+01 3.493483563058230601e+01 1.546745927188197278e+01 3.546745927187305369e+01 3.600055572607648458e+01 4.808141669075729396e+01 5.636568793152724766e+01 5.285471405662389088e+01 5.315582114703440908e+01 3.696811085202682534e+01 4.063823479712619502e+01 2.134283429850587765e+01 4.134292661322498930e+01 2.275859850117145555e+01 2.325985320828854697e+01
1.344321116831868057e-01 3.615985230797136296e+00 2.361598523079678102e+01 2.886824254518563748e+01 4.220103469726590362e+01 3.162912511308708119e+01 5.162912511308636709e+01 6.554348557625928606e+01 5.694329988303035606e+01 4.694329988424533440e+01 2.923093822318087120e+01 9.230938223184139702e+00 2.871062333739356376e+01 3.699489458352709903e+01 4.219220549935776177e+01 5.047647674361246573e+01 3.889000181378860788e+01 1.889000181379722321e+01 3.889000181378860788e+01 3.327981558444706423e+01 1.380888649198171869e+01 1.418371814837663258e+01 1.455881339949919884e+01 1.493483563059066910e+01 3.493483563058230601e+01 4.375173051578232020e+01 5.600055572588445330e+01 4.669594637739762533e+01 3.841145255248589052e+01 3.285448887083210678e+01 3.315559029200370844e+01 4.063823479712619502e+01 2.063814573506361327e+01 4.063823479712619502e+01 2.205016215419562897e+01 4.205025785345239342e+01 2.718217591108419384e+01
8.052006432555327553e-01 2.080520064325517637e+01 2.361598523079678102e+01 4.361598523079607048e+01 5.715251379264653053e+01 4.577126073681753127e+01 4.577126073681753127e+01 6.577126073681611729e+01 4.865902863899206210e+01 2.865902863900442910e+01 1.865902863900460673e+01 2.923093822318087120e+01 9.752312814521319595e+00 2.975231281451764431e+01 2.219220549936812148e+01 3.892947136113374995e+01 3.169647177735157939e+01 1.222333514713067260e+01 3.222333514712491365e+01 1.327981558445377885e+01 3.327981558444706423e+01 2.832585377210733313e+01 3.455881339949122832e+01 2.493483563059049146e+01 3.493483563058231312e+01 5.493483563041293394e+01 4.627045278134552575e+01 3.798596598010827563e+01 1.841137578259927920e+01 1.871234041531370451e+01 1.901344144714354556e+01 3.901352228414577894e+01 2.014093472489997794e+01 4.014102157283053884e+01 3.619231443743814935e+01 5.033478881633898538e+01 4.718230250155431094e+01
2.804825088837598068e-01 2.028048250888340576e+01 2.527598547207284696e+01 3.941812109580330059e+01 5.941812109580259005e+01 6.577126073681611729e+01 6.577126073681611729e+01 7.405553198427742245e+01 5.694329988303035606e+01 3.865902863899842146e+01 3.865902863899842146e+01 2.044276249101810805e+01 2.975231281451764431e+01 1.027457545724526078e+01 1.064520011557580936e+01 3.064520011557141999e+01 1.169647177735684451e+01 3.169647177735157939e+01 1.275120686877393261e+01 3.275120686876771714e+01 3.327981558444706423e+01 4.832585377208143029e+01 5.321910687285187436e+01 4.493483563057380081e+01 5.321910687285187436e+01 5.212825137548881571e+01 3.212803956639076119e+01 1.798589201841753749e+01 3.798596598010827563e+01 3.871241920249247670e+01 3.901352228414577894e+01 1.943950410106807425e+01 3.943958790310855278e+01 3.168794401304691988e+01 5.168814025965513537e+01 6.447726319523927430e+01 6.136466978236799008e+01
7.810880442414250835e-01 8.946053853518614929e+00 2.308818947724931547e+01 4.308818947724860493e+01 4.882933934658355213e+01 6.882933934658497321e+01 6.464606594262134820e+01 7.293033718980449009e+01 6.694329987889783240e+01 4.723400875542163391e+01 3.309187313169118028e+01 4.044276249101023524e+01 3.474671141223954862e+01 1.474671141224480131e+01 3.064520011557141999e+01 1.116997365086419158e+01 3.116997365085936522e+01 3.998074302258115864e+01 2.169547877877293374e+01 4.103547811364748554e+01 5.327981558431038422e+01 5.201877431937592888e+01 4.983093003379460839e+01 5.636741678478785644e+01 4.808286257557580967e+01 4.554472682975175957e+01 3.726025178384760039e+01 1.768523360721640358e+01 3.768530562790406435e+01 3.997632410072832698e+01 1.997623556333345363e+01 3.943958790310855278e+01 4.772409906906120369e+01 5.168814025965513537e+01 4.801797318968240091e+01 6.801851099179961579e+01 7.291203974729664594e+01
7.232205343510359485e-01 2.072322053435068057e+01 3.468720372285234532e+01 2.882933934658284514e+01 4.882933934658355213e+01 5.050393031889160511e+01 4.464606594262276928e+01 6.464606594262134820e+01 7.551827999338034658e+01 6.137614437440134907e+01 5.309187313166975741e+01 3.574879044167548869e+01 2.160665481794503506e+01 3.474671141223954862e+01 3.602068615158562892e+01 1.602068615159076614e+01 3.602068615158562892e+01 4.997975002244952947e+01 3.583761440250338381e+01 4.997975002244952947e+01 5.201877431937592888e+01 3.201856586852304787e+01 2.983075762892711680e+01 4.397312301898958253e+01 2.808271535952191655e+01 3.683548568329559458e+01 1.726018246517417154e+01 3.726025178384760039e+01 4.596978753230755643e+01 4.826084770077041952e+01 3.997632410072832698e+01 2.051335399858512787e+01 3.465550516988711394e+01 5.465577101040538111e+01 6.604671552536922263e+01 7.630332526215121902e+01 7.097424223923819397e+01
9.494692443194679976e-01 7.616135910986105984e+00 1.468720372285164366e+01 3.468720372285234532e+01 5.050393031889160511e+01 3.050393031889231921e+01 5.050393031889160511e+01 6.174245019476105512e+01 6.806831003135728508e+01 7.025610602618077394e+01 6.403306168400069964e+01 4.695187965618254822e+01 2.695187965619343018e+01 4.695187965618254822e+01 4.205091304314403544e+01 2.205091304314593259e+01 3.235061777014470863e+01 5.235061777005823558e+01 5.583761440246505714e+01 5.249444295151859308e+01 4.355006466018570421e+01 3.526562053598681956e+01 1.568861265579907815e+01 3.568867250141276770e+01 1.653570733961775474e+01 1.683541900583294648e+01 3.683548568329559458e+01 3.726025178384760039e+01 5.726056781773515070e+01 5.503578714141222150e+01 3.503551152216095232e+01 2.089335969871338605e+01 4.089345662543966853e+01 3.776161399479632763e+01 5.776196151629700637e+01 5.683163608670056988e+01 5.097357681101834714e+01
2.836664262828419991e-01 2.028366642628248684e+01 3.468720372285234532e+01 4.228904333859826892e+01 3.400477209120578692e+01 2.343286250702696805e+01 3.345817894753250954e+01 5.345817894753179900e+01 4.806831003135870617e+01 5.025610602618219502e+01 7.025610602618077394e+01 5.298210654773294692e+01 3.298210654774849360e+01 5.298210654773294692e+01 4.871757970981867203e+01 2.871757970981248320e+01 4.871757970981396824e+01 6.063488896538320461e+01 5.835226711356862239e+01 3.835199444026518023e+01 2.420983529674166235e+01 1.526556311115217390e+01 3.526562053598681956e+01 1.611204127717495282e+01 3.611210360026593236e+01 3.683548568329559458e+01 2.413838648534187925e+01 3.568539917213181667e+01 5.568563022112619620e+01 5.503578714141222150e+01 3.503551152216095232e+01 4.089345662543966853e+01 2.143164409431380690e+01 4.143174614762533281e+01 4.614103604290729521e+01 3.683135477524808010e+01 5.683163608670056988e+01
1.404418693552202946e-01 2.014044186935486636e+01 3.132244446967948903e+01 3.011962864177712262e+01 1.400477209120650102e+01 1.712824732897856705e+01 3.712824732897785651e+01 4.662320697422558169e+01 3.392617440762825254e+01 5.392617440762754200e+01 7.221044565397031079e+01 6.005317435958984618e+01 4.005317435961372041e+01 6.005317435958971828e+01 5.700185100064148713e+01 3.871757970981212793e+01 5.700185099982022052e+01 6.084281632493659941e+01 5.255826084516716179e+01 5.249444295151859308e+01 3.496677835684214841e+01 1.496672260422201539e+01 3.496677835684214841e+01 3.025418669346244016e+01 4.439656060606014876e+01 5.016876355373466367e+01 3.016861357249630515e+01 5.016876355373466367e+01 6.397025874006197199e+01 6.332049237005599451e+01 5.503578714141222150e+01 4.971630454263704024e+01 4.143174614762533281e+01 2.197061214995011014e+01 2.614090043115537298e+01 3.217112736229591263e+01 3.924219612085434505e+01
6.646099058385387393e-01 3.038173222226240533e+00 2.303817322222588615e+01 1.011962864177747790e+01 3.011962864177712262e+01 3.712824732897785651e+01 2.190916176631605694e+01 2.662320697422629223e+01 4.662320697422558169e+01 4.392617440762790437e+01 6.392617440762719383e+01 6.833744560408842972e+01 5.160017974340582469e+01 6.833744560398980639e+01 6.700185107686951369e+01 5.871757970984941721e+01 6.700185096231828652e+01 5.255826084516704810e+01 3.255807578277857317e+01 3.841599436256584710e+01 3.424569243097329974e+01 1.466798212758986608e+01 2.881012609000252311e+01 4.881028235107513780e+01 5.853893451865780406e+01 5.845333632906417165e+01 5.016876355373466367e+01 4.171563383257329605e+01 6.171595349432649158e+01 7.167184217762024900e+01 6.012440736591190671e+01 5.117993199052436637e+01 4.235350282531622668e+01 2.235339165112559101e+01 4.235350282531622668e+01 4.247088629811064209e+01 5.217132145588011838e+01
6.164072599657668405e-01 2.061640725996540979e+01 6.468144925076402707e+00 2.646814492507604655e+01 2.426176426550818022e+01 4.426176426550746612e+01 4.190916176631534285e+01 2.921212919971814514e+01 4.921212919971743105e+01 6.392617440762719383e+01 5.806831003135835090e+01 7.806831003135692981e+01 7.160017974334998314e+01 7.988445098811004641e+01 8.175013187914379387e+01 6.174940886596942846e+01 6.003381565630139249e+01 5.174927063991816567e+01 3.841599436256584710e+01 1.841592889730014093e+01 1.424564061614989541e+01 3.382452088514218502e+01 3.937154187725186461e+01 4.569612891353206408e+01 5.398062244751403682e+01 6.292504267105880444e+01 7.000064294494451644e+01 5.585789348003846300e+01 7.000064294494451644e+01 6.338696591372241329e+01 4.338651905088327965e+01 3.183949270439771340e+01 2.289522002030847503e+01 4.235350282531622668e+01 5.063808416978070426e+01 6.247132968685811960e+01 7.075616094131639500e+01
7.616414269703414286e-01 2.076164142696998738e+01 1.541241683507548288e+01 3.475241617251488435e+01 4.426176426550746612e+01 5.254603551288341379e+01 4.921212919971743815e+01 4.921212919971743105e+01 3.815640110971698817e+01 5.815640110971627763e+01 7.806831003135692981e+01 8.635258127389381855e+01 7.767754871598232569e+01 6.939310913987360152e+01 7.767754871584004661e+01 6.174940886596978373e+01 4.174913241394062879e+01 3.174912358278760038e+01 2.571889640147960421e+01 3.841599436256584710e+01 3.340404804384570525e+01 1.382447130100723065e+01 1.937147326412529935e+01 2.569602861891270607e+01 3.464030241498503671e+01 4.878249392792125150e+01 6.878291091786623213e+01 7.585856143001619500e+01 7.914181388153738794e+01 6.759423294691667650e+01 4.930924341553208734e+01 2.930907048581084950e+01 2.327884357874076926e+01 4.327896438370406429e+01 5.210751809563443260e+01 5.851054559858111048e+01 6.679538765744747764e+01
8.582653206718614536e-01 1.500040094440268668e+01 3.500040094440197436e+01 2.955455245880618520e+01 4.369668808253663883e+01 6.369668808253592829e+01 6.921212919971601707e+01 6.644067235687060702e+01 4.970340649350909246e+01 5.229853673344743470e+01 7.229853673344601361e+01 7.693642864575510032e+01 6.767742603639587173e+01 4.939293047921377422e+01 6.767742603639582910e+01 6.589166511329254661e+01 4.589129904466740584e+01 4.571899940899218961e+01 4.571899940899218961e+01 3.340404804384570525e+01 1.340400063602511871e+01 3.340404804384570525e+01 3.937154187725186461e+01 4.569612891353206408e+01 5.398062244751403682e+01 6.292504267105880444e+01 7.565559743554042882e+01 8.468994231632872527e+01 7.085680449594387653e+01 5.085613282822532710e+01 3.930907550645094517e+01 4.930924341553208734e+01 4.327896438370406429e+01 2.382277187196119783e+01 4.382289857853545811e+01 3.851017117750764385e+01 5.851054559858111048e+01
9.616989121453964895e-01 2.096169891214504233e+01 4.011795562932583437e+01 4.955455245880547466e+01 5.024226240187674364e+01 5.852653364933834723e+01 7.007353903313027388e+01 7.798767774045008139e+01 6.970340649350767137e+01 7.229853673344601361e+01 8.058280798029272773e+01 6.865199516389904488e+01 4.865181445783311887e+01 3.939291799120333337e+01 5.939301980954363813e+01 7.417633229374065706e+01 6.589166511329254661e+01 6.571939280586167342e+01 4.724908991488126020e+01 2.724895685591045336e+01 1.310681430158676442e+01 2.724895685591045336e+01 4.724908991488126020e+01 5.932525593375883943e+01 5.104075124014615028e+01 4.737061624950413830e+01 6.737097923563761981e+01 6.468924194233356673e+01 7.883195905797606429e+01 6.759423294691667650e+01 5.345131747524339261e+01 5.325110078924257806e+01 3.325086363647547927e+01 4.382289857853545811e+01 2.436801241870089285e+01 4.436814521917010268e+01 5.319915905707900095e+01
2.866789980725219511e-01 1.183368438186493776e+01 3.183368438186458249e+01 3.955181272537957682e+01 3.024226240187745418e+01 4.178926778567037559e+01 6.178926778566966505e+01 7.186105743655916456e+01 7.186105743655916456e+01 8.014536237156885079e+01 7.065475652265728002e+01 6.237034180117957760e+01 5.232191599945876703e+01 3.232184907479022939e+01 5.232191599945876703e+01 6.477171642759799397e+01 5.648729583803775967e+01 6.477171642759799397e+01 4.695206303564659578e+01 2.695193418301859012e+01 1.280979187777498574e+01 3.280983629934860346e+01 4.863466690074695720e+01 4.035022926599216220e+01 3.104061598361492713e+01 5.104075124014615028e+01 5.789795432660583430e+01 5.054692172462566191e+01 7.054731145339641785e+01 8.173714841858979696e+01 6.479839479388228085e+01 4.479789488791090690e+01 5.325110078924257806e+01 3.851017117750764385e+01 4.436814521917010268e+01 2.491437078340905487e+01 4.491450987224614266e+01
7.776801193288799263e-01 2.077768011932852588e+01 1.352158583382490775e+01 1.955181272538028736e+01 3.955181272537957682e+01 5.852653364933834723e+01 6.600318828643952429e+01 5.186101420131019779e+01 5.186101420131019779e+01 7.186105743655916456e+01 6.237034180118072157e+01 4.237020166076698757e+01 4.697667327484005284e+01 2.697662413917212376e+01 4.697667327484020916e+01 5.477162361880091623e+01 3.648718267721699959e+01 5.477162361880091623e+01 4.665516715641740575e+01 2.665504244896602870e+01 1.251290038737217536e+01 3.209321206464608167e+01 3.542655358483765582e+01 2.035016410315648017e+01 4.035022926599216220e+01 3.304705801232512385e+01 3.789777118812716594e+01 5.789795432660583430e+01 6.789812066640865851e+01 8.789887581615843715e+01 7.308332299495364737e+01 5.634501256724807661e+01 5.851054559858111048e+01 5.851054559858111048e+01 4.530106452888993118e+01 2.530092090131048721e+01 4.530106452888993118e+01
5.059075238208947667e-01 5.356620024547575909e+00 1.690362540834029659e+01 3.690362540833958604e+01 4.783608397284118041e+01 5.657508220498569784e+01 4.829079083185393273e+01 3.771887004207827232e+01 5.771889124089049261e+01 6.496142060755124703e+01 6.237034180118170923e+01 4.237020166076698757e+01 2.822804764900494234e+01 2.212591162431122527e+01 4.212594885696350389e+01 4.648723925762740805e+01 2.648717877060605019e+01 4.648723925762740805e+01 5.167541039281468329e+01 3.167522608182898836e+01 3.167522608182898480e+01 1.209317113035497115e+01 1.542650446368834416e+01 3.542655358483765582e+01 2.638039101696923439e+01 4.638048427629092174e+01 5.789795432660583430e+01 4.789778798680301009e+01 6.204006900568509053e+01 8.204070843480992892e+01 8.463104902133194685e+01 7.634592966336440156e+01 7.851162017840121621e+01 5.944348577152439361e+01 3.944308184539741546e+01 4.530106452888993118e+01 2.584840398733845745e+01
