LEM_wLE/output/LEM_woLE_example/elevation_000004.asc
nrows	100
cellsize	150.0
xllcorner	0
ncols	100
yllcorner	0
NODATA_value	-9999
[rows 68 to 84 of 100, columns 0 to 36 of 100]
2.958550950857541384e-02 2.002958550950821959e+01 3.364089127199373763e+01 4.518789665577509851e+01 5.608639086802681817e+01 4.829150585476117641e+01 2.829140563288380505e+01 4.829150585476117641e+01 5.910700182663693880e+01 4.496443778043253303e+01 5.117405113930060168e+01 4.288949916695301567e+01 3.754112113935489248e+01 1.754073892819195279e+01 3.754112113935489248e+01 3.982479553826619423e+01 1.982431371300744516e+01 3.982479553826619423e+01 4.582564690094428528e+01 2.582466828360982447e+01 1.168226947045127062e+01 3.126485374187147670e+01 3.096953348197359190e+01 3.925428704631070786e+01 4.638898525602148482e+01 5.467392350462725403e+01 7.038563793599173835e+01 6.790785616171447714e+01 6.790785616171447714e+01 8.790973056027370092e+01 8.316958127155612601e+01 7.488293599252054378e+01 7.488293599252054378e+01 6.775198742438146837e+01 5.946593799143713710e+01 5.415571775130434418e+01 4.586988645779911167e+01
9.835479489548564214e-01 1.512568357268568064e+01 3.512568357268497010e+01 5.261510578064687849e+01 3.608627995212841455e+01 3.608627995212841455e+01 2.294616422084087759e+01 4.294625423108929141e+01 4.910674682993970919e+01 3.082200933960046640e+01 4.288949916695344200e+01 2.288906491299485069e+01 2.874705647930193564e+01 1.382682119033620793e+01 3.382714340093995276e+01 2.649172058990037470e+01 1.405077354687664126e+01 3.405115375539850220e+01 5.151730753431390042e+01 3.996761041883571153e+01 3.126485374187147670e+01 1.126433109092269547e+01 1.096902960955017114e+01 3.055202447532737153e+01 3.883675628696655480e+01 4.209949438442661318e+01 6.192362871920627043e+01 5.683869489787922902e+01 6.512358945828626133e+01 7.667140083864002520e+01 7.488293599252054378e+01 5.487857302480391297e+01 5.487857302480391297e+01 6.902407714819416640e+01 5.585758205755933403e+01 4.700384789238749761e+01 2.700153112621797291e+01
5.722010782348829760e-02 1.419935573155456332e+01 3.419935573155526498e+01 3.847289754867190936e+01 2.433068931669649970e+01 1.608620661352524905e+01 3.608627995212841455e+01 5.123058007264975089e+01 4.082223772794165484e+01 2.082187429681321689e+01 4.082223772794165484e+01 2.874705647930283448e+01 8.746810669748635192e+00 2.579218328694416229e+01 2.608186971020166922e+01 6.491467157332916571e+00 2.649172058990037470e+01 2.323213741782071651e+01 4.323267976924324785e+01 4.759558742138746368e+01 2.759460510133832045e+01 3.126485374187147670e+01 3.055202447532737153e+01 1.055154674882673582e+01 2.209868980299401287e+01 3.363773666832101128e+01 4.529104828918972458e+01 3.683758426377855955e+01 4.838515531086894583e+01 6.838644472563261445e+01 7.488293599252136801e+01 5.487857302480391297e+01 4.073422512912386395e+01 5.179188252969397865e+01 4.757157445961450293e+01 2.756915565007394520e+01 4.700384789238749761e+01
9.757004629446797139e-02 1.423970567002529286e+01 3.423970567002458409e+01 3.018858007955831368e+01 1.018852362558409830e+01 3.018858007955831368e+01 4.437060159524347824e+01 4.901445045354372354e+01 3.375104142376856942e+01 1.375076217091311648e+01 2.480664462809592408e+01 2.509470331259351639e+01 5.502382157847691246e+00 5.791963653023072034e+00 6.081636254538657305e+00 2.608186971020166922e+01 6.902031403732196146e+00 2.104429067629053307e+01 4.104480373032299667e+01 5.221919367367269160e+01 4.759558742138746368e+01 3.812615572290273036e+01 2.984146036124725754e+01 1.025656663166016536e+01 1.363718432746546405e+01 3.363773666832100417e+01 2.529014810442534511e+01 4.529104828918972458e+01 5.423579901386025170e+01 7.423717283871498296e+01 7.886871644057774233e+01 5.886414223729462947e+01 5.179188252969397865e+01 3.178902175464806845e+01 2.813735476200987407e+01 4.757157445961450293e+01 5.585758205755912797e+01
4.225409065741109194e-01 2.042254090657375443e+01 2.110984962105429474e+01 2.139464592560879197e+01 6.474616269197906782e+00 2.647466283277744026e+01 4.641320629629699113e+01 4.072996559706573549e+01 2.072964778666120367e+01 2.439977448740253507e+01 4.806470340531922680e+00 5.094516062777763921e+00 2.509470331259351639e+01 2.579218328694416229e+01 2.608186971020166922e+01 2.719281649184153338e+01 7.192527850619260477e+00 2.719281649184153338e+01 2.393391575166288376e+01 4.393452463221312598e+01 4.298326898545948183e+01 2.984146036124725754e+01 9.841025667235941299e+00 2.984146036124725754e+01 3.363773666832100417e+01 1.880118318488773355e+01 3.880189938545570527e+01 3.423472835170648665e+01 4.837755715247237021e+01 6.837884596728457609e+01 7.568034620620471742e+01 5.886414223729477868e+01 3.886077104704047258e+01 5.179188252969397865e+01 4.813987650932079276e+01 2.870926126884616636e+01 4.871188741420437651e+01
8.169748314230130815e-01 8.251257476883484543e-01 1.109825059375213696e+00 1.394610945280800873e+00 2.139464592560879197e+01 1.812875829172273257e+01 3.812886299691943748e+01 3.227761877930871748e+01 2.399319906447033546e+01 4.399618208733685698e+00 2.439977448740253507e+01 1.325949752171889529e+01 2.142456555598079149e+01 4.142494361524315849e+01 3.874011066133783743e+01 1.873961046982638834e+01 2.719281649184153338e+01 7.603785911195593883e+00 2.760409586477113564e+01 3.630028518704038021e+01 2.298257666556419210e+01 2.913260772059881276e+01 9.547352258974077799e+00 2.954776969064214143e+01 4.546886732332121994e+01 2.546796350972473988e+01 4.546886732332121994e+01 5.423579901386024460e+01 4.837755715247237021e+01 6.837884596728454767e+01 6.739383980069767688e+01 4.738992586170514443e+01 5.886414223729477868e+01 4.928425246024240636e+01 2.928152199295780989e+01 4.871188741420437651e+01 5.026298133708677796e+01
7.482281904641915338e-01 2.074822819046383771e+01 2.110984962105429474e+01 2.139464592560879197e+01 1.798795712076406872e+00 2.179884588692977587e+01 3.048767887521383457e+01 2.399319906447033546e+01 3.993060394642813371e+00 2.399319906447033546e+01 3.268421201984361346e+01 2.480661318613499233e+01 3.325978750846353194e+01 4.970946739485646049e+01 4.702473598978009051e+01 3.028682812799457835e+01 3.588868085129571028e+01 2.760409586477113564e+01 8.015348623533274264e+00 2.801568037603659889e+01 8.840266847752383583e+00 9.132214319449873940e+00 2.913260772059881276e+01 2.954776969064214853e+01 4.954863433333864009e+01 4.546886732332121994e+01 3.811756247730264135e+01 5.811869291655086300e+01 6.837884596728454767e+01 7.666380136448445626e+01 7.446644349804945762e+01 5.446209935783342360e+01 7.446644349804945762e+01 5.757044239663729002e+01 4.928425246024240636e+01 2.985425536656114431e+01 3.026007372840273391e+01
6.697973685351282791e-01 1.481193299226620397e+01 3.481193299226691096e+01 3.008317262697549310e+01 2.179884588692977587e+01 2.203269669215912163e+00 2.220333538409206398e+01 2.370585547248276370e+01 3.705728984029069473e+00 1.784791964250468155e+01 3.784816360072721153e+01 4.480703837538268886e+01 5.309157409812242889e+01 6.154483857617733378e+01 5.857218428675587774e+01 5.028750934725209021e+01 3.696018618222649366e+01 1.695966317444434068e+01 2.801568037603659889e+01 8.427522676045882122e+00 2.842787676481622228e+01 2.913260772059881276e+01 1.325790107023129316e+01 3.325839449045551532e+01 3.757183769915832272e+01 5.757282205071224013e+01 5.811869291655086300e+01 5.811869291655084879e+01 7.812012400243894206e+01 9.447190279448287242e+01 7.446644349805001184e+01 6.601131968664492433e+01 7.140849839209714389e+01 5.140402953452890955e+01 3.985526648561297236e+01 4.985708969880701602e+01 5.026298133708677796e+01
9.239707316362346656e-01 1.506610635536705978e+01 3.506610635536635101e+01 3.634556177649544395e+01 1.634543341020786400e+01 2.220333538409206398e+01 2.608074890913106625e+00 2.260815650365990592e+01 3.418516109480854048e+00 2.341863060493867721e+01 3.681438420522662369e+01 4.388554972404939747e+01 5.216999019043151264e+01 6.371721120028047380e+01 6.005514111798837007e+01 4.005424216698402518e+01 2.850688032834270302e+01 3.110209569315765776e+01 3.445825192921289215e+01 1.445776016383132578e+01 3.445825192921289215e+01 4.154308552259926302e+01 3.325839449045551532e+01 1.757122433941497164e+01 3.757183769915831562e+01 4.613522035032067237e+01 5.021788851286691369e+01 5.850267936239124822e+01 6.850324553726913734e+01 8.264631040293372166e+01 9.430321150752540404e+01 8.601635741643437427e+01 7.969527493440605781e+01 6.814542219111356758e+01 5.140402953452890955e+01 5.461787125028992307e+01 3.461452183344563593e+01
7.344999525375345284e-01 1.487663557626835953e+01 3.487663557626764543e+01 4.462992434022284982e+01 3.634556177649544395e+01 2.260815650365990948e+01 2.260815650365990592e+01 3.013087566742556067e+00 2.301318542922163601e+01 1.048958891859827425e+01 1.681416100683619064e+01 2.388527336704121140e+01 3.543241177902022088e+01 5.543275089865336724e+01 6.833990686336883869e+01 5.679233260643567149e+01 4.850761672459152152e+01 5.110286769054541622e+01 4.274291742910285308e+01 3.445825192921289215e+01 2.600494710271939169e+01 4.600568106813656755e+01 4.585655855433117978e+01 3.171370922236545908e+01 2.228531524819478449e+01 2.613438591073094841e+01 3.021698093818858410e+01 4.021737292081886039e+01 5.436018068738647457e+01 6.996208262395128941e+01 7.824697337372215600e+01 8.824767173353117755e+01 9.306485679131876054e+01 7.969527464087217083e+01 7.140849839179213632e+01 5.734001345421206253e+01 3.733643523349936544e+01
8.205962881864476977e-01 1.082059628818636021e+01 2.496273191191706076e+01 4.496273191191635021e+01 5.089273224140301721e+01 3.715545530377749373e+01 1.715526544444013979e+01 1.456011698275005628e+01 3.129756297310759905e+01 2.463181387170676828e+01 2.681963755993174203e+01 4.388554972404939747e+01 5.216999019043159080e+01 5.613710824375466757e+01 6.198962161000486759e+01 6.333936464687153745e+01 5.506570937921774345e+01 4.843773691064900078e+01 4.016314370871888428e+01 4.843773691064890130e+01 4.600568106813656755e+01 4.233543387374672307e+01 5.999940788629599808e+01 4.935743840688580519e+01 2.935655416342764923e+01 4.613522035032066526e+01 4.435970541062875583e+01 3.752022363761928148e+01 4.329396503428702658e+01 4.996092371048663239e+01 5.996142509596251813e+01 7.996274015199604435e+01 8.477766300424701740e+01 6.477206590655710272e+01 5.476995584876670620e+01 4.720935102733850641e+01 4.013729583528838418e+01
1.503081736372913202e-02 2.001503081736337464e+01 3.910486753562700812e+01 3.490034891091620040e+01 4.318323740374675168e+01 4.543986050211948680e+01 3.715545530377749373e+01 3.456029166703051203e+01 4.284469262622370422e+01 4.463208719789028578e+01 4.681992290602793361e+01 5.510436731635800811e+01 5.028227783497670345e+01 3.615122519167622528e+01 4.200495480962867845e+01 5.050563430419312994e+01 3.508362028739360738e+01 3.875040195595011028e+01 2.017542669123620058e+01 4.016314370871888428e+01 4.985833695291503886e+01 6.233640831305289964e+01 7.062120829884293016e+01 5.764222490513500219e+01 4.090400316705895278e+01 4.935743840688580519e+01 6.436079360915495329e+01 5.166300769236939772e+01 5.743679305356339171e+01 6.996208262395940380e+01 7.824697340292280501e+01 8.824767189703666759e+01 9.306485681673450472e+01 8.306184464902706566e+01 7.477486445539436488e+01 6.485614156328340130e+01 4.485194552485232578e+01
1.711296032766891351e-01 2.017112960327633431e+01 3.163757488566933773e+01 1.490225549208220457e+01 3.163757488567010157e+01 3.954036997820458055e+01 4.607949390997602990e+01 3.779794098069331909e+01 3.779794098069331909e+01 5.779195101772633336e+01 5.551601858207833118e+01 4.723834347350514662e+01 4.200495480962867845e+01 2.201504459142481096e+01 3.540986184962186201e+01 3.051984622316935614e+01 3.734974998544861791e+01 1.876123504622754012e+01 3.875040195595011028e+01 2.159851880893253551e+01 4.158468051696466716e+01 5.128603969159384235e+01 5.857735596331809091e+01 6.684687781808882789e+01 6.090504569373593569e+01 6.918988974471946563e+01 7.764346883057351079e+01 7.166419434803394495e+01 7.743806390232842318e+01 8.470068070057273246e+01 9.296007031394690046e+01 1.013876765444248349e+02 9.631017524858884826e+01 7.630381769315054896e+01 6.215812803012008203e+01 5.215610624632549275e+01 6.485614156328340130e+01
6.634215400813491259e-01 2.066342154008099286e+01 2.216494059505284397e+01 3.355523888998300563e+00 2.335444429227313279e+01 1.954389946695095759e+01 2.625317214670860366e+01 1.780181479859411908e+01 3.779794098069331909e+01 4.832739871512896457e+01 4.723834347350514662e+01 2.724880817919767395e+01 3.310360751413248437e+01 1.445656222230825705e+01 1.541770012894274267e+01 1.638218432867262209e+01 1.735924555134283054e+01 3.734974998544861791e+01 4.702590303477101230e+01 4.158468051696466716e+01 2.302883554146717415e+01 4.301334580327964119e+01 3.860245081239553144e+01 5.857735596331809091e+01 7.414544764061636783e+01 7.121277983158122993e+01 7.121277983114384824e+01 7.947587719568740283e+01 8.144307332091501905e+01 6.474930439539829763e+01 7.318174822007703995e+01 8.840495646735840296e+01 9.666379641180769511e+01 9.045068594434685849e+01 7.848702376427408467e+01 5.848186181486641289e+01 7.848702376427408467e+01
1.702428053490451232e-01 2.017024280534868907e+01 2.165595654380990442e+00 2.216494059505284397e+01 4.552892569174619375e+00 5.402611146494297856e+00 6.255414011903733140e+00 2.625317214670860366e+01 2.833403777791393452e+01 2.833403777791393452e+01 4.004773578631874642e+01 3.176821742870144050e+01 1.310969270143680809e+01 3.310360751413248437e+01 3.540986184962186201e+01 2.345232486953667461e+01 2.491724753715903873e+01 3.734974998544861791e+01 5.733266804295826091e+01 5.128603969159399156e+01 3.716222600942889898e+01 2.447019992263521004e+01 4.445296507754261484e+01 4.590763154270133128e+01 6.536356841171564724e+01 5.125125933094354025e+01 5.125125933094354025e+01 7.121277983114384824e+01 6.320268694988001101e+01 5.322362567979286041e+01 7.318174822006497493e+01 6.845565452166268017e+01 8.840495646735840296e+01 9.482205602490434160e+01 7.481580903968131224e+01 7.003151136156675705e+01 8.677409091563056620e+01
1.450734497938095391e-01 9.798573209234913151e-01 2.097959763773658892e+01 3.044850629086424121e+01 1.609949730689105607e+01 2.540073007990028486e+01 2.625317214670860366e+01 7.472575250643433975e+00 8.337250652677374418e+00 2.833403777791393452e+01 3.044741485775894674e+01 1.177338664492826403e+01 1.933217626940966127e+01 3.932466965552493576e+01 5.099410506190956482e+01 3.100887900277963993e+01 4.490405200222615889e+01 3.755961369181973453e+01 5.754206194099158012e+01 6.540985337375860809e+01 5.272466431524144070e+01 4.445296507754261484e+01 2.592670047118286547e+01 4.590763154270133128e+01 5.566976588153928418e+01 3.712790323185942043e+01 5.709785332269625258e+01 5.743947775296127389e+01 4.323834466246035646e+01 4.857656993643549015e+01 5.434124997460510542e+01 6.326937675846567544e+01 7.479156179072117538e+01 9.473714052421894394e+01 9.482205602490435581e+01 9.003746850838678029e+01 9.832476220372036835e+01
2.896770308316644060e-01 2.028967703083131013e+01 1.730962856672712746e+01 3.730908737552472587e+01 3.609680442577639781e+01 4.437915032752680133e+01 3.575128189356242103e+01 1.901880463128374998e+01 2.833403777791393452e+01 9.567001573918712864e+00 1.045174947985341518e+01 3.044741485775894674e+01 3.932466965552492866e+01 3.346996881170030491e+01 5.345916783632348768e+01 4.514165307977080488e+01 4.732752160562605326e+01 5.754206194099158012e+01 5.754206194099158012e+01 7.024170960536780228e+01 5.345782992005769785e+01 3.348188266436938676e+01 4.590763154270133128e+01 2.742124855299692854e+01 4.740021833177312516e+01 3.046635833160130957e+01 5.044120329242262102e+01 3.747106652704891161e+01 5.743947775296127389e+01 6.853745893267978317e+01 7.429866978161898317e+01 8.255972546662506772e+01 9.148103518740809648e+01 1.029950686467323209e+02 1.145895093903336317e+02 1.063432248881353956e+02 1.145895093903379376e+02
