LEM_wLE/output/LEM_woLE_example/elevation_000008.asc
nrows	100
cellsize	150.0
xllcorner	0
ncols	100
yllcorner	0
NODATA_value	-9999
[rows 51 to 67 of 100, columns 0 to 36 of 100]
8.885398060199247716e-01 2.088853980601956906e+01 8.868242545185994530e+00 2.886824254518563748e+01 2.220103469726661416e+01 4.220103469726590362e+01 5.991339636054797779e+01 4.554712481617058728e+01 4.554712481617058017e+01 4.767556411204120792e+01 3.647927207607310152e+01 2.819500082862008838e+01 8.714788279010740268e+00 1.765906018900973962e+01 2.920606557280204996e+01 4.920606557280133586e+01 4.718024609509840417e+01 2.784024675765546419e+01 4.324378102042614103e+01 2.324378102042685157e+01 3.381569060460567044e+01 3.419071990491434576e+01 2.033951590933160958e+01 3.494223498275680839e+01 1.547514216074246995e+01 3.547514216074176119e+01 3.600852290780441933e+01 4.808966938223435506e+01 5.637394062965837094e+01 5.284858577400914470e+01 5.314958448912362599e+01 3.696083333611881017e+01 4.063090171756442004e+01 2.133493506137248730e+01 4.133493506137319429e+01 2.274937094218383393e+01 2.325015402801997411e+01
1.344321116831868057e-01 3.615985230797136296e+00 2.361598523079678102e+01 2.886824254518563748e+01 4.220103469726590362e+01 3.162912511308708119e+01 5.162912511308636709e+01 6.554712481616917330e+01 5.694772914856343959e+01 4.694772914857238533e+01 2.923536748530573348e+01 9.235367485306090529e+00 2.871478827901038500e+01 3.699905952646264495e+01 4.219735906272379111e+01 5.048163031016481739e+01 3.889597484765575075e+01 1.889597484765646485e+01 3.889597484765575075e+01 3.328634179935698967e+01 1.381569060460638454e+01 1.419071990491505630e+01 1.456601321743545441e+01 1.494223498275751894e+01 3.494223498275680839e+01 4.375941340818354064e+01 5.600852290780370879e+01 4.668985894281787097e+01 3.840558769534001016e+01 3.284858577400844126e+01 3.314958448912292255e+01 4.063090171756442004e+01 2.063090171756371305e+01 4.063090171756442004e+01 2.204160031471007031e+01 4.204160031471077730e+01 2.717247673078372117e+01
8.052006432555327553e-01 2.080520064325517637e+01 2.361598523079678102e+01 4.361598523079607048e+01 5.715251379264653053e+01 4.577126073681753127e+01 4.577126073681753127e+01 6.577126073681611729e+01 4.866345790112566760e+01 2.866345790112638170e+01 1.866345790112655934e+01 2.923536748530573348e+01 9.757008016263387873e+00 2.975700801626303260e+01 2.219735906272450521e+01 3.893462492638131778e+01 3.170217037936982507e+01 1.222930818098991601e+01 3.222930818098920724e+01 1.328634179935770021e+01 3.328634179935698967e+01 2.833285552864575507e+01 3.456601321743474386e+01 2.494223498275734130e+01 3.494223498275681550e+01 5.494223498275610496e+01 4.626451953275822149e+01 3.798024828528089358e+01 1.840558769533930672e+01 1.870645015027699287e+01 1.900744886539147416e+01 3.900744886539217759e+01 2.013415101702829801e+01 4.013415101702900500e+01 3.618373593844152225e+01 5.032587156219697988e+01 4.717247673078442460e+01
2.804825088837598068e-01 2.028048250888340576e+01 2.527598547207284696e+01 3.941812109580330059e+01 5.941812109580259005e+01 6.577126073681611729e+01 6.577126073681611729e+01 7.405553198427742245e+01 5.694772914856343959e+01 3.866345790112585235e+01 3.866345790112584524e+01 2.044745769276017455e+01 2.975700801626303260e+01 1.027953796053654756e+01 1.065035367893219487e+01 3.065035367893183960e+01 1.170217037937018034e+01 3.170217037936982507e+01 1.275745591400975876e+01 3.275745591400904999e+01 3.328634179935699677e+01 4.833285552864504098e+01 5.322650623018851945e+01 4.494223498275663076e+01 5.322650623018851945e+01 5.212238390901234197e+01 3.212238390901163854e+01 1.798024828528018659e+01 3.798024828528089358e+01 3.870645015027769631e+01 3.900744886539217759e+01 1.943336657539143886e+01 3.943336657539214229e+01 3.168115640082102047e+01 5.168115640082172746e+01 6.446800718595345359e+01 6.135442622448353234e+01
7.810880442414250835e-01 8.946053853518614929e+00 2.308818947724931547e+01 4.308818947724860493e+01 4.882933934658355213e+01 6.882933934658497321e+01 6.464606594262134820e+01 7.293033719008266758e+01 6.694772914853304258e+01 4.723870395716370041e+01 3.309656833343324678e+01 4.044745769275946401e+01 3.475167391553537755e+01 1.475167391553608809e+01 3.065035367893183960e+01 1.117539839167487692e+01 3.117539839167451987e+01 3.998644162681765835e+01 2.170172782400875988e+01 4.104172716145552613e+01 5.328634179935628623e+01 5.201367563746956790e+01 4.982587964264567404e+01 5.636183054829710670e+01 4.807755930081171414e+01 4.553905576021703894e+01 3.725478451274064895e+01 1.767969174039103919e+01 3.767969174039174618e+01 3.997009803765752167e+01 1.997009803765681824e+01 3.943336657539214229e+01 4.771763782287136735e+01 5.168115640082172746e+01 4.801108801937611759e+01 6.801108801937753867e+01 7.290143160830525915e+01
7.232205343510359485e-01 2.072322053435068057e+01 3.468720372285234532e+01 2.882933934658284514e+01 4.882933934658355213e+01 5.050393031889160511e+01 4.464606594262276928e+01 6.464606594262134820e+01 7.552297520455897484e+01 6.138083958086183145e+01 5.309656833343253624e+01 3.575375294496677725e+01 2.161161732123632362e+01 3.475167391553537755e+01 3.602611089240073738e+01 1.602611089240145148e+01 3.602611089240073738e+01 4.998599907144709675e+01 3.584386344773920996e+01 4.998599907144709675e+01 5.201367563746956790e+01 3.201367563746886447e+01 2.982587964264497060e+01 4.396801526638898139e+01 2.807755930081101070e+01 3.683016467587498965e+01 1.725478451273994551e+01 3.725478451274064895e+01 4.596396298786868329e+01 4.825436928513710910e+01 3.997009803765752167e+01 2.050721647290849248e+01 3.464935209663994442e+01 5.464935209664064786e+01 6.603970943469997223e+01 7.629535926691727354e+01 7.096734820564526558e+01
9.494692443194679976e-01 7.616135910986105984e+00 1.468720372285164366e+01 3.468720372285234532e+01 5.050393031889160511e+01 3.050393031889231921e+01 5.050393031889160511e+01 6.174245019499340259e+01 6.806831003135728508e+01 7.025610602618077394e+01 6.403802419239033838e+01 4.695684215948400464e+01 2.695684215948471874e+01 4.695684215948400464e+01 4.205633778395590383e+01 2.205633778395661793e+01 3.235604251095539752e+01 5.235604251095468697e+01 5.584386344773849942e+01 5.248937952326335932e+01 4.354510761325811785e+01 3.526083636578410108e+01 1.568374401891376735e+01 3.568374401891447434e+01 1.653055391701829180e+01 1.683016467587428622e+01 3.683016467587498965e+01 3.725478451274065606e+01 5.725478451274135949e+01 5.502935779676890604e+01 3.502935779676820260e+01 2.088722217303675066e+01 4.088722217303745765e+01 3.775543818719226863e+01 5.775543818719297207e+01 5.682521258191309954e+01 5.096734820564384449e+01
2.836664262828419991e-01 2.028366642628248684e+01 3.468720372285234532e+01 4.228904333866739762e+01 3.400477209120578692e+01 2.343286250702696805e+01 3.345817894753250954e+01 5.345817894753179900e+01 4.806831003135870617e+01 5.025610602618219502e+01 7.025610602618077394e+01 5.298706905103907161e+01 3.298706905103978215e+01 5.298706905103907161e+01 4.872300445062245444e+01 2.872300445062316854e+01 4.872300445062245444e+01 6.064031375837850391e+01 5.834724389951486501e+01 3.834724389951416157e+01 2.420510827578271318e+01 1.526083636578339764e+01 3.526083636578410108e+01 1.610703036713065828e+01 3.610703036713136527e+01 3.683016467587498965e+01 2.413313210927663022e+01 3.568013749306955162e+01 5.568013749307025506e+01 5.502935779676890604e+01 3.502935779676820260e+01 4.088722217303745765e+01 2.142550656863717151e+01 4.142550656863787850e+01 4.613476290541574798e+01 3.682521258191239610e+01 5.682521258191309954e+01
1.404418693552202946e-01 2.014044186935486636e+01 3.132244446968764251e+01 3.011962864177712262e+01 1.400477209120650102e+01 1.712824732897856705e+01 3.712824732897785651e+01 4.662320697422558169e+01 3.392617440762825254e+01 5.392617440762754200e+01 7.221044565508779556e+01 6.005813686290429843e+01 4.005813686290500897e+01 6.005813686290429843e+01 5.700727569805781769e+01 3.872300445062281682e+01 5.700727569805781769e+01 6.083795016387700372e+01 5.255367891638844213e+01 5.248937952326335932e+01 3.496209588915195354e+01 1.496209588915124833e+01 3.496209588915195354e+01 3.024916599086186153e+01 4.439130161460638391e+01 5.016335900083271326e+01 3.016335900083200983e+01 5.016335900083271326e+01 6.396440874056489889e+01 6.331362904426810445e+01 5.502935779676890604e+01 4.970977781611845359e+01 4.142550656863787850e+01 2.196447462427347475e+01 2.613476290541504454e+01 3.216498979697053073e+01 3.923605760883625493e+01
6.646099058385387393e-01 3.038173222226240533e+00 2.303817322222588615e+01 1.011962864177747790e+01 3.011962864177712262e+01 3.712824732897785651e+01 2.190916176631605694e+01 2.662320697422629223e+01 4.662320697422558169e+01 4.392617440762790437e+01 6.392617440762719383e+01 6.834240811032684348e+01 5.160514224669711325e+01 6.834240811032684348e+01 6.700727569804254813e+01 5.872300445062210628e+01 6.700727569804254813e+01 5.255367891638844213e+01 3.255367891638773870e+01 3.841154329265699374e+01 3.424125501151542039e+01 1.466345534243546922e+01 2.880559096616667247e+01 4.880559096616737946e+01 5.853343723835138945e+01 5.844763024831903664e+01 5.016335900083271326e+01 4.171036438462493123e+01 6.171036438462563467e+01 7.166463103593643780e+01 6.011762565212293197e+01 5.117335374211418753e+01 4.234725412544965906e+01 2.234725412544895562e+01 4.234725412544965906e+01 4.246469452397014521e+01 5.216498979697124128e+01
6.164072599657668405e-01 2.061640725996540979e+01 6.468144925076402707e+00 2.646814492507604655e+01 2.426176426550818022e+01 4.426176426550746612e+01 4.190916176631534285e+01 2.921212919971814514e+01 4.921212919971743105e+01 6.392617440762719383e+01 5.806831003135835090e+01 7.806831003135692981e+01 7.160514224669569217e+01 7.988941349409134318e+01 8.174473761761649371e+01 6.174473761761507262e+01 6.002900886509937806e+01 5.174473761761471735e+01 3.841154329265699374e+01 1.841154329265628675e+01 1.424125501151471695e+01 3.382022570501371916e+01 3.936722766726610701e+01 4.569178298760297707e+01 5.397605423508213107e+01 6.292032614508993049e+01 6.999463563212934503e+01 5.585250000835637962e+01 6.999463563212934503e+01 6.338035978842478357e+01 4.338035978842408014e+01 3.183335440463115518e+01 2.288908249463183964e+01 4.234725412544965906e+01 5.063152537293089495e+01 6.246469452397084865e+01 7.074896577148687982e+01
7.616414269703414286e-01 2.076164142696998738e+01 1.541241683507548288e+01 3.475241617253729487e+01 4.426176426550746612e+01 5.254603551296907682e+01 4.921212919971743815e+01 4.921212919971743105e+01 3.815640110971698817e+01 5.815640110971627763e+01 7.806831003135692981e+01 8.635258127881824919e+01 7.767562744263584307e+01 6.939135619515477060e+01 7.767562744263584307e+01 6.174473761761506552e+01 4.174473761761436208e+01 3.174473761761401036e+01 2.571451072605863075e+01 3.841154329265699374e+01 3.339989435330451784e+01 1.382022570501301217e+01 1.936722766726540002e+01 2.569178298760227008e+01 3.463605489760174549e+01 4.877819052133319389e+01 6.877819052133460787e+01 7.585250000835779360e+01 7.913420957594350114e+01 6.758720419212252750e+01 4.930293294462021692e+01 2.930293294461951348e+01 2.327270605306413387e+01 4.327270605306483731e+01 5.210090559376757824e+01 5.850401051675640929e+01 6.678828176426073071e+01
8.582653206718614536e-01 1.500040094440268668e+01 3.500040094440197436e+01 2.955455245880618520e+01 4.369668808253663883e+01 6.369668808253592829e+01 6.921212919971601707e+01 6.644067235717687936e+01 4.970340649350909246e+01 5.229853673344743470e+01 7.229853673344601361e+01 7.693449124932787697e+01 6.767562744262822605e+01 4.939135619515335662e+01 6.767562744262822605e+01 6.588687324134687628e+01 4.588687324134546230e+01 4.571451072605933774e+01 4.571451072605933774e+01 3.339989435330451784e+01 1.339989435330381085e+01 3.339989435330451784e+01 3.936722766726610701e+01 4.569178298760297707e+01 5.397605423508213107e+01 6.292032614508993049e+01 7.565114362229375899e+01 8.468534340308700337e+01 7.084993832841421124e+01 5.084993832841279016e+01 3.930293294461986875e+01 4.930293294462021692e+01 4.327270605306483731e+01 2.381663434628456244e+01 4.381663434628526943e+01 3.850401051675570585e+01 5.850401051675640929e+01
9.616989121453964895e-01 2.096169891214504233e+01 4.011795562932583437e+01 4.955455245880547466e+01 5.024226240187674364e+01 5.852653364933834723e+01 7.007353903313027388e+01 7.798767774096899075e+01 6.970340649350767137e+01 7.229853673344601361e+01 8.058280798090733299e+01 6.865022000184380602e+01 4.865022000184238493e+01 3.939135619515300846e+01 5.939135619515371189e+01 7.417114448885429567e+01 6.588687324134687628e+01 6.571451072606075172e+01 4.724494202152456523e+01 2.724494202152385824e+01 1.310280639779265499e+01 2.724494202152385824e+01 4.724494202152456523e+01 5.932121200371035741e+01 5.103694075622843229e+01 4.736687237478282242e+01 6.736687237478423640e+01 6.468534340308558228e+01 7.882747902686232067e+01 6.758720419212252750e+01 5.344506856835131714e+01 5.324472476210623029e+01 3.324472476210552685e+01 4.381663434628526943e+01 2.436187489302425746e+01 4.436187489302496090e+01 5.319250450521629858e+01
2.866789980725219511e-01 1.183368438186493776e+01 3.183368438186458249e+01 3.955181272537957682e+01 3.024226240187745418e+01 4.178926778567037559e+01 6.178926778566966505e+01 7.186071005965924030e+01 7.186071005965924030e+01 8.014498130712520663e+01 7.065289291460906895e+01 6.236862166712987232e+01 5.232028838328798770e+01 3.232028838328728426e+01 5.232028838328798770e+01 6.476957864763281236e+01 5.648530740015660001e+01 6.476957864763281236e+01 4.694801781400330754e+01 2.694801781400260410e+01 1.280588219027140262e+01 3.280588219027210783e+01 4.863076232720534620e+01 4.034649107973126547e+01 3.103694075622772530e+01 5.103694075622843229e+01 5.789409713868037244e+01 5.054320777935362941e+01 7.054320777935504339e+01 8.172933981589463315e+01 6.479173014589986224e+01 4.479173014589844826e+01 5.324472476210623029e+01 3.850401051675570585e+01 4.436187489302496090e+01 2.490823325773241947e+01 4.490823325773312291e+01
7.776801193288799263e-01 2.077768011932852588e+01 1.352158583382490775e+01 1.955181272538028736e+01 3.955181272537957682e+01 5.852653364933834723e+01 6.600284568339098712e+01 5.186071005965782632e+01 5.186071005965782632e+01 7.186071005965924030e+01 6.236862166712987232e+01 4.236862166712916888e+01 4.697506354503931902e+01 2.697506354503861203e+01 4.697506354503931902e+01 5.476957864762715644e+01 3.648530740015589657e+01 5.476957864762715644e+01 4.665122441010405652e+01 2.665122441010334953e+01 1.250908878637214627e+01 3.208949810722450025e+01 3.542283144055786437e+01 2.034649107973055848e+01 4.034649107973126547e+01 3.304338463795284042e+01 3.789409713867966900e+01 5.789409713868037244e+01 6.789409713868143115e+01 8.789409713868285223e+01 7.307600139341387546e+01 5.633873552969136966e+01 5.850401051675641639e+01 5.850401051675640929e+01 4.529478337563455881e+01 2.529478337563385182e+01 4.529478337563455881e+01
5.059075238208947667e-01 5.356620024547575909e+00 1.690362540834029659e+01 3.690362540833958604e+01 4.783608397284118041e+01 5.657475526756923756e+01 4.829048402010611341e+01 3.771857443592637793e+01 5.771857443592708137e+01 6.495990924371454867e+01 6.236862166712987232e+01 4.236862166712916888e+01 2.822648604339772049e+01 2.212435104431186872e+01 4.212435104431257571e+01 4.648530740015625184e+01 2.648530740015554841e+01 4.648530740015625184e+01 5.167165095074211933e+01 3.167165095074141590e+01 3.167165095074141590e+01 1.208949810722379858e+01 1.542283144055716093e+01 3.542283144055786437e+01 2.637671797128593809e+01 4.637671797128664508e+01 5.789409713868037244e+01 4.789409713868002427e+01 6.203623276241147266e+01 8.203623276241289375e+01 8.462300677724374509e+01 7.633873552969278364e+01 7.850401051675783037e+01 5.943691899936600720e+01 3.943691899936530376e+01 4.529478337563455881e+01 2.584226646166182206e+01
