LEM_wLE/output/LEM_woLE_example/elevation_000002.asc
nrows	100
cellsize	150.0
xllcorner	0
ncols	100
yllcorner	0
NODATA_value	-9999
[rows 68 to 84 of 100, columns 37 to 73 of 100]
2.651656591976217214e+01 4.066087466465234712e+01 6.066438664467911934e+01 6.910662416132876729e+01 6.651106206843455482e+01 7.479685884665855156e+01 8.634627069098252150e+01 9.344088839711550065e+01 8.286646141027421208e+01 7.700718915106693885e+01 7.919552284504914041e+01 9.852136063412959288e+01 1.060433181919088383e+02 8.930393462792535786e+01 1.060433180105994637e+02 9.892691297878755563e+01 9.063703063544140548e+01 8.060204036751133572e+01 6.059025731946653082e+01 7.059614674897798636e+01 5.150597499104774357e+01 5.216618584513805246e+01 7.218056217253261764e+01 7.313054274320836612e+01 9.314462931226394460e+01 8.256757593051663946e+01 6.256911341402050653e+01 8.256757593877028967e+01 9.050198465788385249e+01 9.877148118094885376e+01 9.437849570480756256e+01 9.031486992945495729e+01 8.202180331507365452e+01 6.305934816199146553e+01 8.308176402346865075e+01 8.720507421203450349e+01 6.717869139298129255e+01
4.651976767368507382e+01 5.480567549617151712e+01 5.369670834353853195e+01 6.198322289893595638e+01 6.497653931144041906e+01 7.326341754961813990e+01 7.497943563692952296e+01 9.498679618934639279e+01 1.028712305095100135e+02 9.701199646976638746e+01 9.920026540990498631e+01 1.074867342699635202e+02 1.175917164671300270e+02 1.093068640994947884e+02 1.047890125559090819e+02 8.477509103864298368e+01 7.062499010361131013e+01 7.798030354745439752e+01 7.059614675977360321e+01 5.058281237956583709e+01 7.059614800306793825e+01 7.218056217512084061e+01 5.311553519400391821e+01 7.313054274780533603e+01 7.475975103959781620e+01 7.543689642406478413e+01 5.955110129491357895e+01 7.369938168182397931e+01 9.370064142314565458e+01 8.851578133451988606e+01 7.436014574253150045e+01 8.096558144505965515e+01 6.200024126051233253e+01 8.202180331525698875e+01 6.413055307143520167e+01 8.415385818149565011e+01 6.628318633122057690e+01
5.537538456146896237e+01 5.311014740284494451e+01 3.369389380394059685e+01 5.369670834434923989e+01 4.497221127373730098e+01 5.497364298163834917e+01 7.497943564025712249e+01 8.092400804546335280e+01 8.921111979622612864e+01 1.033584438106924495e+02 1.035587914095487463e+02 1.118504791237611187e+02 1.051093289248787102e+02 9.681895231757962961e+01 1.051093289648635221e+02 9.213108966222428364e+01 7.211885600280892561e+01 5.796939690112746746e+01 6.903115383571005736e+01 4.993419722799359306e+01 6.994710073306417542e+01 8.142074760903321362e+01 7.313054274407059552e+01 5.406816873802214474e+01 5.474372915002323481e+01 5.542047709239141540e+01 7.543689643674595402e+01 7.713044364256886354e+01 8.542174347340511531e+01 7.917666446458024154e+01 6.020327650764343019e+01 6.094487411704007940e+01 8.096558140205362974e+01 9.031487011640631124e+01 8.415385818209020385e+01 6.520412322861533028e+01 8.522831233715241694e+01
5.311014740302785953e+01 3.310738224208775904e+01 5.311014740359561159e+01 3.428089739315682749e+01 5.428377620246496349e+01 6.119786919845130058e+01 6.827063798271557005e+01 6.091727456667327090e+01 7.506379606757781175e+01 8.940992478535002874e+01 8.354933129021748073e+01 1.035587830828887519e+02 9.510313337825485291e+01 7.680753362152076136e+01 8.767021204290986702e+01 9.595909695232658976e+01 8.626983441921915130e+01 6.903115383663352134e+01 4.901887057365062361e+01 6.903115383591301679e+01 6.994710065898946993e+01 8.995951419450565822e+01 7.408377850100717410e+01 6.822182406486722073e+01 7.475975103905203412e+01 7.543689643836350456e+01 5.640674426256698837e+01 5.711278227249633943e+01 7.713044364507307193e+01 5.915740878678039394e+01 7.917666446397707603e+01 7.510216207076622652e+01 7.510216207382372033e+01 9.512112972959241119e+01 8.155401312446113593e+01 7.936380917006191282e+01 8.990156630567605589e+01
5.269574339788225359e+01 3.269300193138999333e+01 5.210993970502403982e+01 5.428377619997267090e+01 3.486915820662775189e+01 4.119407680024730922e+01 4.826582680512221657e+01 6.827063874709730840e+01 7.871498702539452097e+01 6.940156001613981118e+01 8.940992478548865563e+01 9.656716507558894591e+01 8.681306585380720264e+01 6.680344586013430330e+01 6.766036537104245951e+01 8.440618768406271499e+01 8.253816760771033501e+01 6.252709289714181295e+01 4.837635492135220261e+01 6.838819825720162271e+01 8.059765789731484631e+01 8.888705629043406020e+01 9.409837811539728136e+01 8.823578840251006739e+01 8.309547836333641158e+01 6.308068065801835900e+01 7.642388046585445238e+01 7.713044364221769911e+01 5.811444819816203733e+01 7.813283827848169949e+01 8.746867771427719163e+01 9.512112501796214303e+01 9.512112901944492194e+01 1.034144107910154418e+02 9.571171404677284045e+01 9.938647604591666607e+01 9.143729538482617158e+01
5.864871561347076323e+01 5.152451312250523330e+01 3.210722040844476766e+01 5.210993970556562971e+01 3.528610990867824171e+01 5.528912729778991775e+01 6.385786932431163621e+01 5.238268889723322275e+01 5.870825926264544137e+01 7.871498738154144803e+01 8.537129527349229363e+01 7.708307267183317890e+01 6.826970164132012542e+01 6.826942639678748037e+01 5.610946113163223004e+01 7.611752167689093085e+01 7.513629186736899612e+01 6.684749211094393218e+01 4.773518578496302922e+01 5.351287159166181340e+01 6.058752981509591251e+01 7.213966610777079325e+01 9.215149145129714725e+01 1.049252197615565763e+02 8.809906077700006222e+01 6.808472666588990307e+01 8.809906077751183773e+01 8.071699478337255584e+01 6.070020520666389530e+01 8.071699478344910972e+01 9.015638506660505413e+01 9.619151356966264643e+01 1.032690317585792315e+02 1.115626606322499157e+02 1.157372863349566643e+02 1.077882398879325194e+02 8.776250450113352031e+01
5.036250376978268406e+01 3.152180037573376126e+01 5.152451312160176400e+01 5.570632266348166439e+01 3.570323931244723781e+01 5.570632267529416026e+01 4.385362916197449579e+01 6.385786932657294557e+01 7.205288757882088646e+01 8.034016433955456193e+01 7.708307266152165482e+01 5.707490151487068175e+01 6.293515910314008011e+01 4.826209023617080618e+01 6.826970160246195007e+01 6.532392947511027614e+01 6.595114858629494847e+01 4.683673433723900104e+01 6.684749403831510506e+01 6.039180351435201999e+01 6.985084774751808823e+01 8.059765874000578378e+01 1.004410538966694872e+02 9.663372355094962529e+01 7.661815924461932070e+01 8.809906082315083609e+01 9.639042164839747784e+01 7.704381432670950858e+01 8.071699479302418467e+01 6.458965018322265905e+01 7.014111914615746457e+01 7.617525754758068501e+01 8.325087092588546511e+01 9.480724208158629551e+01 1.148280689358994238e+02 1.160858297590146009e+02 9.807758206669046785e+01
3.093686672624269818e+01 5.093958755130542215e+01 5.981074729992927530e+01 6.399303141008818585e+01 5.570632267539878058e+01 3.629378752637981620e+01 5.629697168371740901e+01 5.790679653986636310e+01 5.204729388010535729e+01 7.205288758126980042e+01 7.035042934373237244e+01 6.206269948204698750e+01 4.292752892100411088e+01 4.354570456418260704e+01 6.355386484179568640e+01 4.531431502124911503e+01 4.594105203770385515e+01 6.595114858687489345e+01 6.684749511247569842e+01 8.040238017870343867e+01 7.673005977717845383e+01 8.986225470815337246e+01 1.088994560453960787e+02 1.037108787160719174e+02 8.369369526877358112e+01 1.037108440494904329e+02 1.053529739771681761e+02 9.706077357861272503e+01 8.781012104252033623e+01 6.779507892565236205e+01 8.781012107594511917e+01 9.619151356843812550e+01 1.032690317502644319e+02 1.115626687080783483e+02 1.231222045559448901e+02 1.144312622860577733e+02 9.440217644938412889e+01
5.093958485089494559e+01 4.358723815157338066e+01 6.359121471870384568e+01 6.826595153299660979e+01 4.826100356719567230e+01 3.671283090929217252e+01 5.671608940689596778e+01 3.790332045473360267e+01 5.790679654614365290e+01 6.679179211482504286e+01 6.206269948125562763e+01 4.205584025616708743e+01 6.119192765887196117e+01 6.355386483906422512e+01 4.442889555255932521e+01 6.443779927788466466e+01 5.065821183827447527e+01 7.066734443222773621e+01 8.626239309991906623e+01 9.514721867042952397e+01 9.674233614423127392e+01 1.050316847206655240e+02 1.181638489326037416e+02 1.120027253881610534e+02 9.524966833201723659e+01 1.120024799562822011e+02 1.146266933504778791e+02 9.460638818718373955e+01 8.045287674557569346e+01 8.781012109896934703e+01 7.296261378918278240e+01 9.297809651732987390e+01 9.563419504143882932e+01 1.097903786765629945e+02 1.298124773508035332e+02 1.227316619590424978e+02 1.110407461111838643e+02
5.744202272284498179e+01 5.773171432458145347e+01 7.187796692833151724e+01 7.655310437763674258e+01 6.500289779452431560e+01 5.671608940718381575e+01 3.730636074181948914e+01 5.730972741934587589e+01 3.850121792892550587e+01 5.850480205204971185e+01 5.971381725603565371e+01 6.032487958005526707e+01 4.118589706273844797e+01 6.119192765857417982e+01 5.857729877395720308e+01 7.272606780224360534e+01 7.066734446437396855e+01 5.796449026961904849e+01 7.797365478284415019e+01 9.568918673293511290e+01 1.056988397796106369e+02 1.137125553784653391e+02 1.054249548619768717e+02 1.137130531906363871e+02 1.152691003910236134e+02 1.235603860568746484e+02 1.177645877539582671e+02 1.087630249260271569e+02 1.004701819391437567e+02 1.000552504416286581e+02 8.003803657003663830e+01 7.929102478408995580e+01 9.930802906383392781e+01 1.135481169765410243e+02 1.218411217219046705e+02 1.204839339285315276e+02 1.004519038707411482e+02
6.024316039278011203e+01 7.443212641352332071e+01 8.602416377690261129e+01 7.922542746767774702e+01 6.363555217694996458e+01 4.363139645457659554e+01 4.885458905374693472e+01 6.559659521577955843e+01 5.850480205273234446e+01 3.909965686016270325e+01 3.970940618610138273e+01 4.031976194565977778e+01 6.032487951156051054e+01 5.273605330338382657e+01 7.274286686815899827e+01 8.687483635372295510e+01 7.797365477964206093e+01 7.797365478177535181e+01 6.739620376377034461e+01 7.740062431487835681e+01 9.741280848989548247e+01 1.037076762356094548e+02 8.541597133372486894e+01 1.037076764275789884e+02 1.094095907783387247e+02 1.051112784915333265e+02 9.775789667940637173e+01 1.119034295516138826e+02 1.142118192437083337e+02 9.419140721800630445e+01 9.419140725909198864e+01 9.930802906629993743e+01 8.685543479865063432e+01 9.352739423739225799e+01 1.135481213927401285e+02 1.287867693413219570e+02 1.094081080365311891e+02
4.613761624701938757e+01 6.614226256024743122e+01 8.092471601609227605e+01 7.094034658529508874e+01 5.093517210237369142e+01 5.518004337023900518e+01 6.885983457486706527e+01 7.714963527567553569e+01 5.969089473601796669e+01 3.968766110426388849e+01 5.969089473491102638e+01 6.032487957923592603e+01 5.665354139498302288e+01 7.274286680418454409e+01 6.907116207628735083e+01 8.908007979380711561e+01 9.798514832512189798e+01 9.569520620395657318e+01 8.740667321811079660e+01 9.569520686504159812e+01 1.057022662844713494e+02 9.542042217056342679e+01 7.541148954989769493e+01 8.940235685417682987e+01 8.940234827021967590e+01 8.510275735861712576e+01 8.360902072029888643e+01 1.036177175712071943e+02 1.225042976197909610e+02 1.142118192420522576e+02 1.142118510786637842e+02 1.151673059220250082e+02 9.841249975686206142e+01 1.135481078496435998e+02 1.076836782676963651e+02 1.277061458882276241e+02 1.235733989913884159e+02
6.614226021166200553e+01 5.262720882334422612e+01 7.263308652324239745e+01 5.946460666034757736e+01 7.094034658450027564e+01 7.518604257871982099e+01 8.347313177299405140e+01 7.856881781531760112e+01 6.027919217189749901e+01 4.027641140119308716e+01 6.027919217135455199e+01 6.940252118027548534e+01 7.666046117205091548e+01 8.494808292882470369e+01 8.908007978609678901e+01 8.525936250823130536e+01 9.354635910958855050e+01 9.249778410623956404e+01 8.990161534840548541e+01 9.818807298611989154e+01 9.774524642706097666e+01 8.834618266172697076e+01 6.833832856401960498e+01 6.939441621986989617e+01 8.153105812209101089e+01 7.095471779209766794e+01 9.096310482535606923e+01 1.094205998176181112e+02 1.090035326863218046e+02 1.119535992607563912e+02 1.124451193554596529e+02 1.207296944904983320e+02 1.184339005303975654e+02 1.267264137436387159e+02 1.277061451202598619e+02 1.359987233549244650e+02 1.436184815632597633e+02
7.763491943673538742e+01 5.762791776095856022e+01 7.763491773519101002e+01 7.947101319956952636e+01 6.889516955636221951e+01 8.890239747742676002e+01 8.442915158298886524e+01 6.442154425767631665e+01 5.027673935741348998e+01 6.027919217126056850e+01 4.111330297540244061e+01 5.525598519940246689e+01 7.526161231152474329e+01 7.843653891445157456e+01 8.199538227042609151e+01 6.525236107420663245e+01 8.199538237844510036e+01 7.249039026730874014e+01 6.989436048595605655e+01 8.663721310562652889e+01 7.773742064415878872e+01 8.489753717600230232e+01 7.661072701418632391e+01 5.939315204139940363e+01 6.152484793060518342e+01 8.153105808516284014e+01 8.112662447271576127e+01 1.011351074572213236e+02 8.899489037419287740e+01 9.194524423631283128e+01 9.243652338040732275e+01 1.091789876835733679e+02 1.233250139819669471e+02 1.173929600719795019e+02 1.231683253676350773e+02 1.294942718877628920e+02 1.365661573949968215e+02
8.318431843913890589e+01 6.317597013653000459e+01 8.318434119590493481e+01 9.646428417139337341e+01 7.645711539330118001e+01 9.646428417183196302e+01 8.661786173178786896e+01 6.661013739327961503e+01 7.028163679436514144e+01 6.170788037552289040e+01 4.170606209922107865e+01 6.170788037619416144e+01 7.084388361585375549e+01 5.843123856792423965e+01 6.491587471589967606e+01 5.370501178677827170e+01 6.617089503481410873e+01 5.834628336675356053e+01 5.834628336676502869e+01 7.835042112844277540e+01 6.359173600376932711e+01 7.388855458995898573e+01 5.660692892824144451e+01 7.661072701499843163e+01 8.153105847361824488e+01 6.479087277838397085e+01 8.479824950624180246e+01 9.081277307791327758e+01 7.484586865714877035e+01 7.779584416056182761e+01 8.088326492821938984e+01 9.503296108531418440e+01 1.098306502273329670e+02 9.738497066187416351e+01 1.031618710173337234e+02 1.094898751892947502e+02 1.165641593115057049e+02
8.951227325852697447e+01 6.950216009217574253e+01 8.951227325207523222e+01 1.047162648337270099e+02 9.060564722051708486e+01 1.047370046833438977e+02 9.490219213943673537e+01 8.144270274468240700e+01 6.725583664477311174e+01 4.725240025712133729e+01 6.170788037657852954e+01 4.255554221892982980e+01 6.255685945459114095e+01 4.429040845378844438e+01 4.491603509601794286e+01 4.554254468463846450e+01 4.617180087446297421e+01 4.680226720836751042e+01 6.680102643310600286e+01 6.948631695356057492e+01 5.204607022227433788e+01 5.388631910711953310e+01 7.388855459170484608e+01 8.489746381477104364e+01 9.308506504326156517e+01 8.479824950585611987e+01 6.822135149016759215e+01 7.080393688444215172e+01 9.081277308879035104e+01 9.780555739276913130e+01 1.008931498454165023e+02 8.573644447360902632e+01 8.982119824093928173e+01 9.799099138405439646e+01 1.079964005080367571e+02 1.280012133092679392e+02 1.365661574153076856e+02
9.781722506236874892e+01 8.105347153971690943e+01 8.583911689095400277e+01 1.058599821227020925e+02 1.106082861260163668e+02 9.949444005078387931e+01 8.793414430881287558e+01 7.315502703458318479e+01 5.314990266815453879e+01 6.725583664753531821e+01 7.084387676897296160e+01 6.255685945626439093e+01 4.340688920008840057e+01 6.340773701812297958e+01 6.491587458026464219e+01 5.968267074843523545e+01 6.031160564708548577e+01 6.680102643234745585e+01 4.769917891816649558e+01 4.948677637812874508e+01 6.948631695563321387e+01 7.388855457905977175e+01 6.543280191597197870e+01 7.698287662270934106e+01 9.699105590526784226e+01 9.579245899747191118e+01 7.578315359185171474e+01 9.081277303357433084e+01 8.149888039182238231e+01 1.015082092469884714e+02 1.140315750833981525e+02 1.057462378832744605e+02 9.643297916539226833e+01 1.098306504130378158e+02 1.262826008220975638e+02 1.280012133105821590e+02 1.479998572577421214e+02
