LEM_wLE/output/LEM_woLE_example/elevation_000002.asc
nrows	100
cellsize	150.0
xllcorner	0
ncols	100
yllcorner	0
NODATA_value	-9999
[rows 68 to 84 of 100, columns 0 to 36 of 100]
2.958550950857541384e-02 2.002958546990550204e+01 3.364086893262324907e+01 4.518785812748350139e+01 5.608915043982677417e+01 4.829422143416127966e+01 2.829400426017740955e+01 4.829422143605740558e+01 5.911690210787129729e+01 4.497667152347711550e+01 5.125554703104020149e+01 4.294413191477870129e+01 3.765519752498847339e+01 1.755456917209450651e+01 3.765519782782911307e+01 3.984152823511411867e+01 1.984002833403516064e+01 3.984152825877724524e+01 4.585704906428551197e+01 2.585451843357028423e+01 1.170917458233151365e+01 3.129396451269673207e+01 3.099780309374295229e+01 3.928299315567069527e+01 4.642169211005401053e+01 5.470685239559572466e+01 7.041456652439097752e+01 6.794142088785115163e+01 6.794142080755820245e+01 8.794404971256828674e+01 8.323911064321335118e+01 7.496466290751574491e+01 7.496466685814684183e+01 6.783095018678545784e+01 5.954493247743150874e+01 5.423654020817323129e+01 4.595066730768933638e+01
9.835479489548564214e-01 1.512568357258697382e+01 3.512568309387718557e+01 5.261778247671102804e+01 3.608892006225190840e+01 3.608892006280792231e+01 2.294871963090686862e+01 4.294893856171840696e+01 4.911733019271898826e+01 3.083384247711252968e+01 4.294435528000328617e+01 2.291004859756884926e+01 2.877710368374610539e+01 1.383962412342091852e+01 3.390080701388024664e+01 2.650759362513067430e+01 1.406571638230463250e+01 3.406759257199794888e+01 5.153544478503572890e+01 3.999835246629831431e+01 3.129396451165949244e+01 1.129012534768232356e+01 1.099404406862259975e+01 3.057910691880174880e+01 3.886427128594531410e+01 4.212751906717655714e+01 6.195146118145692782e+01 5.686653663331067321e+01 6.515160113976833145e+01 7.669976822046041320e+01 7.496466290754757722e+01 5.496814099960576527e+01 5.496814100174433548e+01 6.910364592183856303e+01 5.594555491025294458e+01 4.708944157857217760e+01 2.708635031769527401e+01
5.722010782348829760e-02 1.419935573174018550e+01 3.419935630016257022e+01 3.847550860279203988e+01 2.433323402329836682e+01 1.608866907801326818e+01 3.608892006118953333e+01 5.123326037615908035e+01 4.083421825299615193e+01 2.083323973157710540e+01 4.083421825421304163e+01 2.877754869263432980e+01 8.758646221512206509e+00 2.580618001220190294e+01 2.609664200528271749e+01 6.505288834013250643e+00 2.650759396092052000e+01 2.324890673749867886e+01 4.325061397519302631e+01 4.762587979307589592e+01 2.762345032544340739e+01 3.129396451223056630e+01 3.057910691840716311e+01 1.057546317647509504e+01 2.212508247991549482e+01 3.366441994232731361e+01 4.531846442047324075e+01 3.686468886884529894e+01 4.841265194010691175e+01 6.841475790204091822e+01 7.496503771797682703e+01 5.496814224342393373e+01 4.082461484442384148e+01 5.188053925953705203e+01 4.765957535724582073e+01 2.765657860518975042e+01 4.708944157879066950e+01
9.757004629446797139e-02 1.423970567001917509e+01 3.423970554098868035e+01 3.019116780202541861e+01 1.019085494544376758e+01 3.019116780291677316e+01 4.437325125390029967e+01 4.902554093491511367e+01 3.376283661689088689e+01 1.376151844359231369e+01 2.481800833106626669e+01 2.510683434227578559e+01 5.513896067529206135e+00 5.804150408363043745e+00 6.094497906220881056e+00 2.609664200579052462e+01 6.916824365868270874e+00 2.106091420850136942e+01 4.106265483617714551e+01 5.223929999096045407e+01 4.762587979395836868e+01 3.815165843514095201e+01 2.986653846914908428e+01 1.027971202762546632e+01 1.366128110002900975e+01 3.366441996870673847e+01 2.531661962440474412e+01 4.531846443623067699e+01 5.426353606998061707e+01 7.426567171308197146e+01 7.890336488996024400e+01 5.894430977251256110e+01 5.188053925836031510e+01 3.187951037425252565e+01 2.822736932698303747e+01 4.765957539808375287e+01 5.594555468115159158e+01
4.225409065741109194e-01 2.042254086733892748e+01 2.111159071493293382e+01 2.139711095708061350e+01 6.476860794254676534e+00 2.647720294492195947e+01 4.641696967197638912e+01 4.074091868009112005e+01 2.073978226947932058e+01 2.441005918693145560e+01 4.816385370874561644e+00 5.105091370343343371e+00 2.510683433194035175e+01 2.580618001196665645e+01 2.609664200591244665e+01 2.721058710295761429e+01 7.208012585028927610e+00 2.721058710307298512e+01 2.395258126994696468e+01 4.395441606813988500e+01 4.300654075912502350e+01 2.986653847012239993e+01 9.863096556232648027e+00 2.986653847010126839e+01 3.366441991150273338e+01 1.882664116754258288e+01 3.882900902871966053e+01 3.426174788789018777e+01 4.840505743192384358e+01 6.840715750495490965e+01 7.566336663849112654e+01 5.894437965448139494e+01 3.895122552814491002e+01 5.188053926014742956e+01 4.823028680029310067e+01 2.880189803178457808e+01 4.880475277249758648e+01
8.169748314230130815e-01 8.260259283533537555e-01 1.111361957807962542e+00 1.396785143818157104e+00 2.139711095753193959e+01 1.813220672287130242e+01 3.813260544059185975e+01 3.228705728778693640e+01 2.400241010396445418e+01 4.408603416988329471e+00 2.441005918664924579e+01 1.327091773407339659e+01 2.143652247004019529e+01 4.143784940689124596e+01 3.875866450506960348e+01 1.875680771426928217e+01 2.721058710379973533e+01 7.620260814698581520e+00 2.762298631585293762e+01 3.632069237208968815e+01 2.300445474981046345e+01 2.915570117549776086e+01 9.568668708021027314e+00 2.957202453296613598e+01 4.549628920152832023e+01 2.549444769882886064e+01 4.549628848618218058e+01 5.426353602452334712e+01 4.840505743004253958e+01 6.840715383956063533e+01 6.745301597735664245e+01 4.748003417549854532e+01 5.894437965351754372e+01 4.937957299150919965e+01 2.937676860511320598e+01 4.880475277278254254e+01 5.036250376930497197e+01
7.482281904641915338e-01 2.074822815161407874e+01 2.111159071512739871e+01 2.139711095793486351e+01 1.801880890662068024e+00 2.180234826580009866e+01 3.049232825260537894e+01 2.400241010341289538e+01 4.001118202207005758e+00 2.400241010409908071e+01 3.269475054749495513e+01 2.481892215737424578e+01 3.327240887001926239e+01 4.972254489544555867e+01 4.704353033248373350e+01 3.030503034630710602e+01 3.590795353111769828e+01 2.762298633330453868e+01 8.032825504265655781e+00 2.803569565911046269e+01 8.859789459439094017e+00 9.152469978527225436e+00 2.915570117498728209e+01 2.957202452364999701e+01 4.957414690803920365e+01 4.549628937898277314e+01 3.814471098723739573e+01 5.814658158412455435e+01 6.840715384051401315e+01 7.669212341862953508e+01 7.449603135495223682e+01 5.455180323827320166e+01 7.449603135527476638e+01 5.766569408521375095e+01 4.937957299177074333e+01 2.995210186526841767e+01 3.035976166534349119e+01
6.697973685351282791e-01 1.481193304583607251e+01 3.481197423783924449e+01 3.008675335880506552e+01 2.180234826010202909e+01 2.207267789164744975e+00 2.220787995305080287e+01 2.371431058522175306e+01 3.713132153411983882e+00 1.785616450447927051e+01 3.785712624642942359e+01 4.482008626962008435e+01 5.310471334912843844e+01 6.155818137343893426e+01 5.859138709507382714e+01 5.030654352246570937e+01 3.698091561559562024e+01 1.697879573045372581e+01 2.803569564360754640e+01 8.446015711186143804e+00 2.844902413588056689e+01 2.915570117541891548e+01 1.327917656323336359e+01 3.328258914825315173e+01 3.759728198572026514e+01 5.760784307775143986e+01 5.814658160629141292e+01 5.814657591951251447e+01 7.814862350958152604e+01 9.428060707623922099e+01 7.449630290047588232e+01 6.609470700235998208e+01 7.172105384898796387e+01 5.150640634294404663e+01 3.995323659475068467e+01 4.995486737551884460e+01 5.036250377100815712e+01
9.239707316362346656e-01 1.506610633155792023e+01 3.506608769356707000e+01 3.635038755875027761e+01 1.634986150103165059e+01 2.220787995432894490e+01 2.612988202928104187e+00 2.261374849977902812e+01 3.425265481156493319e+00 2.342633217406336499e+01 3.682256610763637639e+01 4.389388372748799583e+01 5.217855405427408755e+01 6.372606121950084912e+01 6.007681716265766880e+01 4.007517683084921600e+01 2.852723014064852691e+01 3.112257066531299898e+01 3.447997869054297837e+01 1.447756529751559995e+01 3.447997867403309158e+01 4.157068285281475539e+01 3.328258914707583926e+01 1.759354469851233205e+01 3.759728198526628518e+01 4.616431069493310702e+01 5.024969315767312139e+01 5.856573190489318392e+01 6.859956301345884810e+01 8.283371174318368446e+01 9.387344562175324825e+01 8.590281252163011061e+01 8.035169104072578250e+01 6.832874669236998955e+01 5.150404706044133007e+01 5.471986473379480742e+01 3.471687321991541353e+01
7.344999525375345284e-01 1.487663557626140687e+01 3.487663543833826196e+01 4.463479944559295376e+01 3.635038756119891445e+01 2.261374849990496116e+01 2.261374849694640687e+01 3.018917485235959042e+00 2.301982919581647025e+01 1.049675408399118837e+01 1.682175227626796854e+01 2.389318121297046105e+01 3.544058237118140653e+01 5.544130944146792928e+01 6.836170510063908523e+01 5.681377822126238186e+01 4.852886473188475236e+01 5.112421143485391895e+01 4.276494151901454188e+01 3.447997871800718173e+01 2.602625515457612693e+01 4.602797986625810012e+01 4.588942827352708065e+01 3.173753185018754408e+01 2.230845066315301750e+01 2.615794032747297138e+01 3.024077117148058136e+01 4.024148419462473925e+01 5.438784777701039985e+01 7.002888378069661712e+01 7.844426403246652058e+01 8.843718252730459994e+01 9.322162110363947818e+01 7.993607211629726805e+01 7.156869628377812376e+01 5.744202212265277296e+01 3.743869673576035240e+01
8.205962881864476977e-01 1.082059628818636021e+01 2.496273191189822072e+01 4.496273166054088932e+01 5.089878438037361263e+01 3.716250379262277193e+01 1.716174157049769988e+01 1.456650160581306253e+01 3.130412416356372063e+01 2.463966649409279697e+01 2.682754599567652676e+01 4.389388373119805209e+01 5.217855418004207024e+01 5.586547783447423399e+01 6.171871040071707171e+01 6.296835596357059472e+01 5.469300959206907464e+01 4.802682522779628727e+01 3.974948565727729743e+01 4.802682506018035724e+01 4.602797986693476417e+01 4.235759572491134151e+01 6.004132338190756002e+01 4.938649079184418866e+01 2.938025171672666858e+01 4.616430974103385410e+01 4.438479116448378647e+01 3.754420576097503215e+01 4.331808703622191103e+01 4.998530741584812631e+01 5.998775280223009077e+01 8.009852308407359089e+01 8.490131686108472309e+01 6.487358052654849416e+01 5.487140903034369899e+01 4.731114342322547373e+01 4.023942922645364462e+01
1.503081736372913202e-02 2.001503078008915537e+01 3.910483734117985222e+01 3.484400942557406466e+01 4.312719338551208637e+01 4.544699645306041447e+01 3.716250379358513101e+01 3.456728943138977428e+01 4.285178924174595494e+01 4.464043436326539194e+01 4.682830373287307424e+01 5.511283821992919485e+01 5.000853246285230114e+01 3.587423881948868853e+01 4.172953711107179231e+01 5.018848547097503143e+01 3.470330943854958861e+01 3.837148773435895066e+01 1.975367018866853641e+01 3.974948565615929397e+01 4.941231345532084163e+01 6.235931645199986662e+01 7.064421258151858751e+01 5.768861264024626934e+01 4.092825002227311870e+01 4.938649095118562826e+01 6.440873418661780647e+01 5.169147471765433011e+01 5.746678752204908136e+01 7.003296359946341454e+01 7.848577147940999055e+01 8.866959883961598621e+01 9.325774841269218030e+01 8.320527609414295966e+01 7.488356798511344437e+01 6.495823925987433256e+01 4.495386061659780808e+01
1.711296032766891351e-01 2.017112955702758015e+01 3.158096507938315867e+01 1.484482871652450697e+01 3.158096616206026752e+01 3.944764234015057269e+01 4.597173025838591087e+01 3.768959215248123229e+01 3.768959214946952585e+01 5.768525932996892180e+01 5.527339739549447017e+01 4.699451453009819346e+01 4.172953684441793598e+01 2.173340945428842019e+01 3.511010167711861385e+01 3.019590374479297878e+01 3.700476796777470412e+01 1.837517915507744348e+01 3.837148773475112762e+01 2.114042067923116264e+01 4.113570051698649621e+01 5.080443876417715643e+01 5.806371986888040482e+01 6.633547215492340854e+01 6.094066292756159697e+01 6.925155198324432604e+01 7.773170690893645940e+01 7.179411666029707817e+01 7.758275979586269955e+01 8.410908126929861339e+01 9.247503891953353161e+01 1.010188481534528933e+02 9.641653847894180274e+01 7.640615637034603935e+01 6.225950555845869872e+01 5.225764518866571251e+01 6.495824062881511907e+01
6.634215400813491259e-01 2.066342150127528043e+01 2.212921142455994428e+01 3.297851006637728677e+00 2.329747578224068860e+01 1.944934905592545249e+01 2.614356199826643135e+01 1.769128129633241642e+01 3.768959215228239401e+01 4.818163024582618448e+01 4.699451451335634289e+01 2.699984027305570677e+01 3.285614472871149161e+01 1.417413498415869810e+01 1.511278149308655472e+01 1.605454471178256171e+01 1.700800730102814029e+01 3.700476795271045205e+01 4.664951991256289432e+01 4.113570051605029221e+01 2.253388670781196268e+01 4.252858585284621284e+01 3.807799498373886138e+01 5.806371987326609485e+01 7.359866957484499039e+01 7.066873162440269596e+01 7.046690539429307876e+01 7.834858999096127263e+01 8.081890717696585114e+01 6.404222332721212751e+01 7.252358694446763820e+01 8.763796561438506671e+01 9.587546331690938928e+01 9.055893501084824493e+01 7.858998090984493956e+01 5.858315324348991027e+01 7.858997932762513017e+01
1.702428053490451232e-01 2.017024276637182822e+01 2.129438530963759124e+00 2.212921142435662247e+01 4.473305205406190588e+00 5.307362861634486784e+00 6.144336812271857795e+00 2.614356199732114661e+01 2.818558017945225913e+01 2.818558012693713266e+01 3.983138780486501673e+01 3.155040906412485668e+01 1.285823159423917161e+01 3.285614474102966653e+01 3.511010167718897179e+01 2.312560029816825136e+01 2.456727295906512509e+01 3.700476772356049082e+01 5.699406743941530351e+01 5.080443895216783545e+01 3.667449026109512999e+01 2.393761152048760010e+01 4.393167826944101506e+01 4.534874855596034138e+01 6.466830727240466103e+01 5.057498916645747045e+01 5.056613479587553428e+01 7.046690539421970811e+01 6.248268390456100718e+01 5.249780256141302459e+01 7.251745593111851917e+01 6.773285938992205502e+01 8.763796759470842801e+01 9.492816511919575362e+01 7.491806320968042598e+01 7.013318138896819676e+01 8.688118637585648685e+01
1.450734497938095391e-01 9.649935114845969997e-01 2.096490336249362585e+01 3.041299315747837184e+01 1.602027015221839790e+01 2.530671232974626861e+01 2.614356199820654325e+01 7.338499680324916952e+00 8.186688610004880573e+00 2.818558017994845954e+01 3.025835145467234355e+01 1.155218529734250410e+01 1.911146540206525657e+01 3.910862980237001807e+01 5.067766459878244234e+01 3.068476277670058394e+01 4.456210366924224076e+01 3.721515555929110519e+01 5.720443261480671282e+01 6.493438686299933238e+01 5.220673258547686402e+01 4.393167826953090582e+01 2.535537393045458998e+01 4.534874855417706385e+01 5.507412592546086927e+01 3.643223756619250508e+01 5.641450620795789206e+01 5.671385924040652071e+01 4.250056672210835274e+01 4.784506942920243233e+01 5.361658326598760027e+01 6.255154918790156415e+01 7.406731608206932549e+01 9.395145560603586432e+01 9.492816943201324875e+01 9.014222053752604324e+01 9.843587761699492944e+01
2.896770308316644060e-01 2.028967699055245077e+01 1.729488605490603348e+01 3.729460777569465790e+01 3.601910593585155596e+01 4.430186742530690935e+01 3.561990977037253714e+01 1.888542703164372583e+01 2.818558017957695583e+01 9.392733988315924876e+00 1.025984395784003844e+01 3.025835145475669563e+01 3.910862840795721240e+01 3.325267372531612153e+01 5.324615890246691663e+01 4.482388699459612269e+01 4.701032381094315582e+01 5.720443270548501147e+01 5.720443270635347943e+01 6.969470745606456319e+01 5.290406510793712869e+01 3.291457527543047945e+01 4.534874855305934460e+01 2.680823935483297760e+01 4.680083698102875900e+01 2.976565438513185669e+01 4.975645685462043133e+01 3.672731189515957340e+01 5.671385923990089850e+01 6.781291631003144005e+01 7.356292436057916007e+01 8.180400485301427693e+01 9.070814023267683979e+01 1.021892635259327022e+02 1.135904295045206140e+02 1.053414376537472492e+02 1.135904355576313520e+02
