LEM_wLE/output/LEM_woLE_example/elevation_000002.asc
nrows	100
cellsize	150.0
xllcorner	0
ncols	100
yllcorner	0
NODATA_value	-9999
[rows 0 to 16 of 100, columns 0 to 36 of 100]
7.773770046158816616e-01 2.077737696456241423e+01 3.999795348721038835e+01 4.326100448848664115e+01 5.154522843115928055e+01 5.222403814285700463e+01 5.514131453774271563e+01 4.685709927628588645e+01 5.085709922241334624e+01 5.512111348340290817e+01 5.970942806639332900e+01 5.970942758735752420e+01 7.970941242037285690e+01 8.623341043437436326e+01 8.623341046331896109e+01 1.062333918476896741e+02 1.062854581273542465e+02 9.805054199276577265e+01 9.719732467540923437e+01 9.719732467301527379e+01 1.171161357551210500e+02 1.162343448294980988e+02 1.103790032513366839e+02 1.147831298989631250e+02 1.133144256840906365e+02 1.215906909738139490e+02 1.203851153454505152e+02 1.145283496028192047e+02 1.188804969858996543e+02 1.188805113451193023e+02 1.271791608351536524e+02 1.370368905478574391e+02 1.453578856719173586e+02 1.574053687583521253e+02 1.491302514530246981e+02 1.573913152873704462e+02 1.541718154810251633e+02
1.667217412783970065e-01 1.171372712507081282e+01 3.171372699885444391e+01 2.326100464369579157e+01 3.483747440562875397e+01 3.222403854398028500e+01 4.151187448796161306e+01 2.685709946138928217e+01 3.085709946138921111e+01 3.512111378850126897e+01 3.970942846591234598e+01 5.970942808625841280e+01 7.358430002802367653e+01 6.623341140370666835e+01 8.623341047430989192e+01 9.876055604342157324e+01 9.051063438690064800e+01 7.809841796831830152e+01 7.724332128469382042e+01 9.135920092308894880e+01 1.112927976618006198e+02 9.622559677775608122e+01 9.037223123135898106e+01 9.483339909111792565e+01 9.334353393564168755e+01 1.100590497049373226e+02 1.004388254684757698e+02 9.460275362650457964e+01 9.893641466535601126e+01 9.893641468157747454e+01 1.188805118464656942e+02 1.170319894339856575e+02 1.370368905479726891e+02 1.474071115506037586e+02 1.291731136213539060e+02 1.474069957800674331e+02 1.342243069209936550e+02
2.375235533300354973e-01 2.023752351426720253e+01 2.749762898724422300e+01 1.171399925990347946e+01 1.483747449767557391e+01 1.808190292029076929e+01 2.151187462314088705e+01 3.565401024682187625e+01 5.085709922321892407e+01 5.512111348499639973e+01 5.970942806908610834e+01 4.755407387143942799e+01 5.358430076299448785e+01 6.772643638678297862e+01 8.772643469414231276e+01 8.724258306902470395e+01 7.054860528371365547e+01 6.656588335944876178e+01 8.653117780834514861e+01 1.054317476795151549e+02 1.080692699993921906e+02 9.558077551157495577e+01 7.626929137356623301e+01 8.072731521557054180e+01 8.182656568034617806e+01 9.172551187324877731e+01 9.492878476116800357e+01 8.057208966976389775e+01 8.489374790213661015e+01 1.047779041427186399e+02 1.029315216611924342e+02 1.170319894339843216e+02 1.370368905439056277e+02 1.391491173381130864e+02 1.191870739294391228e+02 1.291660809012275593e+02 1.342025268224315937e+02
2.578281697790204552e-01 2.025782813184054021e+01 7.497629046345677395e+00 2.749762898479384177e+01 3.483747440370373738e+01 3.808190280967583874e+01 4.151187448774889788e+01 4.979610134202030736e+01 6.393819185962552609e+01 6.123963267982942682e+01 6.952200362082264462e+01 6.755407331933378146e+01 7.358430002279990845e+01 8.186843819260344901e+01 8.108501772798473439e+01 7.282227952933088488e+01 5.901331796198770974e+01 7.898553760688908199e+01 8.652495550574984406e+01 1.064143874783569288e+02 9.918998895450997111e+01 7.976391928056413860e+01 6.735551286942343552e+01 6.921796166598940658e+01 8.730395675845106496e+01 7.184667089587722444e+01 7.507202658160146314e+01 9.492878263534561256e+01 1.047779037026393496e+02 9.298847375341269128e+01 1.129114054889841441e+02 1.311949372011092692e+02 1.447828597032932123e+02 1.365221834200482931e+02 1.291660808789979740e+02 1.091992477353543904e+02 1.206544736011700110e+02
6.835178870107115889e-01 3.457018868136851442e+00 2.345701882157561968e+01 3.578187403381829057e+01 4.504376189672188247e+01 4.344410536425429115e+01 5.172720970591247891e+01 5.489092900335892722e+01 4.969356608186012636e+01 4.124125871669093613e+01 5.538272391313464027e+01 7.537946126587924311e+01 7.099170016535680361e+01 7.554859689093312625e+01 6.728179048094732195e+01 5.284495294119743392e+01 7.282227786202714981e+01 8.724258327072770669e+01 9.345018680007220269e+01 9.631535789020466609e+01 8.506039396533145691e+01 7.094651927696131111e+01 5.981519400657435170e+01 7.976081368008190964e+01 6.739431694902978620e+01 8.730395676129094795e+01 9.492878244992475345e+01 8.490154149783113269e+01 1.044745073389056671e+02 1.129113799043447557e+02 1.212023099300545681e+02 1.370061642368686421e+02 1.287783527011748106e+02 1.165561784410784867e+02 1.238499855615637983e+02 1.155811446249134207e+02 1.006807492040318266e+02
8.765780624806145394e-01 2.087657802333779244e+01 3.174126794566529952e+01 2.504443709351802383e+01 2.504443705252737473e+01 2.344461863603323337e+01 3.616135721830486460e+01 3.489206456275212531e+01 2.969424184365937336e+01 4.969356608379070650e+01 6.952200216631526075e+01 6.513585688479354019e+01 5.101028914706309081e+01 6.513585706588261814e+01 4.729968552718240460e+01 6.728179047513917510e+01 8.108501779154858013e+01 8.759022895224457272e+01 7.345440746631223305e+01 8.218185585316959418e+01 6.806839829837574030e+01 5.683705978595087771e+01 7.679046796425996035e+01 6.318988417194030660e+01 8.312636302118757214e+01 8.730384077484319505e+01 1.072497217876660898e+02 1.044745072146952509e+02 9.699944478781659996e+01 1.104334953816351685e+02 1.300218536512525702e+02 1.255080926391763256e+02 1.088477108297148561e+02 1.050231788883476582e+02 1.108728147684744556e+02 9.560538551878913438e+01 1.155811446240913369e+02
3.336530771559016451e-01 2.033365303857863182e+01 2.374532940714662743e+01 5.044544081880009578e+00 2.504443709229419213e+01 1.189759259023520066e+01 1.616160768755550947e+01 2.074992566294814011e+01 4.074959637118838174e+01 5.797642978990774765e+01 6.330911942962348604e+01 5.503476127485438951e+01 3.687200135592514272e+01 5.686270893298846119e+01 4.364852694017390178e+01 5.778337659306795615e+01 7.775764366692085616e+01 7.758559923164791883e+01 5.933662952814498937e+01 7.118643317698942496e+01 5.395224374003669254e+01 7.391313830354779668e+01 8.505971509254032981e+01 8.312636302121484277e+01 6.920553734349374508e+01 8.072930622298203218e+01 9.486213793695920060e+01 1.148970150086879585e+02 1.137959020982947465e+02 1.242339471289522663e+02 1.312537203577597609e+02 1.114305526810082227e+02 9.731521795850974854e+01 1.066134819168267569e+02 9.089475464823803463e+01 1.108728147692921624e+02 1.238500689606095193e+02
2.692912384917900415e-01 2.026929119973596372e+01 3.745404476956742279e+00 2.374532940799018732e+01 6.350590378776693079e+00 2.635044877783301942e+01 3.616135721794924507e+01 3.489206456275852020e+01 3.707977615415446593e+01 5.707842353592698004e+01 5.322176192127707139e+01 3.504243649608388012e+01 5.503476127661287620e+01 3.872497810040685806e+01 5.871385344324332323e+01 6.215707170290885841e+01 7.042636259223932882e+01 6.674135622729311024e+01 4.934606544951618901e+01 5.121890719962729577e+01 7.118643203617156701e+01 6.547941651052474299e+01 7.699867034957908629e+01 9.695648347148157598e+01 8.072930807667935937e+01 7.650384539369615311e+01 9.658918697855717994e+01 1.132635532688656923e+02 1.227066580120046524e+02 1.358467117869645335e+02 1.322582662625646606e+02 1.122972363336062216e+02 9.817108183236335606e+01 8.663316477886432665e+01 1.066134819086563112e+02 1.191426639013230613e+02 1.185405028650787500e+02
2.740426242073276120e-01 2.027404258560703809e+01 2.829667383965480454e+00 2.282961324154991090e+01 7.302971331157649182e+00 2.144511065115574411e+01 4.144451986685135836e+01 5.489092903566790937e+01 5.707842353626829635e+01 5.322176189843211347e+01 3.322799574278679557e+01 5.142336117515640126e+01 5.969997480552122937e+01 5.871385344105213733e+01 4.074016820719658227e+01 4.217241323543698428e+01 6.215707207181030469e+01 4.676432394724081831e+01 6.674135622731809292e+01 6.275093318754955618e+01 7.945446919798106933e+01 8.543382649185417677e+01 9.370519674439242408e+01 1.052317435304989175e+02 9.486223442246571835e+01 9.658914219056647710e+01 8.470091372440117539e+01 9.216542581704358383e+01 1.053045162544376012e+02 1.291500777606542556e+02 1.359562891380911083e+02 1.180924260485372059e+02 9.811653411053887908e+01 8.398534394605958653e+01 1.003495684243165726e+02 1.043990835834501212e+02 9.854593778198641019e+01
8.627856460739585787e-01 1.537326044463000807e+00 2.153729997861949741e+01 2.825840960412811853e+01 8.258608296292649698e+00 2.825840961576576404e+01 4.212783991711987852e+01 5.041030079168511691e+01 6.195555858393167625e+01 6.149727675923531933e+01 5.142336117549455565e+01 3.142830883599876302e+01 4.963922175397011216e+01 5.791687863460417418e+01 6.072666069850479431e+01 6.215707207209893426e+01 4.422438205599276273e+01 6.420609448791404361e+01 7.500898966355036634e+01 8.270954128680939732e+01 9.097828612313013252e+01 9.278732695070044656e+01 9.936375023220018932e+01 1.078766271239429386e+02 1.149014226409932320e+02 1.134984574849891601e+02 9.855775701056563776e+01 1.132940273007677945e+02 1.229345763203959052e+02 1.262363667869957027e+02 1.170866509395923742e+02 1.172972805149349398e+02 1.122394172273142061e+02 1.003495684256329099e+02 8.036548616264356326e+01 8.441442493805223535e+01 1.043989964787597273e+02
2.490127916613376069e-01 2.024901275372979015e+01 2.982143141452015200e+01 2.921730513657547235e+01 9.217534899263425174e+00 2.921730513730183887e+01 2.212855263645178994e+01 3.367556795976786077e+01 5.367385813670335182e+01 7.276257594303729093e+01 5.615455102722725655e+01 4.787591436939116818e+01 2.964302070406114353e+01 4.378402426671132730e+01 6.377491863988409904e+01 6.670322619128005215e+01 4.672432565499765644e+01 6.670322619052747370e+01 7.034968131063686769e+01 9.028839871348088764e+01 8.439986347629869101e+01 7.253776077958525548e+01 7.893111887729334342e+01 8.811315339076179498e+01 1.005629081222422059e+02 1.230557405641097120e+02 1.179639181129471837e+02 1.218623360533448192e+02 1.132555350041242406e+02 1.061068437570210250e+02 1.172972805156665999e+02 9.765152282272198647e+01 1.049361674531771342e+02 1.086233437161997273e+02 9.684450606514512572e+01 7.685867087801001674e+01 8.770597617810413738e+01
8.485705281016824308e-01 2.084857048821211123e+01 3.589450626854169712e+01 3.750057150719146648e+01 2.921730513579063526e+01 1.058152357820438283e+01 3.058124601841229406e+01 4.448628023359098904e+01 4.448628023156410194e+01 5.440563616196028107e+01 4.612607177810867398e+01 2.787869605623832570e+01 4.787591436916201815e+01 5.791687845795318168e+01 6.412948646130172392e+01 7.241171591149330311e+01 6.670322619025759536e+01 5.037530740333257739e+01 7.034968205384070927e+01 7.698775029843815787e+01 6.433097809468443984e+01 8.439986347621963603e+01 9.937162074133347289e+01 1.078743966789665762e+02 1.178523370468311953e+02 1.323124427144983315e+02 1.279329177601269549e+02 1.072700982001227317e+02 9.297091095143099437e+01 9.185796571216079087e+01 1.087957846957713599e+02 1.049361663062061893e+02 8.506660758429164559e+01 1.049361663110098846e+02 9.873411168653326797e+01 9.045676889598627213e+01 7.357198593206518922e+01
5.097248530424480784e-02 7.610261945488756119e+00 2.175239756921005352e+01 4.175239738688009794e+01 3.155479451663162394e+01 1.155510834522686103e+01 3.155479451688425030e+01 2.448723384960086946e+01 4.448628023117163366e+01 4.612607177867402442e+01 2.612794352444369395e+01 4.438939682999293979e+01 4.714200002063661543e+01 4.997724188268936274e+01 4.411519033095558484e+01 6.412948648571510546e+01 7.860302364649764684e+01 7.034968205393586516e+01 5.422318271874434714e+01 5.702268104135070814e+01 7.698775029959483618e+01 7.830577380494969475e+01 9.234936867462573673e+01 1.121097716867300988e+02 1.288920605570934583e+02 1.350768578173445462e+02 1.220496263610628915e+02 1.110813614922685844e+02 1.003920262873723033e+02 8.027709734120692531e+01 1.003969148846002781e+02 9.833288873928198370e+01 7.840629022883594246e+01 8.985732877952037256e+01 8.746064686961720724e+01 7.046861467970458648e+01 9.045676889558625078e+01
2.550521787762166648e-01 2.025505213958305006e+01 2.394019356332833937e+01 4.394019320319141286e+01 3.983773307001298747e+01 3.155479451683671499e+01 1.294019506735575931e+01 3.293982542273234060e+01 5.276821591160675951e+01 5.108921272091767918e+01 4.280838334566678327e+01 2.439045452626709221e+01 2.713766613066988853e+01 2.996609636352212647e+01 4.997724186029724791e+01 5.435701089244329864e+01 7.438397479677111335e+01 8.243425578948861698e+01 7.419236739588436080e+01 7.698775030300711819e+01 6.202139316789241974e+01 8.194423846290023050e+01 9.565688534637067164e+01 1.074038237894254024e+02 1.105170792028090716e+02 1.259346231487221672e+02 1.131081606806461792e+02 9.214149974084956796e+01 8.206825654237105994e+01 7.450348134072663697e+01 8.820099148785128307e+01 9.651915294396886225e+01 8.985732865197762465e+01 6.988301143639456825e+01 6.747170734038076034e+01 8.746064686765234342e+01 9.045676889588222025e+01
8.916207294569349351e-01 1.503375635318124282e+01 3.503375621930729977e+01 5.222439890770568383e+01 4.361818527163919157e+01 3.392871941153389770e+01 1.392913142022408302e+01 3.392871939714836316e+01 4.953503186458042507e+01 4.125385099413212941e+01 2.280931569007246651e+01 4.280838334491121344e+01 4.714200001933161843e+01 4.997724188186737138e+01 3.433060379130313322e+01 5.435701095380297687e+01 6.360753525876208414e+01 7.191835068013034515e+01 8.351332732362011768e+01 9.013639414050970800e+01 8.194423848124677079e+01 6.767727702496296160e+01 7.918593078880752500e+01 9.906595100670922704e+01 9.941497740352230039e+01 1.167668435736404575e+02 1.212590407053263704e+02 1.105006601538811850e+02 1.003937717594873078e+02 8.820099104937764878e+01 6.818094421003773675e+01 8.820098159351870493e+01 8.183502791147769528e+01 6.454000624696735144e+01 8.452954098923910919e+01 9.573884058725010959e+01 1.000303894978165999e+02
5.108012481754142797e-01 1.205780663196836500e+01 2.619994225635055329e+01 4.619994334953847925e+01 3.533584924918785930e+01 1.533632650968500677e+01 3.392871941197003594e+01 4.221129098073881636e+01 3.971091926256053739e+01 2.125467153980176960e+01 4.125385099412309131e+01 3.349987391037794993e+01 5.349792404758878206e+01 6.264874520211903075e+01 5.435701095323091891e+01 3.904570763542140099e+01 4.352101629203272637e+01 5.511158278580417402e+01 7.521322257203614470e+01 8.681834403373414943e+01 9.565688520228125924e+01 8.752341538514257024e+01 7.433372664118687112e+01 9.403324803403602061e+01 9.067234814505773954e+01 1.044082642491473649e+02 1.233648638363236216e+02 1.053123109498547905e+02 8.626664724433247500e+01 7.234060197280274451e+01 6.418264078124811078e+01 7.917635730436248309e+01 6.184441173677635106e+01 8.183502807785070843e+01 9.280848583468409174e+01 1.000303892199303988e+02 8.003496532851517031e+01
5.195627768054871254e-01 2.051956273836983868e+01 3.688283834234886882e+01 4.688285546114205715e+01 4.361818551386436127e+01 3.533584924836594610e+01 1.675231116049682356e+01 3.675176281361209618e+01 1.971163803980141793e+01 3.971091926160997332e+01 4.953501447785633616e+01 5.349792404829342019e+01 4.764169690132860069e+01 6.763726612684270378e+01 6.427430932587299139e+01 4.421402457284256826e+01 6.360753453536518265e+01 5.139210618112254991e+01 5.810779312855160583e+01 7.248399973009433950e+01 9.281076369905274248e+01 9.967944527643606989e+01 9.403324803358813710e+01 8.184886004136569682e+01 1.013840660123868247e+02 1.174346142811260876e+02 1.098836230988438700e+02 1.006221522177173284e+02 1.003937710700710113e+02 9.219849468417939420e+01 7.917635730401538297e+01 5.918492272803634080e+01 7.687577381352279815e+01 8.515768440074049295e+01 9.850989216210045640e+01 9.022673168625233586e+01 8.370419017644616133e+01
