LEM_wLE/output/LEM_woLE_example/elevation_000007.asc
nrows	100
cellsize	150.0
xllcorner	0
ncols	100
yllcorner	0
NODATA_value	-9999
[rows 17 to 33 of 100, columns 37 to 73 of 100]
5.846209971588508836e+01 6.979203133438959128e+01 8.979203132514835772e+01 1.006199179893412321e+02 8.061991803455165950e+01 7.168441062677696607e+01 5.168441062834411071e+01 7.168441062677696607e+01 8.150487242540972943e+01 9.564700785346147427e+01 9.892940153867533581e+01 8.175525242823205474e+01 8.175525242823204053e+01 6.765293067726781828e+01 8.765293067323982257e+01 1.037818468480245429e+02 1.153288518991261924e+02 1.034898603324099895e+02 8.348986034446643600e+01 7.194285496067473673e+01 9.194285495557878107e+01 1.018029441774529715e+02 1.018029441774529715e+02 1.218029440426758185e+02 1.406023937314890873e+02 1.386754509203781822e+02 1.286754517681649190e+02 1.203911820444013472e+02 1.137245153865410288e+02 1.041587545965384578e+02 8.415875460666561025e+01 1.007537284752278879e+02 1.041453034485847553e+02 9.586103279267049970e+01 9.476668148269477854e+01 9.367721206162154601e+01 9.014954501289069810e+01
5.346209971588526599e+01 7.346209971413927065e+01 8.503065785919555708e+01 9.331492876039826001e+01 8.061991803455165950e+01 6.061991803751909202e+01 5.061991803751944730e+01 7.061991803603574169e+01 8.118283698319123687e+01 8.704070134217300847e+01 8.478726613954334823e+01 7.064513074041140328e+01 6.175525243107234985e+01 8.175525242823204053e+01 8.398286229568159911e+01 1.039828622744978475e+02 1.024379335441613819e+02 9.237828105326137518e+01 8.409401012331477432e+01 6.840732105474224056e+01 7.473187637507855641e+01 8.180294418694353453e+01 9.594507981064397484e+01 1.159450797783451748e+02 1.206023939343293563e+02 1.347445272929384430e+02 1.311362996010413724e+02 1.272627361868343598e+02 1.189784665313700884e+02 1.124430250384869510e+02 1.041587545965384578e+02 1.124430250384869510e+02 1.158615371909574350e+02 1.075772669908240289e+02 1.085753182554575886e+02 9.014954501289069810e+01 7.014954501770090189e+01
6.529989133589481298e+01 7.088852223926231488e+01 6.503065786456613750e+01 8.503065785919555708e+01 8.370649402851785226e+01 6.370649403331014327e+01 4.956435840958096151e+01 6.808185977495763552e+01 6.118283698739763565e+01 6.704070136243464617e+01 7.650299511458928237e+01 5.650299511668362840e+01 7.650299511458928237e+01 9.003952340271344212e+01 1.039828622744978475e+02 9.858893182427260626e+01 8.829579819492740000e+01 7.415366284569336131e+01 6.409401012660499930e+01 8.409401012331477432e+01 9.473187636894334673e+01 1.018029441774529715e+02 1.100872147843383573e+02 1.138111476486598548e+02 1.064602583115012777e+02 1.264602582511878381e+02 1.111362998910182682e+02 1.111362998910182682e+02 9.897846656640045637e+01 1.157157314672732156e+02 1.177650688832710131e+02 1.153702595008367950e+02 1.043145322418803005e+02 8.757726700832546385e+01 8.857531832492915669e+01 8.857531832492915669e+01 6.949686968453610802e+01
4.529989133698189363e+01 5.088852224083765208e+01 7.088852223926231488e+01 8.161350382882832832e+01 8.956435838527966098e+01 6.956435840817555061e+01 6.808185977495763552e+01 4.808185977625880980e+01 4.704070136366813415e+01 6.557815651427063131e+01 6.859326995984528708e+01 5.312237809776967623e+01 6.726451372149807639e+01 8.726451371556460401e+01 9.493744816880179371e+01 8.444679643768495225e+01 7.030466105109725561e+01 6.001152722196665934e+01 8.001152721934795409e+01 9.237828105326137518e+01 1.068402750580135745e+02 1.151245453743090792e+02 1.138111476486598548e+02 9.381114767084342532e+01 1.043830572432972730e+02 1.126673276673896993e+02 1.111362998910182682e+02 9.113629991328193114e+01 8.743146118260911237e+01 1.067714598617380801e+02 9.776506901590143173e+01 9.776506901590141752e+01 8.708598971044604298e+01 7.603026162453376458e+01 8.770203081393891864e+01 6.857531832936798821e+01 7.054597688569644731e+01
6.332923277967341846e+01 4.332923278065337058e+01 5.332923278065301531e+01 7.332923277869313949e+01 8.698315689392579486e+01 7.869888595188818670e+01 7.636613086126411076e+01 6.808185977495763552e+01 6.419802539566485677e+01 4.557815651541392299e+01 4.859326996119145292e+01 6.859326995984528708e+01 8.140664914747446801e+01 9.071535821195446658e+01 8.079531275159943959e+01 6.665317733439687231e+01 5.616252542736928888e+01 7.616252542525448632e+01 8.829579819492740000e+01 9.269813944891343738e+01 8.684027507870463580e+01 1.068402750580135745e+02 1.220954176656619552e+02 1.043830572432972730e+02 8.438305725502345922e+01 9.682376778754529312e+01 1.051080384303942594e+02 9.848718926442562349e+01 7.848718927261057843e+01 9.848718926442562349e+01 9.776506901590141752e+01 7.776506902512149111e+01 8.621806363743283441e+01 6.708598971453523063e+01 6.770203081816889323e+01 8.770203081393891864e+01 9.054597688039491743e+01
6.007515204640974815e+01 4.197775802385444166e+01 6.197775802294074055e+01 8.161350382882832832e+01 7.805788006562033843e+01 5.869888595701797129e+01 6.236895433752212625e+01 6.282279706739310399e+01 4.419802539672925690e+01 6.419802539566485677e+01 6.859326995984528708e+01 7.687754104256273990e+01 8.485749359138900161e+01 7.071535822047394504e+01 7.251104170893965772e+01 5.251104171066830872e+01 7.251104170893965772e+01 8.444679643768495225e+01 9.269813944891343738e+01 7.269813945499021202e+01 9.220991780082374589e+01 1.004941885891417002e+02 1.104941883348288769e+02 1.126673276673896993e+02 9.682376778754529312e+01 7.682376779483944063e+01 9.033491094468179483e+01 8.607089661862049468e+01 7.314196443436246398e+01 9.314196442836502854e+01 1.060493395718359722e+02 8.621806363743283441e+01 6.621806364132979184e+01 8.621806363743283441e+01 8.770203081393891864e+01 9.598630162301412838e+01 7.649787924821436036e+01
4.007515204723652857e+01 5.918932606044205613e+01 6.747359719710696879e+01 7.805788006562033843e+01 5.805788007055481614e+01 6.172794845109479667e+01 4.236895433848661696e+01 4.282279706838424715e+01 6.282279706739310399e+01 6.406415449948072194e+01 6.457935155170297037e+01 7.286362265288634887e+01 7.485749368077485144e+01 5.657322259674783993e+01 6.709826730820036289e+01 5.004921189108173962e+01 7.004921188956589617e+01 8.635205316884540139e+01 7.806778218049760198e+01 6.513884999480619342e+01 7.220991780667117155e+01 8.220991780667046100e+01 1.022099177949759365e+02 1.152474893982183488e+02 1.051080384303942594e+02 9.033491094468179483e+01 7.033491094960939449e+01 6.607089662249748585e+01 8.159876066448813958e+01 8.988303157783462893e+01 9.303002629405068546e+01 8.474575543144949563e+01 6.560721641954830829e+01 7.715422180334000757e+01 9.715422179442593631e+01 9.872010145997778352e+01 7.872010147043643258e+01
3.874477183676109604e+01 3.918932606123546947e+01 5.918932606044205613e+01 6.810306979827518603e+01 6.108809176297942400e+01 4.172794845202242442e+01 6.172794845109479667e+01 6.282279706739310399e+01 4.354946948789698524e+01 4.406415450055195038e+01 4.457935155280891593e+01 6.457935155170297037e+01 6.583222769774906169e+01 4.657322259674819520e+01 4.709826730949086482e+01 4.762385564071848876e+01 6.762385563938640587e+01 7.203755528967934652e+01 5.806778218294120819e+01 6.961478756673291457e+01 8.961478756095162623e+01 1.004941885891417002e+02 1.104941883348288769e+02 1.069632193083958782e+02 8.696321933926992642e+01 9.063328771504983195e+01 8.905436079982825959e+01 8.077008987416067498e+01 6.159876066749821177e+01 8.159876066448813958e+01 8.474575543144949563e+01 6.474575543504046493e+01 8.474575543144949563e+01 8.560721641578064123e+01 1.054384923686826170e+02 1.070043715401303501e+02 9.286223709414886684e+01
5.814861950559626536e+01 5.918932606044205613e+01 3.981879866610191243e+01 5.981879866527687994e+01 4.108809176387146067e+01 6.108809176297942400e+01 7.001221957237643778e+01 7.183374059574835258e+01 5.509647487168908953e+01 6.406415449948072194e+01 6.457935155170297037e+01 4.530916191797771830e+01 4.583222769894364745e+01 6.583222769774906169e+01 6.709826730820036289e+01 6.762385563938640587e+01 4.838607157468516817e+01 5.203755529138614833e+01 6.203755529138579305e+01 8.203755528797221075e+01 9.789905837218942963e+01 1.067475332885440764e+02 9.846326269375751394e+01 1.067475332885440764e+02 9.063328771504983195e+01 7.063328772093839802e+01 7.994283804170120789e+01 6.077008987703319320e+01 8.077008987416067498e+01 6.244353787368920905e+01 8.244353787053223925e+01 6.413801830957773120e+01 8.413801830610596255e+01 9.796929104898885043e+01 1.138914862979742963e+02 1.211465059861118050e+02 1.102703575354212688e+02
6.643289064802355881e+01 6.810306979827518603e+01 5.981879866527687994e+01 4.044905215776514495e+01 6.044905215690747724e+01 6.108809176297943111e+01 8.108809174806515330e+01 8.338074588322361080e+01 7.509647486923434201e+01 8.187600111110423029e+01 6.851172499270182925e+01 4.851172499407935135e+01 6.583222769774906169e+01 7.411649878909841505e+01 6.915730146050299254e+01 4.915730146196484185e+01 6.838607157328992514e+01 7.203755528967934652e+01 8.032182633305468755e+01 8.203755528797221075e+01 1.020375552359805624e+02 9.674753352257799577e+01 7.846326270302807870e+01 9.674753352257799577e+01 9.891755846585242296e+01 7.994283804170120789e+01 5.994283804444217623e+01 7.911910195753974051e+01 8.740337290665424064e+01 8.244353787053223925e+01 6.328944774256481054e+01 8.328944773925411482e+01 6.968502027182962877e+01 8.968502026702535090e+01 1.039995178131046885e+02 1.139995174861883953e+02 1.244124916529889759e+02
6.808632556716399620e+01 8.044905214254757198e+01 6.044905215690747724e+01 6.044905215690747724e+01 4.444905215776500995e+01 6.444905215669292886e+01 7.817663377299999183e+01 8.972363903830590459e+01 8.742300302201630302e+01 7.359173007224035246e+01 5.359173007408679723e+01 6.851172499270182925e+01 6.116083563475242357e+01 8.116083563100512777e+01 7.744157252303726580e+01 6.915730146050299254e+01 4.992968072378280908e+01 6.992968072225144738e+01 7.898864528183044342e+01 9.313078070416550247e+01 8.831029762148560280e+01 8.846326269839343581e+01 6.846326270302878925e+01 8.846326269839343581e+01 9.105299871069009043e+01 8.658516996811640354e+01 7.830089900792995650e+01 5.911910196015524832e+01 7.911910195753974051e+01 9.157371862607237745e+01 7.743158336629073801e+01 8.328944773925411482e+01 8.968502026702535090e+01 7.571524716338447547e+01 8.571524716338376493e+01 9.985738278706200788e+01 1.198573827402762078e+02
7.637059665172711220e+01 8.612894629924605283e+01 7.077360747653368378e+01 5.077360747810154606e+01 6.444905215669292886e+01 4.989236269728299078e+01 6.143936808107509506e+01 8.143936807759013163e+01 7.913873203378375365e+01 5.913873203633889375e+01 7.359173007224035246e+01 8.187600111110423029e+01 8.116083563100512777e+01 8.116083563100512777e+01 8.257879136028974187e+01 6.257879136445588131e+01 6.992968072225144738e+01 5.070437423576631630e+01 6.484650985949515700e+01 8.245243301350080856e+01 6.831029762819234463e+01 8.179659603327235118e+01 6.179659603636259391e+01 7.633826475827740410e+01 7.105299871854981575e+01 7.748440242711639314e+01 5.830089901042605049e+01 7.830089900792995650e+01 6.728406776943192824e+01 8.728406776501206821e+01 9.743158335500457667e+01 1.032894476867070068e+02 9.571524715650652126e+01 9.571524715650650705e+01 8.355989256891128036e+01 1.035598925575944094e+02 1.218441625368355119e+02
8.482359110171844918e+01 7.784467528754143473e+01 5.784467528996677288e+01 6.491574310183013097e+01 7.817663377299999183e+01 6.989236269581002148e+01 5.621691801761952689e+01 7.621691801546539580e+01 8.742300302201630302e+01 7.913873203378375365e+01 6.531086603482214059e+01 7.685787141861383986e+01 9.685787140987039834e+01 1.011608355760851055e+02 8.257879136028975608e+01 8.257879136028974187e+01 7.125298901615785496e+01 5.125298901781470562e+01 7.125298901615785496e+01 7.337635442012128806e+01 5.416816200446402974e+01 7.416816200249712665e+01 5.576636914480753404e+01 5.633826476050811038e+01 5.691086309482196270e+01 5.748440242949835266e+01 7.748440242711639314e+01 8.658516996811640354e+01 8.728406776501206821e+01 7.671215818525189434e+01 8.825916356904359361e+01 1.082591635492613449e+02 1.157152470531901827e+02 1.118441629892206777e+02 9.770202819260751426e+01 9.355989256891058403e+01 1.035598925689098735e+02
8.727276570119836663e+01 6.727276570578673898e+01 7.784467528754143473e+01 7.417460690844411886e+01 9.320001399202264736e+01 8.450118904387291252e+01 6.621691801761882346e+01 6.406156342314633889e+01 8.406156341960192435e+01 9.016157853066951589e+01 7.016157853554845758e+01 9.016157853066951589e+01 1.051421421002035572e+02 1.108630614251704571e+02 9.829108085674702977e+01 7.829108089689269434e+01 7.180222405248434825e+01 5.180222405419578280e+01 7.180222405248434825e+01 5.337635442199916014e+01 7.337635442012128806e+01 5.496152550822202443e+01 7.496152550616213261e+01 7.633826475827740410e+01 7.691086309251680575e+01 6.455547024136333789e+01 7.013351307017097724e+01 9.013351306369122540e+01 1.049964287980611317e+02 8.825916356904359361e+01 1.049964287980611317e+02 1.165434337440083539e+02 1.094589977955354385e+02 1.177432706018074953e+02 1.177020281540878841e+02 1.135598925462771547e+02 1.218441625368355119e+02
9.483205515859447132e+01 7.483205516597075757e+01 9.483205515859447132e+01 9.417460689564742893e+01 1.024588775925423789e+02 9.450118892288917039e+01 8.035905364133745366e+01 7.009179031470118559e+01 9.009179030962680201e+01 9.619180542011829971e+01 7.619180542710330428e+01 8.649151015392494912e+01 1.064915101283076524e+02 1.058503702934727642e+02 8.585037035553742157e+01 7.829108089689269434e+01 5.829108089942605631e+01 7.180222405248434825e+01 5.258578500695708868e+01 7.258578500516456700e+01 8.166062543996304157e+01 7.496152550616213261e+01 5.988518514739516263e+01 7.988518514466257159e+01 9.283974111690919528e+01 8.455547023767863379e+01 7.720458088203595537e+01 8.646344468843685149e+01 1.064634446546985913e+02 1.082591635492613449e+02 1.165434337440083539e+02 1.061962645720394534e+02 8.945899777203614178e+01 1.061962645720394534e+02 1.186369765030575820e+02 1.163567031019198197e+02 1.246409766268620842e+02
8.829446500242794116e+01 9.483205515859447132e+01 9.116198678418550116e+01 1.111619867458405224e+02 1.120685013996063901e+02 1.086433242044408871e+02 9.675845697375589793e+01 7.675845698136738804e+01 9.675845697375589793e+01 1.028584720832920425e+02 8.285847209376950673e+01 1.028584720832920425e+02 1.147757804455297048e+02 9.999250596945658742e+01 7.999250598333256335e+01 6.585037035961006779e+01 7.829108089689269434e+01 7.695014280938396212e+01 5.695014281167678405e+01 7.109227843540448077e+01 9.109227842758744487e+01 8.816945609502610637e+01 7.402732077112189302e+01 6.523040998564327708e+01 7.937254560936754899e+01 9.937254559665782949e+01 8.875158626582361876e+01 1.054888514566968212e+02 1.147477147426831152e+02 1.138063896273141467e+02 1.055221168710293256e+02 9.791199239817520095e+01 7.791199238824280826e+01 9.035270293423596399e+01 1.022145674440520366e+02 9.635670305364308774e+01 1.163567031019198197e+02
7.415232962689471208e+01 9.415232961723224037e+01 1.111619867458405224e+02 1.062106374637967861e+02 9.206850137601720974e+01 1.062106374637967861e+02 1.050427277197944846e+02 8.675845698136667750e+01 1.050427277197944846e+02 1.111427426691243596e+02 9.285847209376879619e+01 1.111427426691243596e+02 1.089443811043993691e+02 8.894438112719221579e+01 7.739737574340176707e+01 7.999250598333256335e+01 9.413464123065223532e+01 8.229536764679592409e+01 6.229536764992508324e+01 7.328007443016711875e+01 9.328007441802225230e+01 1.023115914189302771e+02 8.970254593583923963e+01 6.970254594064255116e+01 7.787952062631589456e+01 9.787952061617120592e+01 1.087515862421193304e+02 1.170358563763284678e+02 1.089708676880078997e+02 1.006865953387139427e+02 8.552211684040568684e+01 8.919218522747074474e+01 7.035270292805773806e+01 9.035270293423594978e+01 8.221456742987039945e+01 1.022145674440520366e+02 1.020707127536560677e+02
