LEM_wLE/output/LEM_woLE_example/elevation_000002.asc
nrows	100
cellsize	150.0
xllcorner	0
ncols	100
yllcorner	0
NODATA_value	-9999
[rows 17 to 33 of 100, columns 0 to 36 of 100]
4.336683913182175498e-01 8.598634200595407506e+00 1.859863420059523165e+01 3.274076982409034997e+01 5.274076910387351091e+01 4.503384939319359148e+01 3.675176281272258905e+01 1.817544729443855189e+01 2.119056076426961255e+01 4.118976799566804914e+01 5.137977210829815533e+01 5.965960916507303580e+01 6.763726587327953155e+01 7.591860401007868120e+01 6.983826931458168019e+01 4.977243186035915556e+01 6.984031501671663023e+01 7.158715290684374111e+01 7.158712484285611310e+01 7.106380362474658341e+01 8.631717204840947488e+01 1.087703961020474424e+02 1.093128294346614524e+02 1.013840660107090343e+02 9.598444884414236355e+01 1.044744682569770617e+02 9.716352584993205710e+01 7.963544905286106257e+01 9.706192000163248679e+01 9.550064403817266623e+01 7.550770833676050131e+01 7.687557625903185965e+01 5.688437936709539144e+01 7.461235827515065466e+01 8.289431785069368175e+01 7.023301256136154791e+01 7.836080603219031104e+01
5.385724909496417689e-01 2.053857245133555764e+01 3.382109970904835450e+01 4.210534204372711997e+01 5.210532603954610664e+01 6.248339780824875334e+01 4.420477219475569086e+01 2.420568076418793169e+01 4.118976797659500022e+01 2.560782412550186038e+01 3.138136173050568090e+01 5.137977221781371640e+01 6.965697725374494098e+01 8.120328565287420020e+01 6.983979193067423807e+01 6.984037865049275240e+01 6.050534866593791605e+01 8.056052555533328530e+01 9.176055566197697999e+01 9.186739513132718571e+01 1.003765055206548595e+02 1.011867680229932205e+02 9.269851937680451215e+01 8.438002915095820811e+01 7.591606158191689246e+01 9.274374491520187291e+01 8.829586613929706118e+01 6.800173280996223468e+01 8.774398990834600909e+01 9.616260099663524841e+01 9.550063913772160618e+01 8.515768436434618138e+01 7.461235827329964820e+01 5.462111895337346823e+01 7.461235814803534083e+01 5.869121096248715475e+01 6.719324623991323620e+01
8.336531950628578436e-02 6.750031986172923659e+00 1.382109979803846045e+01 2.382109979803863808e+01 4.382109973222187449e+01 5.420373130435951481e+01 3.420580247937324714e+01 4.420477210274016500e+01 4.938596900576222737e+01 2.938747730035775518e+01 4.938596934874765765e+01 4.138160127053805581e+01 5.292833324188700317e+01 7.292130887258778671e+01 8.986877386492292885e+01 8.056029024341523836e+01 7.469640281487517086e+01 8.885320501576092056e+01 9.732421676582268333e+01 9.887067833729992117e+01 1.047259122827370561e+02 9.192791880956032458e+01 7.282713908504629785e+01 6.436983304847697696e+01 6.436987111865512645e+01 8.438951417334584448e+01 8.056139234848831165e+01 6.043993559995701048e+01 6.791687086911225890e+01 8.790495954325483297e+01 1.032447405023905986e+02 8.457952321308859212e+01 6.458718025130376361e+01 5.304590145790041333e+01 6.868728176365959825e+01 4.869718515168568018e+01 4.720365515023789271e+01
4.524162703296725763e-01 1.045241627032958576e+01 3.045241618923567017e+01 4.210533933985408339e+01 5.210532571133317248e+01 6.248322922130410717e+01 4.834757759186662440e+01 5.420369884047098452e+01 5.766535742692114042e+01 4.093482606821222447e+01 3.555970178856995290e+01 5.555635167379069372e+01 5.770977258282961486e+01 7.184662842755844281e+01 9.182992440805024614e+01 1.005731091064847362e+02 9.471826066768289820e+01 9.146682052620337799e+01 7.732909884828723079e+01 7.887582160352762628e+01 8.473217955034712645e+01 8.361716675445370583e+01 6.360722055442280976e+01 5.282620539658721270e+01 7.282713493374772895e+01 8.713033065485122108e+01 7.381247990646519952e+01 5.377509782882046352e+01 7.381247973368515147e+01 8.319169946358127277e+01 8.319169944945993223e+01 9.286212003362142298e+01 8.131892250036167979e+01 6.498705511603375840e+01 5.085214069724384700e+01 6.868728176248545481e+01 6.520431904935071543e+01
4.402443450947634007e-01 2.044024430633399803e+01 3.045241618771542491e+01 5.045241453576434765e+01 4.818498371200622188e+01 5.646343037004835708e+01 6.834173869312392924e+01 7.419540098327627220e+01 6.929421046534119455e+01 6.095279260482762851e+01 4.450428071233996263e+01 4.311927348915501312e+01 6.311282651171161007e+01 7.989186097913258777e+01 8.987805358994515359e+01 9.813162259684953881e+01 8.813431614589498508e+01 7.985288794927838296e+01 6.318996315170750933e+01 6.473663012479433121e+01 8.473217941904459849e+01 8.275139912191458791e+01 6.727911404173303822e+01 4.728145080736108952e+01 5.882444235150755674e+01 7.882748928258853027e+01 6.879697679452993953e+01 4.877714442823217667e+01 6.879697676175038623e+01 6.316410805567302589e+01 8.319169946505417101e+01 9.994742656738308995e+01 9.326253443304729274e+01 7.912479290742500382e+01 7.084278676262196939e+01 7.912479165453544283e+01 7.348627006127864547e+01
4.237187090225543740e-01 1.456585433274761776e+01 3.456585420577764012e+01 3.404452477869502047e+01 2.818735491037282159e+01 4.818498370216906324e+01 5.607250065957971685e+01 6.387054956354563018e+01 7.454223657617998811e+01 7.274663508121180655e+01 5.605055808586263311e+01 6.311282638838657277e+01 5.164751396267836014e+01 6.164637018097202770e+01 8.162364415308066157e+01 8.985079959485702261e+01 6.985497794916615533e+01 5.985745575297585930e+01 5.319290323650736241e+01 6.686481876410992697e+01 7.514652822004826760e+01 7.445965526546824265e+01 5.446158523962724018e+01 4.291925336778193412e+01 6.291376413729062733e+01 7.373765814120139339e+01 6.419942502894691927e+01 4.419112152154094986e+01 5.051497376078144441e+01 7.052513849728173057e+01 7.994927154800652147e+01 7.994927153751754645e+01 9.508041478818140035e+01 8.679695745778056448e+01 9.005579033856282933e+01 7.997568413744217253e+01 5.998298596984522391e+01
9.142864485297492738e-01 2.091428640704910435e+01 2.827147029438005177e+01 1.404529447261318431e+01 3.404452477872727911e+01 4.606644005436341160e+01 3.606920338101223678e+01 4.606973837818829054e+01 6.615649379966819765e+01 8.426385973488896752e+01 7.602427527779001082e+01 7.989606100971074909e+01 6.319260162151719129e+01 7.989623954374826553e+01 8.987921637908988259e+01 9.813161848020799027e+01 8.813431529990202762e+01 7.985288792175103367e+01 6.686481962676000990e+01 4.687069906989225387e+01 6.109301401561859279e+01 6.937473950062462791e+01 5.899226299950922936e+01 3.899928706631217068e+01 5.374154638864096256e+01 5.374154638365478576e+01 5.466207653573284375e+01 3.982943525354256309e+01 5.982925640314504534e+01 6.730283131586634227e+01 5.995349382326692478e+01 7.994927154749778708e+01 8.353564524075017061e+01 6.680161908141221261e+01 7.591719550919306414e+01 6.177859808841210310e+01 5.998298596663389759e+01
9.064013007315497861e-01 4.557885017432641739e+00 8.271791780973646979e+00 2.827147028348656832e+01 2.090523784049380751e+01 2.606921552621207283e+01 4.606644009927970984e+01 6.437041609405216036e+01 7.456968952777954485e+01 7.318836119017969111e+01 7.316433631160745676e+01 8.145911308545963436e+01 8.315251787133439620e+01 9.139334127175632716e+01 1.005737856733828579e+02 8.907955325322053852e+01 8.081547788103203800e+01 7.374867897319397514e+01 6.772127659554240608e+01 6.109301399574940206e+01 4.109983603845743261e+01 6.109301399507106822e+01 6.727833614605994228e+01 5.374154627299682119e+01 3.375069530965594566e+01 5.071914223872230565e+01 3.466919681824184352e+01 5.153519123510176314e+01 5.730607242316014549e+01 4.730931370649130230e+01 6.730283131133322172e+01 8.047489909011147802e+01 7.525264346785425573e+01 5.525971710990742736e+01 6.370972191765854120e+01 4.764439496661675832e+01 5.805930600044732870e+01
3.063610709598194592e-01 2.030636103201627307e+01 2.827147029595748151e+01 3.655418098292037143e+01 4.090349649602435278e+01 4.606644005470257497e+01 4.239473556129237863e+01 6.230625729660065559e+01 6.732952414764194771e+01 5.314352046023943643e+01 5.314268151068731783e+01 7.313468043044460387e+01 7.817344025497102677e+01 8.689415063633879299e+01 9.234536124556989023e+01 7.236919332145509998e+01 6.082506771543364010e+01 5.375619683769462398e+01 4.772817935680230761e+01 4.238532655772423396e+01 3.738809402119432690e+01 5.321179229856840465e+01 5.802492898127793808e+01 4.974267037042609729e+01 3.032337590593654042e+01 3.072970505598485857e+01 3.113645787588195191e+01 3.154610722999554184e+01 3.731515463842299596e+01 5.144989581129620859e+01 7.144413292254434111e+01 6.047985372588325248e+01 7.461906055566525708e+01 6.370972181397896605e+01 4.372031646119035031e+01 3.765316531807292222e+01 3.807307784280007468e+01
2.739570439748240105e-02 2.002739566580662611e+01 2.406505488835178141e+01 3.820719050608198586e+01 5.820718906402251491e+01 5.597650580516654628e+01 6.233231747601537620e+01 5.837867203943002892e+01 5.006253848987793731e+01 3.899437339873096420e+01 5.314352026525983774e+01 7.318826517493967287e+01 5.798663794281858941e+01 7.496192929091283474e+01 8.523034946073650531e+01 8.907953753960732968e+01 8.081547783927206297e+01 7.374867897176183362e+01 6.772127659450170256e+01 6.237829045704109632e+01 5.321179229946212530e+01 3.322062104460056986e+01 4.917305397943579948e+01 2.975285866950468971e+01 4.974267037824380111e+01 4.226927734148497962e+01 5.112572511166218447e+01 5.153519123538531232e+01 3.212727146238993470e+01 5.211608703034815449e+01 5.369221934163724086e+01 4.634427232080091841e+01 6.633626692403483105e+01 5.704658669734992316e+01 3.705996258098240048e+01 5.645504139785259667e+01 5.805930599976655060e+01
1.758338105654860817e-01 7.735123270749997282e+00 2.187725889448293515e+01 4.187725876545746928e+01 3.963200964789400871e+01 3.595866791801289963e+01 5.597650580473935378e+01 5.006253827100895393e+01 3.004956350544436816e+01 4.856733473388209177e+01 5.265528660181402643e+01 5.702746335018161972e+01 4.642987753473958890e+01 5.643603484013081584e+01 7.661078013213912641e+01 8.909077374940754623e+01 7.918201841973791488e+01 7.095409082511828558e+01 7.919066558816587076e+01 6.843558297994171369e+01 5.689201703133394261e+01 4.860968745929491064e+01 2.918304891017038472e+01 4.917305398188351973e+01 4.974267038438773625e+01 6.226187235256078623e+01 7.054475780265011053e+01 5.252701200503669554e+01 3.253838809929129638e+01 5.252701200417866545e+01 3.370413868155127091e+01 5.369221934214477443e+01 5.468957034081259394e+01 6.297146964463300378e+01 5.586439371684750910e+01 3.646817617865808359e+01 4.800583581810970912e+01
4.683972685643240652e-01 2.046839722857367505e+01 3.601936735264047940e+01 3.897978939794489150e+01 1.962603356471133154e+01 3.897978955068823126e+01 3.771979738871446841e+01 4.034716834632883575e+01 2.470431898571978024e+01 2.855332618462824001e+01 3.263583003667280735e+01 3.700026019837888924e+01 5.114908543266682983e+01 7.121957589159039514e+01 8.506696612914146272e+01 8.088972991940634927e+01 6.097268793857300295e+01 5.097631534234352557e+01 6.096856354372101094e+01 6.015275144791198869e+01 4.015957326528300797e+01 2.861951749067264217e+01 4.860968745735696217e+01 4.550411590514070781e+01 6.549795632651236588e+01 7.802007797569953595e+01 6.666392530417815010e+01 4.667131078754579221e+01 5.252701200080464616e+01 3.312077311651363942e+01 5.310912466129666143e+01 3.428848782600057632e+01 3.470194315772152294e+01 5.468957033966739800e+01 3.587727958739658618e+01 5.586439371628232919e+01 5.645504140220634781e+01
2.051881798473268459e-01 2.020518814064309510e+01 2.534438756578455454e+01 2.750198435944901121e+01 1.068173017239682920e+01 3.068506517071138617e+01 1.771383094451523021e+01 2.033995967319001963e+01 4.034716836376830429e+01 4.856733625566974411e+01 5.265528660485721701e+01 5.702746038149485486e+01 4.769301892030603796e+01 6.185318934554987180e+01 8.198193477073648694e+01 8.908328437845025860e+01 7.509480875317598247e+01 5.511663618598579006e+01 4.098018411896205748e+01 5.281030376041036334e+01 4.764972886296042276e+01 2.822160374456794685e+01 4.235584911227803673e+01 6.234957701672453823e+01 7.378104057957826001e+01 8.176506528234889970e+01 7.494683400960998654e+01 6.666392530337026301e+01 6.139113969915594993e+01 4.311335753182971331e+01 6.139114027568189158e+01 4.842072916531680704e+01 5.468957034065943645e+01 3.528726872825970418e+01 5.527463930657437885e+01 5.000893081010597996e+01 7.000073163408303856e+01
8.187695587851057111e-01 2.081876951926011188e+01 5.342845571521128711e+00 7.499501035591569220e+00 2.750198436093088006e+01 1.406234719354871743e+01 3.406682856136802684e+01 4.034716824754789855e+01 2.850499777709854143e+01 3.744985161180390065e+01 4.900078550579502945e+01 6.904120849884013467e+01 5.925002890822621282e+01 7.613513026445261289e+01 8.838073078956190898e+01 7.837415659145329982e+01 7.008212832943760873e+01 6.341669448972029954e+01 5.281030379677670084e+01 3.281954824045704555e+01 2.765932356885725696e+01 4.764972886346259173e+01 5.649423466849307829e+01 6.872322980289733607e+01 7.590822091913419456e+01 6.176775843925888410e+01 6.762483715450977684e+01 6.981235507574994870e+01 7.138759247732306790e+01 6.310489181732496178e+01 7.138759373733070390e+01 6.841290259941932561e+01 5.865334895744212673e+01 3.866466372306360455e+01 5.865334895824341288e+01 7.000073164771140455e+01 7.828348709691955776e+01
2.311624522989861319e-01 2.327732125742826952e+00 2.232812325459588365e+01 1.905416693480539081e+01 3.579394493268460309e+01 2.820545742634874742e+01 2.560963431251677491e+01 4.562553983599671170e+01 3.850586031163346235e+01 4.851725297271865855e+01 6.579492382623743651e+01 7.738095599144583048e+01 7.935462504863212985e+01 8.778339453812120041e+01 8.008148728429041796e+01 6.008330838134180141e+01 5.008612363627514696e+01 4.342184446296013789e+01 3.739433935270924536e+01 3.162422133930740387e+01 2.726314867978521050e+01 4.669587591481172950e+01 4.044592685505895702e+01 5.458457867636219163e+01 5.949101449065858560e+01 4.762899767989805611e+01 4.762899768143289947e+01 4.981629787117083197e+01 6.981235507619378211e+01 7.589900967719187008e+01 8.418265819831073316e+01 7.279052281022904936e+01 5.279753982321717132e+01 5.865334896918499652e+01 4.410330962008155353e+01 6.409418774634541194e+01 7.967856688565426282e+01
9.845726073866658545e-01 2.091538550803085528e+01 2.997815163235189573e+01 3.930163691054843866e+01 4.795547596278674973e+01 4.822877823615460358e+01 3.715849054028915077e+01 5.395354478938648413e+01 5.265603101912196138e+01 6.685985106060400085e+01 7.690780323742926328e+01 7.648127975697893532e+01 7.648113639983678524e+01 9.658706920655075123e+01 8.838062285588731015e+01 7.837510403330800557e+01 7.008197195929643897e+01 6.230372603647917629e+01 4.230933231649395054e+01 5.161627341649744238e+01 4.669587591399912441e+01 2.670528646046568610e+01 2.631143755097007286e+01 4.574562495845110277e+01 3.949659746288092066e+01 4.496033021929082452e+01 3.349201260347910392e+01 5.348564274640038718e+01 6.175907376635517210e+01 5.590212054130240205e+01 7.589900967753287375e+01 8.107366217604420910e+01 7.279052280862507018e+01 7.041646745527138762e+01 5.042366316217142952e+01 5.140158423701497270e+01 7.139465035484445821e+01
3.295302290958179725e-02 1.418421269901227788e+01 3.429639471764595982e+01 4.140907872184327942e+01 4.137745520922362630e+01 6.103307393565442851e+01 5.719957852800604314e+01 6.560812688300435980e+01 7.271040774217770775e+01 7.214836948390028226e+01 6.381570803121050517e+01 5.645514657320953944e+01 7.648127975519798838e+01 8.263424879554838753e+01 8.461751151868881493e+01 7.875179339276039059e+01 7.863093121430561894e+01 5.863426115637236791e+01 5.644690847902684538e+01 6.083384055590179429e+01 4.083973930173679889e+01 4.669587588154864477e+01 4.574562495851736088e+01 2.575488809263573842e+01 2.536203759376464717e+01 2.496949310041085823e+01 4.440664078256729397e+01 5.107110484683277463e+01 4.176371496634793345e+01 6.175907376785724523e+01 6.630823227472073711e+01 7.459175130886345073e+01 8.459056222917176626e+01 7.748555372621640913e+01 5.749115864461317216e+01 7.139465035257654790e+01 5.992559137225082111e+01
