LEM_wLE/output/LEM_woLE_example/elevation_000006.asc
nrows	100
cellsize	150.0
xllcorner	0
ncols	100
yllcorner	0
NODATA_value	-9999
[rows 34 to 50 of 100, columns 37 to 73 of 100]
7.265929980968131474e+01 8.680139164213656500e+01 1.068009913460270042e+02 9.726674340896201443e+01 7.792636651347574173e+01 9.726674340896201443e+01 1.150417944007123197e+02 1.067581224420775357e+02 1.150417944007123197e+02 1.211415107062749428e+02 1.128580116269864675e+02 1.211415107062749428e+02 1.172273917047445764e+02 1.056808907992248407e+02 9.739716248972651158e+01 9.999222159282886935e+01 9.862500601985601634e+01 7.862527861775122062e+01 6.896203430854910721e+01 8.896192831055185479e+01 1.015636280181956153e+02 9.823038569692386091e+01 7.823057427671018615e+01 7.726183528262941991e+01 9.726166106580467385e+01 9.420935415085298814e+01 1.142086802300048305e+02 1.148296733028962109e+02 9.482880000716147606e+01 8.068659994360884014e+01 8.803760699884094265e+01 6.919218522168634422e+01 8.919231586744706419e+01 7.152411775337266420e+01 9.152426685047610988e+01 9.354285102828924892e+01 8.207071294051843324e+01
9.265913877438958934e+01 1.009430445236131675e+02 1.014987753723381161e+02 8.898218040477947000e+01 6.898209386236089813e+01 8.898218040477947000e+01 1.010126782595868349e+02 1.092974177281979564e+02 1.164785400772026520e+02 1.081936939518896423e+02 1.060058137047846429e+02 1.118639522230844960e+02 1.143151819852026989e+02 1.060303776193044172e+02 1.086255938006072768e+02 1.169104456522756692e+02 1.069086904404255591e+02 9.724580329318732197e+01 8.310415548435950939e+01 8.310415548435950939e+01 1.031038429128460194e+02 1.048969585650633149e+02 8.489723996064495282e+01 9.726166106580467385e+01 9.140394063010741377e+01 1.114034491862549032e+02 1.224919791492251875e+02 1.152676905481512222e+02 1.021800103415041150e+02 8.217963172975926511e+01 6.803748468330701371e+01 8.689891739528951575e+01 9.518377227884280956e+01 9.152426685047610988e+01 7.270571013590752329e+01 7.354268408654495204e+01 9.354285102828924892e+01
1.099544137976272964e+02 1.016697247909490329e+02 9.321414338231768681e+01 7.321397947943968632e+01 6.265753852342685093e+01 8.265759771732697914e+01 8.101239920501242864e+01 9.431031006142968920e+01 1.025949556493532668e+02 8.819333441606696056e+01 8.600551769929572288e+01 9.186346877356520224e+01 1.027678440706515488e+02 8.603009620705837790e+01 8.862524248902745683e+01 1.086255938006072768e+02 1.017474352961485806e+02 1.100321651515959189e+02 1.031038429128460194e+02 1.031038429128460194e+02 1.113874511020151488e+02 1.131805323861325832e+02 9.644421930496694984e+01 1.012270504244818881e+02 1.114034491862549032e+02 1.196868437251732615e+02 1.211251571892907464e+02 1.011239885847210758e+02 8.698176021904843935e+01 7.803748521643291269e+01 8.689891739528951575e+01 6.689880279868779667e+01 8.576390143650264974e+01 9.404872760461800851e+01 9.270586949152048817e+01 9.354285102828924892e+01 7.474220437435316455e+01
9.840713500217501064e+01 8.166947283110914668e+01 9.161562176566707194e+01 7.688407793762362985e+01 5.688403583010521203e+01 6.468243510594116685e+01 8.468251879392644810e+01 7.431014388699428252e+01 9.104772960127809256e+01 9.186346877356520224e+01 7.186336449643978597e+01 9.186346877356520224e+01 8.553888047790597682e+01 7.448308146952992104e+01 9.448320976207591571e+01 9.848489069462581824e+01 8.174723481214564913e+01 9.478865505154657001e+01 9.111851409702272520e+01 1.052607978819357584e+02 1.252616423025260417e+02 1.247268804472303430e+02 1.164436151259209140e+02 1.212261771935368415e+02 1.295092924094264504e+02 1.245856216872842168e+02 1.162998933972700542e+02 1.152676905481512222e+02 1.063228939904711012e+02 9.803772878124878787e+01 9.292002806676424598e+01 8.463522934747631155e+01 6.576379409100938744e+01 7.731080116480501374e+01 9.731105114837880876e+01 9.559287800435831173e+01 7.559269088547834770e+01
7.943664470596219473e+01 7.012245072691661107e+01 7.161547925520606839e+01 7.203335522432365678e+01 5.203332332930959581e+01 7.203335522432365678e+01 7.121615973709027969e+01 6.276313319182840189e+01 8.276320873678217538e+01 8.553888047790597682e+01 6.553880910492172518e+01 7.769420707759094569e+01 6.553880910492172518e+01 8.553888047790597682e+01 8.077529090018826707e+01 8.442678605270459968e+01 7.020022611142042024e+01 7.478854079925908138e+01 9.478865505154657001e+01 1.100248709403019518e+02 1.183097244427508343e+02 1.283101914718225203e+02 1.218677214067572550e+02 1.135821481266110453e+02 1.135821481266110453e+02 1.130377037217372305e+02 9.629911508017561061e+01 1.130377037217372305e+02 1.103249753941805551e+02 9.032431105061478149e+01 7.618213570138250645e+01 6.463512879504311570e+01 8.463522934747631155e+01 9.404872760461800851e+01 1.055961887185369363e+02 9.559287800435831173e+01 9.559287800435831173e+01
5.943658505876450704e+01 6.747336069682967263e+01 5.747333602183655188e+01 6.803334884532084459e+01 4.803332332930298776e+01 6.268811718762973584e+01 5.121612714987308124e+01 6.535826598267790644e+01 8.535836628593344244e+01 9.382341678098229920e+01 7.769420707759094569e+01 5.769416368044123544e+01 7.244193836655215080e+01 7.577527809998942132e+01 6.077523969939286275e+01 6.442672341616454901e+01 8.442678605270459968e+01 9.478865505154657001e+01 8.295350719444206788e+01 9.002457720981699651e+01 1.000245992666660300e+02 1.200251426139376747e+02 1.135821481266110453e+02 9.358146847804307811e+01 9.358146847804307811e+01 1.047524386518935273e+02 8.475207863540838105e+01 1.047524386518935273e+02 1.102368904541361587e+02 9.798389653191136972e+01 7.798359692735721183e+01 6.384145300491052666e+01 8.384154905576848194e+01 9.950032139765605166e+01 1.095007685245271887e+02 1.155939319597203081e+02 1.050873994924410937e+02
4.788957913147712731e+01 4.747333587276635569e+01 6.747336069682967263e+01 7.631776086673700377e+01 6.268811718762973584e+01 4.268809849105227272e+01 6.268811718762973584e+01 7.950059147065987020e+01 8.930561149761707895e+01 8.807981124894149616e+01 7.727087771220791979e+01 6.898645913537899332e+01 5.244190636603281774e+01 5.577523969936626713e+01 7.577527809998942132e+01 8.442678605270459968e+01 8.442678605270459968e+01 1.044271202756650467e+02 1.029536992790275320e+02 1.029536992790275320e+02 1.183097244427508343e+02 1.283101914718225203e+02 1.135821481266110453e+02 9.358146847804307811e+01 7.943929330105250131e+01 9.127446869421680731e+01 7.768100902409980790e+01 8.825304258024161186e+01 9.653786797480329085e+01 8.195105054665678779e+01 8.195105054665678779e+01 6.305026523278126405e+01 7.121523107389992902e+01 8.121523261129492255e+01 9.535742586399031495e+01 1.153582769144602764e+02 1.192306022417211722e+02
3.894530721520848005e+01 5.894532145758908825e+01 6.333343059478360715e+01 7.161782064950550364e+01 5.963814292977624376e+01 3.963812708440007526e+01 5.963814292977624376e+01 6.102100236234013408e+01 7.516330692997870244e+01 7.393752389622574128e+01 5.979523654350979456e+01 4.898643266370725513e+01 6.898645913537899332e+01 7.577527809998942132e+01 8.078528130092119852e+01 8.078528130092121273e+01 1.007855706039800197e+02 1.015458731883038297e+02 1.098305998172723861e+02 1.198309487280856445e+02 1.312395653330533207e+02 1.299135494874778942e+02 1.099117494281186680e+02 9.576931127441609704e+01 9.127446869421680731e+01 7.127432721618596645e+01 8.478556594745184327e+01 6.825291789120012709e+01 8.008802586687629343e+01 8.085669265825553964e+01 6.195096581292260396e+01 8.195105054665678779e+01 7.012133305212826428e+01 8.166834977068843671e+01 9.581077448550718145e+01 1.158153306779886265e+02 1.116217584265594809e+02
3.447317126020874412e+01 5.447318231789629550e+01 4.333340735752899064e+01 6.007075727628274109e+01 5.327531834600068095e+01 3.668928796130202841e+01 5.668930147040494916e+01 4.687886403609183361e+01 5.854554579720486629e+01 6.565312139010035253e+01 4.565309933037380574e+01 6.565312139010035253e+01 7.727087771220791979e+01 7.523826473233857826e+01 6.078522863704831991e+01 8.078528130092119852e+01 9.154577615189509743e+01 8.154567911548643622e+01 9.154569061181550182e+01 1.115460557647921433e+02 1.281671687419031116e+02 1.223085429825589756e+02 1.195597870993736649e+02 9.955873121404667359e+01 8.541647983268070732e+01 8.478556594745184327e+01 6.478547036501039713e+01 7.901203566328148042e+01 6.008795206056929317e+01 6.085661450259340199e+01 8.085669265825553964e+01 9.023578124400047784e+01 9.012203058788365695e+01 7.864936240827557867e+01 9.279176869220546564e+01 1.127988294323268548e+02 1.033363877096264787e+02
3.030288297906710326e+01 5.030289173106742595e+01 3.178640191475343002e+01 5.178641179495587465e+01 3.327530724111082350e+01 3.380253661535380161e+01 5.380254817458567373e+01 3.687886401880899712e+01 3.854553068547571826e+01 5.854554579720486629e+01 4.338854526208453422e+01 6.338856482403888037e+01 7.007427711090932121e+01 5.523822667452170521e+01 7.523826473233857826e+01 6.695736264119304337e+01 7.154567733201729141e+01 9.154577615189509743e+01 1.098305998172723861e+02 1.198309487280856445e+02 1.081657212604087164e+02 1.023075726928693143e+02 1.164508914504600057e+02 1.137021835353776709e+02 1.047861290467394326e+02 8.478556594745184327e+01 7.901203566328148042e+01 5.901196767298945645e+01 7.901203566328148042e+01 8.085669265825553964e+01 7.350572760506733516e+01 8.764790086381866274e+01 1.069454845730106172e+02 9.279176869220546564e+01 9.129864763436329156e+01 1.113108253270675618e+02 1.044069790381367113e+02
4.956792484222079054e+01 3.104413229572821464e+01 5.104414160048308702e+01 3.253020991805905737e+01 5.253022039807951415e+01 5.380254817458567373e+01 3.456172623335494620e+01 5.456173848087525613e+01 5.854554579720486629e+01 4.093598790414458932e+01 6.093600506725820054e+01 4.727368871151372787e+01 5.007424887956984350e+01 7.007427711090932121e+01 8.352271992377109200e+01 8.695743880364901202e+01 9.154577615189509743e+01 8.223612975108895284e+01 9.378315869991281772e+01 1.137835913060400088e+02 1.081657212604087164e+02 8.816534125523895682e+01 9.816553125782381528e+01 1.046684853970849645e+02 9.638359820716165416e+01 8.549813131489788987e+01 7.721352107110269003e+01 5.826609353236123212e+01 7.240823424384250018e+01 9.240843615265792721e+01 9.350593354983963934e+01 1.017909124938161938e+02 1.159339241238135259e+02 1.127988294323268548e+02 1.054437953926879317e+02 1.196319634547687514e+02 1.044069790381367113e+02
5.785225913913588869e+01 5.104414160048308702e+01 5.932848323112305167e+01 4.667234610474108791e+01 6.081456984418083067e+01 5.513038916659088784e+01 3.513037636739114333e+01 5.513038916659088784e+01 6.922038796471372279e+01 6.093600506725820054e+01 5.726592333928508083e+01 6.727371298967497637e+01 7.007427711090932121e+01 5.693419228597341686e+01 7.693423525479325065e+01 8.477890837174589933e+01 1.047792659963392339e+02 9.637831800135427329e+01 1.105210743980947967e+02 1.220685281013844730e+02 1.164508914504600057e+02 9.816553125782381528e+01 7.816533642280100480e+01 9.000048590748157551e+01 7.638339981723827066e+01 7.721352107110269003e+01 5.721346195341382668e+01 7.616378849288659580e+01 8.283048231000697115e+01 9.111515563191080957e+01 1.011154198488465852e+02 1.152582773119657276e+02 1.153595463950897226e+02 1.235261282328010424e+02 1.255060413459285797e+02 1.326951352852167929e+02 1.200770160956579957e+02
5.441901145590879452e+01 6.173940632127796135e+01 7.002376893047511430e+01 6.667237996373381748e+01 6.724675420273419491e+01 4.724672278154007188e+01 3.569971730970073054e+01 5.569973067790675714e+01 6.479156812313424041e+01 7.633865375553990873e+01 7.726599607105059420e+01 8.555049033169179040e+01 8.521870310813123695e+01 7.693423525479325065e+01 6.477883772119686512e+01 8.477890837174589933e+01 9.477897795848060980e+01 1.147795540341976732e+02 1.246638307948353344e+02 1.139314478233496715e+02 1.056463641592216334e+02 1.064504392741433350e+02 9.000048590748157551e+01 7.000037037776368720e+01 6.483639257913196730e+01 7.834759363169098378e+01 7.512191946712120227e+01 5.616373419125083899e+01 6.283040085864578117e+01 7.283040128303699134e+01 8.697256238572751386e+01 1.012276419882990268e+02 9.537074715785919921e+01 1.153595463950897226e+02 1.272034911618640365e+02 1.354751157492698610e+02 1.283632854644411907e+02
4.540945451326519589e+01 4.173938159434257500e+01 5.435373097304425016e+01 7.435379778620274749e+01 7.553118016573480986e+01 6.398409879193932426e+01 5.569973067790675714e+01 3.650718046057285449e+01 4.805418593992316545e+01 6.805421933680140967e+01 7.931547614724166806e+01 7.103100630502326851e+01 7.931547614724166806e+01 9.086264546637839601e+01 8.477890837174589933e+01 7.477883878501108939e+01 8.892100471087501035e+01 1.089213764208691089e+02 1.139314478233496715e+02 1.023839624713662744e+02 8.564600089872729427e+01 1.023839624713662744e+02 9.559141392455475739e+01 8.730668111528736119e+01 7.834759363169098378e+01 5.834753573291955320e+01 5.512186966910955732e+01 7.512191946712120227e+01 8.283048231000697115e+01 9.111515563191080957e+01 9.505611426462773750e+01 8.122889462598467958e+01 1.012276419882990268e+02 1.145588555294449407e+02 1.072105667711801118e+02 1.213505427782726827e+02 1.413337585294000291e+02
2.540944888854687989e+01 3.435372079942718671e+01 4.849585717587392253e+01 6.849588934084286507e+01 7.145881018386860717e+01 5.145876160747241812e+01 3.731662511908923108e+01 5.650719467131225571e+01 5.870304220837449805e+01 6.698743097815487602e+01 6.034053517382271536e+01 5.103096616694822529e+01 6.257797266097244204e+01 8.257806500184123877e+01 9.613685102975787800e+01 9.477897795848060980e+01 9.477897795848060980e+01 1.147795540341976732e+02 1.056463641592216334e+02 8.564600089872729427e+01 7.409898588285969367e+01 8.467098171480512292e+01 8.730668111528736119e+01 6.730654487149510601e+01 7.316444915264709437e+01 5.408352140580719691e+01 7.408356696051920665e+01 7.512191946712120227e+01 9.512223977647175843e+01 8.939961291332215865e+01 7.505676059070414397e+01 9.505611426462773750e+01 8.878818425124678981e+01 9.456168700429032015e+01 1.061085650120294162e+02 1.202488941597454328e+02 1.402332178308778623e+02
4.396490056602477381e+01 4.774454642581766706e+01 5.174454792027109562e+01 6.002887029315707679e+01 7.157591606501227943e+01 5.731664021143854626e+01 5.731664021143854626e+01 3.812806594502283275e+01 3.870302551959891701e+01 5.870304220837449805e+01 4.034051643311540403e+01 6.034053517382271536e+01 6.945113624572189792e+01 7.613651894341701620e+01 7.613651894341701620e+01 8.331614085989032503e+01 9.160074315027094372e+01 1.031480370938956241e+02 1.076994994913811041e+02 9.864109181254985970e+01 7.864072867589266025e+01 6.467089499383207851e+01 8.053370793682434226e+01 7.224918926630634530e+01 5.316440608808851920e+01 7.316444915264709437e+01 5.618587473071781346e+01 7.618591562856565247e+01 8.659037531728191084e+01 6.939990633815787646e+01 8.939961291332215865e+01 1.033374232578918850e+02 1.087861702139307738e+02 1.145588555294449407e+02 1.228348251755936076e+02 1.226341721995476632e+02 1.226341721995476632e+02
2.396489571791184758e+01 2.774454044800418728e+01 3.174454044800425834e+01 4.329154588740521348e+01 6.329156343540746832e+01 7.731674655279968533e+01 6.641246661242406901e+01 4.967507144121427132e+01 5.870304220837449805e+01 3.951782636332565346e+01 5.951784404882073432e+01 4.116670881788746073e+01 6.116672866650916518e+01 5.613645161861636979e+01 7.176908160974996065e+01 6.331604756063891415e+01 7.486305902208461305e+01 9.486326539060188168e+01 9.941453335802357572e+01 7.941418985428349231e+01 7.864072867589266025e+01 5.864066809621926524e+01 7.133773912192130240e+01 5.224914856417593967e+01 7.224918926630634530e+01 8.144897939802500275e+01 7.618591562856565247e+01 5.830587049073060513e+01 7.830590596619310872e+01 6.562026160798528451e+01 8.562012542723967101e+01 1.006581258679064632e+02 1.006581258679064632e+02 1.089427258358963257e+02 1.132058943656148813e+02 1.026337746256936470e+02 1.026337746256936470e+02
