LEM_wLE/output/LEM_woLE_example/elevation_000010.asc
nrows	100
cellsize	150.0
xllcorner	0
ncols	100
yllcorner	0
NODATA_value	-9999
[rows 34 to 50 of 100, columns 0 to 36 of 100]
6.278687791629389281e-01 2.062786877916258277e+01 2.989930200612656819e+01 2.144630738991852326e+01 3.558844301364897689e+01 5.558844301364826634e+01 6.404089644860619046e+01 7.232516769606867513e+01 7.731796136107148243e+01 6.381124005015530543e+01 4.381124005015601597e+01 6.381124005015530543e+01 6.257650591030756004e+01 6.257650591030756715e+01 6.440042043830756313e+01 5.854255606203943074e+01 7.268469168576886830e+01 7.869604872004116203e+01 7.650825272521767317e+01 6.917848100304205161e+01 6.089420975558144278e+01 5.994145910700105873e+01 3.994145910700176927e+01 3.994145910700176927e+01 4.540549753753677464e+01 4.445684926514945090e+01 2.445684926515016144e+01 3.112351593181671205e+01 5.081454994119930291e+01 5.636155190345140653e+01 4.636155190345176891e+01 5.636155190345141364e+01 7.636155190344999255e+01 8.585909229520594010e+01 6.757482104774533127e+01 8.585909229520594010e+01 7.415232962690031115e+01
5.760807145981240440e-01 2.057608071459776866e+01 9.899302006126211140e+00 2.989930200612656819e+01 4.323209415820748092e+01 4.989876082487403153e+01 4.404089644860477648e+01 6.404089644860619046e+01 6.903369011361016305e+01 4.903369011361158414e+01 3.748668472981947986e+01 4.992739526963448782e+01 4.257650591030827059e+01 6.257650591030756004e+01 6.440042043830756313e+01 4.440042043830897711e+01 6.440042043830756313e+01 7.894695720723650822e+01 9.269540642394218821e+01 7.855327080021223196e+01 7.026899955275091258e+01 6.822573035446166045e+01 5.994145910700105873e+01 5.994145910700105873e+01 6.257140282240611384e+01 4.406521904015547619e+01 2.406521904015618674e+01 4.351158250779721470e+01 3.081454994120001700e+01 3.636155190345211707e+01 5.636155190345140653e+01 7.464582315091166720e+01 8.464582315091131193e+01 9.585909229520522956e+01 8.757482104774391019e+01 9.585909229520522956e+01 9.415232962689889007e+01
7.930105716671143057e-02 4.001623759930375890e+00 2.400162375993073027e+01 1.745859146631062231e+01 2.323209415820677748e+01 2.989876082487332809e+01 4.989876082487403153e+01 6.646437651344838571e+01 5.818010526598778398e+01 5.231398827090031034e+01 4.402971702343869964e+01 2.992739526963519836e+01 4.992739526963448782e+01 6.416940727069267325e+01 5.588513602323207152e+01 3.732935262644375030e+01 5.066268595977661704e+01 6.601802501910243848e+01 7.601802501910208321e+01 6.441113517648228992e+01 5.026899955275233367e+01 5.872199416895951174e+01 5.317499220670741522e+01 6.145926345416901881e+01 4.257140282240682438e+01 4.257140282240681728e+01 4.296057859393364708e+01 2.351158250779792880e+01 4.351158250779721470e+01 5.636155190345140653e+01 6.464582315091200826e+01 8.403330881554617804e+01 8.209988507212804620e+01 9.038415631958936558e+01 8.787338776402370399e+01 9.615765901148502337e+01 1.077046643952767226e+02
6.786017468061785740e-01 2.067860174680582475e+01 3.228589500739327889e+01 3.745859146631132575e+01 4.323209415820748092e+01 4.989876082487403153e+01 5.818303207233623198e+01 5.491737112965728329e+01 3.818010526598849452e+01 4.402971702343869964e+01 2.402971702343941374e+01 4.402971702343869964e+01 5.821166651709609141e+01 5.262240188690157083e+01 3.588513602323278207e+01 3.066268595977732048e+01 3.773375377164254729e+01 4.773375377164219202e+01 6.773375377164077804e+01 7.855327080021223196e+01 5.872199416895951174e+01 3.872199416896022228e+01 3.317499220670812576e+01 4.610392439484218841e+01 4.202144149020362818e+01 2.257140282240753137e+01 2.296057859393436118e+01 4.296057859393364708e+01 3.420203218429453074e+01 4.420203218429417547e+01 5.574903756808627975e+01 7.574903756808485866e+01 6.209988507212946729e+01 7.632638238023200472e+01 6.787338776402512508e+01 7.942039314781682435e+01 9.942039314781540327e+01
1.053273305859350195e-01 2.010532733058558108e+01 2.888812078061751265e+01 3.559765480174839070e+01 3.410462981869097376e+01 4.238890106615257736e+01 5.653103668988327968e+01 4.663309988219567259e+01 2.663309988219638669e+01 3.508609449840336225e+01 2.025007229334720549e+01 4.025007229334649139e+01 4.717909134738349053e+01 3.889482009992188694e+01 2.433813063944067423e+01 4.433813063943996013e+01 5.773375377164183675e+01 6.601802501910243848e+01 7.601802501910208321e+01 7.505192578751274368e+01 5.505192578751416477e+01 5.872199416895951174e+01 4.610392439484218841e+01 2.610392439484290250e+01 2.202144149020434227e+01 4.202144149020362818e+01 3.710271421766481126e+01 5.124484984139525778e+01 5.420203218429382019e+01 6.248630343175542379e+01 5.911745407175173028e+01 6.348181187647142565e+01 5.055287968833736301e+01 5.632638238023341870e+01 7.046851800396336785e+01 9.046851800396194676e+01 8.772085575646477196e+01
6.652624653148981881e-01 6.038495331561121171e-01 2.060384953315575629e+01 1.559765480174910124e+01 1.410462981869168253e+01 2.824676544242238307e+01 4.330118175736817676e+01 5.158545300482978035e+01 3.508609449840336225e+01 1.508609449840407457e+01 3.055698636182537342e+01 3.884125760928662174e+01 3.389482009992197220e+01 1.889482009992259748e+01 3.889482009992188694e+01 5.262240188690157083e+01 7.176459639268799151e+01 8.004886764014931089e+01 7.850297043651858075e+01 8.333619703497406306e+01 7.030004041930665437e+01 5.030004041930807546e+01 3.875303503551597117e+01 4.163452987393656457e+01 2.163452987393727867e+01 3.577666549766772874e+01 5.577666549766701820e+01 6.538698546512470955e+01 6.150404707301765228e+01 5.321977582555604869e+01 3.911745407175244083e+01 4.348181187647213619e+01 6.348181187647142565e+01 7.632638238023200472e+01 8.461065362769330989e+01 8.783403666758806594e+01 7.617385037267185055e+01
8.924248754756384239e-01 2.060384953315575629e+01 1.102681762001634702e+00 1.455519178018276572e+00 2.145551917801792285e+01 3.023955621514596004e+01 2.330118175736888730e+01 4.003844762103747001e+01 3.766181363384318814e+01 3.055698636182537342e+01 1.055698636182573047e+01 2.911390566258479495e+01 1.389482009992268630e+01 3.389482009992197220e+01 4.717909134738349053e+01 5.762246076895825553e+01 5.176459639268941260e+01 7.176459639268799151e+01 5.850297043651999473e+01 7.264510606024943229e+01 7.858431166676797375e+01 6.703730628297586236e+01 5.019217944742204196e+01 3.019217944742275250e+01 2.124790753742375315e+01 4.070215974287923189e+01 4.898643099034083548e+01 5.615882223476935309e+01 4.787455098730774949e+01 3.321977582555675923e+01 5.321977582555604869e+01 6.348181187647142565e+01 7.176608312393203448e+01 7.719324605655641847e+01 6.890897480909393380e+01 6.783403666758664485e+01 6.722957846267237869e+01
8.870506738290029336e-01 2.088705067382864655e+01 2.110268176200127854e+01 2.145551917801792285e+01 1.955284967684557396e+00 2.195528496768420368e+01 1.175417637357657696e+01 2.316467949666601100e+01 1.766181363384390224e+01 2.750701495517330741e+01 7.507014955173662685e+00 9.113905662585152001e+00 2.911390566258479495e+01 2.299210349690933342e+01 3.006317130877468458e+01 3.762246076895896607e+01 5.762246076895825553e+01 5.907488002069933231e+01 4.436083481278954110e+01 6.264510606025078943e+01 7.419211144404189895e+01 6.652211106597528101e+01 4.652211106597669499e+01 3.539004316115420323e+01 4.070215974287923189e+01 2.070215974287994243e+01 4.015691919613954752e+01 4.787455098730774949e+01 2.787455098730846004e+01 4.787455098730774949e+01 6.150404707301765228e+01 7.523225690893181650e+01 7.719324605655641847e+01 6.564624067276349706e+01 4.890897480909251982e+01 5.369190104385469908e+01 5.894530721520918348e+01
9.587146228554132010e-01 1.510085024658623887e+01 3.510085024658553010e+01 3.023955621514596004e+01 1.609742059141525772e+01 2.455519507608330265e+00 2.809904463577496792e+00 3.164679496666367164e+00 3.519678010113203914e+00 2.351967801011284820e+01 4.525590985173955971e+00 2.452559098517360070e+01 1.356401308108886461e+01 3.356401308108815584e+01 3.360082082285667582e+01 3.713635472878934962e+01 4.085026149233031845e+01 3.907488002070004285e+01 3.436083481278989638e+01 4.590784019658200066e+01 6.590784019658057957e+01 7.480638231343658617e+01 5.539004316115349980e+01 5.539004316115349269e+01 4.898643099034083548e+01 4.015691919613954752e+01 2.015691919614026162e+01 3.961208343085635875e+01 2.439299786819456273e+01 4.439299786819385218e+01 4.694798566147192531e+01 6.694798566147051133e+01 6.890897480909393380e+01 4.890897480909251982e+01 3.736196942529959841e+01 4.883394077107558218e+01 5.447317126020944755e+01
4.749594815986911134e-01 1.461709510532951661e+01 3.461709510532880785e+01 4.438169183887615077e+01 2.848574639916319384e+01 8.485746399163550890e+00 2.280990446357714063e+01 1.730681512039706504e+01 2.351967801011284820e+01 4.022117624818033477e+00 2.402211762481767821e+01 5.035984426864521524e+00 2.503598442686416448e+01 2.875010832213040857e+01 1.360082082285738458e+01 1.713635472879006016e+01 2.085026149233103254e+01 2.493274439696959277e+01 4.493274439696887868e+01 6.216128755442932885e+01 7.216128755442797171e+01 8.367431440861339809e+01 7.313977149987792359e+01 6.313977149987928073e+01 5.485550025241767713e+01 4.844119044360115822e+01 3.961208343085635875e+01 1.961208343085707284e+01 3.907104865912495484e+01 3.061805404291797927e+01 4.476018966664842935e+01 6.476018966664700827e+01 6.810340047370520722e+01 4.810340047370379324e+01 4.810340047370378613e+01 2.883394077107487874e+01 4.883394077107558218e+01
5.246131949027718067e-01 1.466674881863359658e+01 3.466674881863288249e+01 4.003275178295515246e+01 2.003275178295586301e+01 2.848574639916319384e+01 2.848574639916319384e+01 3.730681512039635095e+01 3.005234451637289794e+01 1.005234451637325321e+01 3.005234451637289794e+01 2.503598442686416448e+01 5.547545246029049970e+00 8.750108322130765615e+00 2.875010832213040857e+01 3.713635472878934962e+01 3.239726687612314038e+01 4.493274439696887868e+01 3.387701630696843580e+01 4.387701630696808053e+01 6.387701630696736999e+01 7.899763587614707205e+01 5.899763587614848603e+01 4.485550025241803240e+01 3.485550025241838767e+01 4.416505057592107875e+01 4.681605805531349773e+01 3.853178680785189414e+01 1.907104865912566538e+01 3.907104865912495484e+01 5.678341032240702901e+01 6.678341032240567188e+01 6.224553609743523452e+01 4.224553609743453109e+01 2.810340047370308270e+01 4.810340047370378613e+01 2.956791661449246433e+01
4.470077517107070575e-01 1.199401313550312231e+01 2.613614875923382286e+01 4.613614875923310876e+01 3.157975716674817335e+01 4.831702303041675606e+01 4.848574639916247975e+01 4.074279419286932580e+01 2.074279419287003989e+01 3.005234451637289794e+01 2.606257144865329778e+01 6.062571448653653050e+00 2.554754524602869381e+01 2.875010832213040857e+01 3.703437956959165689e+01 5.634194384639871345e+01 5.239726687612242984e+01 6.068153812358403343e+01 4.542402169076054008e+01 6.216128755442932885e+01 7.216128755442797171e+01 7.764401714427187073e+01 6.764401714427222601e+01 5.935974589681162428e+01 4.416505057592107875e+01 2.416505057592178929e+01 3.799291657743750505e+01 1.853178680785260468e+01 3.853178680785189414e+01 2.849913907494613241e+01 3.849913907494578069e+01 5.849913907494507015e+01 6.173016802540515613e+01 4.173016802540445269e+01 2.758803240167300075e+01 4.686087985497309916e+01 4.956791661449317132e+01
2.599182575669619633e-01 2.025991825756660702e+01 3.570728106409845992e+01 4.465155297409746282e+01 5.157975716674746280e+01 5.986402841420906640e+01 5.488492981659977943e+01 3.488492981660048997e+01 4.074279419286932580e+01 4.056900640168186811e+01 2.056900640168258221e+01 6.426870777951881664e+00 2.642687077795152462e+01 3.989270678965998940e+01 2.805767259893781684e+01 4.805767259893710275e+01 6.504505247494098796e+01 7.332932372240229313e+01 6.542402169075911900e+01 7.370829293822043837e+01 8.350188152054101920e+01 6.350188152054243318e+01 4.935974589681197955e+01 3.935974589681233482e+01 3.269307923014590500e+01 3.799291657743750505e+01 1.799291657743821915e+01 3.745637828827980798e+01 4.412304495494635859e+01 4.849913907494541832e+01 4.849913907494542542e+01 6.678341032240567188e+01 6.173016802540515613e+01 4.173016802540445269e+01 4.686087985497309916e+01 2.686087985497239217e+01 4.613468661284149164e+01
3.519420047721200095e-01 7.423009816637565095e+00 1.636728172663656622e+01 3.050941735036726499e+01 5.050941735036655444e+01 6.775860178476933982e+01 6.316920106406138302e+01 5.488492981659977943e+01 4.973559933051021886e+01 3.559346370677951654e+01 2.679141208623977022e+01 6.791412086240125490e+00 2.679141208623977022e+01 1.989270678966069994e+01 3.989270678965998940e+01 3.748576301475812045e+01 4.504505247494240194e+01 5.918718809867285557e+01 7.918718809867144159e+01 7.494520610433994534e+01 7.618613226244784187e+01 6.790186101498652249e+01 6.764401714427222601e+01 5.935974589681162428e+01 5.269307923014519446e+01 4.520516998313976131e+01 3.692089873567815062e+01 1.745637828828052207e+01 2.412304495494707268e+01 3.826518057867752276e+01 5.826518057867681222e+01 7.678341032240531661e+01 7.001443927286835844e+01 6.173016802540515613e+01 5.514515110243529250e+01 4.613468661284149164e+01 2.613468661284078465e+01
2.695761837762450375e-01 2.026957618377588943e+01 3.570728106409845992e+01 4.465155297409746282e+01 3.947433053730944152e+01 5.361646616103988805e+01 6.516347154483099757e+01 5.400011943237756640e+01 3.400011943237827694e+01 2.145132808304932226e+01 7.309192459318621715e+00 2.679141208623977022e+01 1.282163897779534700e+01 3.282163897779463468e+01 4.817697803712159299e+01 5.748576301475740991e+01 6.504505247494098796e+01 7.332932372240229313e+01 6.908734172807081109e+01 5.494520610434136643e+01 6.463912687865573048e+01 4.790186101498794358e+01 6.463912687865573048e+01 6.062272577381996541e+01 5.106303435940885294e+01 3.106303435940956348e+01 1.692089873567886471e+01 3.692089873567815062e+01 4.412304495494635859e+01 3.826518057867752276e+01 5.826518057867681222e+01 7.008589725290471506e+01 6.180162600544151275e+01 6.180162600544151275e+01 6.711299042559424777e+01 5.297085480186179041e+01 4.468658355439959706e+01
4.879649418637075353e-01 1.463010056559453176e+01 3.463010056559382122e+01 3.464174523708149422e+01 2.533219491357899145e+01 3.687920029737109928e+01 5.687920029737038874e+01 5.383139606363219087e+01 3.400011943237826983e+01 1.400011943237898038e+01 7.675564112042276399e+00 2.767556411204192202e+01 3.282163897779463468e+01 2.915157059634957903e+01 4.329370622008003267e+01 6.329370622007932212e+01 6.767152338890745966e+01 5.938725214144685793e+01 5.908734172807216112e+01 4.080307048061091280e+01 5.635485563119512875e+01 3.635485563119583929e+01 5.635485563119512875e+01 5.233845452635836182e+01 3.233845452635907236e+01 3.600852290780441223e+01 1.654266399844275170e+01 3.654266399844203761e+01 5.637394062969595865e+01 5.826518057867681222e+01 6.654945182613741395e+01 6.180162600544151275e+01 4.180162600544080931e+01 4.180162600544080931e+01 5.594376162917225770e+01 3.882871917813034202e+01 2.468658355439889007e+01
9.938951651180888414e-01 2.099389516511773479e+01 2.886824254518563748e+01 1.464174523708220299e+01 3.464174523708149422e+01 4.220103469726591072e+01 6.220103469726520018e+01 4.554712481617058017e+01 2.554712481617129427e+01 2.767556411204192202e+01 2.767556411204192202e+01 8.195000828620443656e+00 2.819500082862008838e+01 3.699905952647163332e+01 4.594333143647063622e+01 5.749033682026294656e+01 5.612451800511635724e+01 3.938725214144756848e+01 5.080307048061055042e+01 3.080307048061126451e+01 4.928378781932990194e+01 2.928378781933061248e+01 4.033951590933089904e+01 4.375941340820336478e+01 3.547514216074176119e+01 1.600852290780512632e+01 3.600852290780441223e+01 2.808966938223506560e+01 4.223180500596551923e+01 6.223180500596480869e+01 6.524510458358271592e+01 5.696083333611951360e+01 4.765949038171006436e+01 2.765949038170935737e+01 4.765949038171006436e+01 4.274937094218454092e+01 4.325015402802068110e+01
