LEM_wLE/output/LEM_woLE_example/elevation_000005.asc
nrows	100
cellsize	150.0
xllcorner	0
ncols	100
yllcorner	0
NODATA_value	-9999
[rows 0 to 16 of 100, columns 0 to 36 of 100]
7.773770046158816616e-01 2.077737700461552706e+01 3.999799837253170409e+01 4.326100464369508103e+01 5.154527589115668462e+01 5.222403854402050882e+01 5.514137070885017522e+01 4.685709946138857163e+01 5.085709946138850057e+01 5.512111378850055843e+01 5.970942846591163544e+01 5.970942846591164255e+01 7.970942846591022146e+01 8.623341140366747481e+01 8.623341140366748903e+01 1.062334114036660679e+02 1.064097966341023351e+02 9.812552538673135416e+01 9.726896967943588379e+01 9.726896967943589800e+01 1.172689696794344769e+02 1.163255520207018208e+02 1.104676876444331839e+02 1.149392220738623109e+02 1.134461970908049722e+02 1.217304683380523045e+02 1.206825442228577856e+02 1.148246798465891487e+02 1.191890376513086949e+02 1.191890376513086949e+02 1.274733088983286535e+02 1.373540034605832716e+02 1.456382747070835535e+02 1.575880298816209972e+02 1.493037591104941555e+02 1.575880298816125560e+02 1.543652467710263920e+02
1.667217412783970065e-01 1.171372712507081282e+01 3.171372712507045577e+01 2.326100464369579157e+01 3.483747449767486160e+01 3.222403854402121937e+01 4.151187462314017296e+01 2.685709946138928217e+01 3.085709946138921111e+01 3.512111378850126897e+01 3.970942846591234598e+01 5.970942846591163544e+01 7.358430076299306677e+01 6.623341140366889590e+01 8.623341140366747481e+01 9.885050717394796038e+01 9.056623592654733557e+01 7.812552538673277525e+01 7.726896967943730488e+01 9.141110530316726113e+01 1.114111053031658400e+02 9.632555202070324185e+01 9.046768764443460498e+01 9.493922207386373202e+01 9.344619709080639325e+01 1.101834629543489683e+02 1.006825442228592067e+02 9.482467984659056981e+01 9.918903765131011596e+01 9.918903765131011596e+01 1.191890376513086949e+02 1.173540034605860995e+02 1.373540034605832716e+02 1.475880300531572118e+02 1.293037591193618994e+02 1.475880300531571834e+02 1.343652468139520408e+02
2.375235533300354973e-01 2.023752355332968023e+01 2.749762904634532035e+01 1.171399925990347946e+01 1.483747449767557391e+01 1.808190292029076929e+01 2.151187462314088705e+01 3.565401024687133713e+01 5.085709946138850057e+01 5.512111378850055843e+01 5.970942846591163544e+01 4.755407387143942799e+01 5.358430076299448785e+01 6.772643638672643362e+01 8.772643638672501254e+01 8.730350179018154222e+01 7.056623592654875665e+01 6.657852000294107597e+01 8.657852000293965489e+01 1.055532409268107727e+02 1.081062618978750720e+02 9.566555135811120181e+01 7.632555202070464873e+01 8.079708645013377577e+01 8.189919170701469397e+01 9.189111383799226473e+01 9.513554226060729491e+01 8.068254422286061356e+01 8.504690202758015971e+01 1.050469020275787386e+02 1.032118678368561433e+02 1.173540034605860995e+02 1.373540034605832716e+02 1.393037591149291359e+02 1.193037591193632920e+02 1.293037591171468819e+02 1.343652468139520408e+02
2.578281697790204552e-01 2.025782816977866574e+01 7.497629046345677395e+00 2.749762904634532035e+01 3.483747449767486160e+01 3.808190292029005519e+01 4.151187462314017296e+01 4.979614587060178366e+01 6.393828149433223018e+01 6.124119863934416230e+01 6.952546988680477114e+01 6.755407387143800690e+01 7.358430076299306677e+01 8.186857201045438615e+01 8.113136779170774560e+01 7.284709654427217629e+01 5.901923054275705738e+01 7.901923054275563629e+01 8.657852000293966910e+01 1.065785200029382480e+02 9.926697355164658632e+01 7.982199065052068931e+01 6.738128011070611478e+01 6.925008106634207650e+01 8.741897788299299066e+01 7.189111383799368582e+01 7.513554226060871599e+01 9.513554226060729491e+01 1.050469020275787386e+02 9.321186783685683963e+01 1.132118678368554185e+02 1.314961390838357147e+02 1.449550921049556678e+02 1.366708211789017184e+02 1.293037591171468819e+02 1.093037591193639884e+02 1.207757304638684275e+02
6.835178870107115889e-01 3.457018868136851442e+00 2.345701886813649750e+01 3.578190029380657222e+01 4.504454408187893932e+01 4.344459772482104398e+01 5.172886897228264758e+01 5.489205696928337375e+01 4.969419325555124090e+01 4.124119863934487284e+01 5.538333426307632124e+01 7.538333426307490015e+01 7.101412263142803738e+01 7.558436582946221449e+01 6.730009458202007977e+01 5.284709654427359737e+01 7.284709654427217629e+01 8.730350179018154222e+01 9.348843562704003318e+01 9.638022220571110665e+01 8.512483792794580495e+01 7.098270230425222849e+01 5.982199065052210329e+01 7.982199065052068931e+01 6.741897788299441174e+01 8.741897788299299066e+01 9.513554226060729491e+01 8.513554226060801966e+01 1.051355422606065986e+02 1.132118678368554185e+02 1.214961390840070692e+02 1.372393919344171138e+02 1.289551209074994631e+02 1.166708211847410155e+02 1.239799965164024798e+02 1.156957253841841862e+02 1.007757304651401711e+02
8.765780624806145394e-01 2.087657806248025949e+01 3.174129011559825386e+01 2.504454408187965342e+01 2.504454408187965342e+01 2.344459772482175453e+01 3.616160666814060676e+01 3.489205696928408429e+01 2.969419325555195144e+01 4.969419325555124090e+01 6.952546988680477114e+01 6.515625825514875658e+01 5.101412263142945847e+01 6.515625825514875658e+01 4.730009458202150086e+01 6.730009458202007977e+01 8.113136779170774560e+01 8.763057125074645626e+01 7.348843562704145427e+01 8.223808658200263721e+01 6.809595095830400169e+01 5.684056668052227934e+01 7.684056668052086536e+01 6.320260766943628283e+01 8.320260766943486885e+01 8.741897788299300487e+01 1.074189778829915838e+02 1.051355422606065986e+02 9.778465290128063714e+01 1.119267885250105934e+02 1.319267885250077654e+02 1.256923866418443509e+02 1.089551209103989322e+02 1.051238158009528689e+02 1.109816801764978749e+02 9.569572538513290283e+01 1.156957253841841862e+02
3.336530771559016451e-01 2.033365307715554593e+01 2.374540447695638790e+01 5.044544081880009578e+00 2.504454408187965342e+01 1.189759234102903385e+01 1.616160666814131730e+01 2.074992134555263235e+01 4.074992134555191825e+01 5.797846450301274501e+01 6.332670084016505996e+01 5.504242959271284263e+01 3.687198700769900483e+01 5.687198700769829429e+01 4.364861086532052070e+01 5.779074648905097433e+01 7.779074648904955325e+01 7.763057125074720943e+01 5.934630000331149802e+01 7.121947162647389007e+01 5.395381533457405254e+01 7.395381533457263856e+01 8.512483792794537862e+01 8.320260766943486885e+01 6.923283456099113664e+01 8.077983994478283591e+01 9.492197556851279217e+01 1.149219755685113711e+02 1.177846529012792161e+02 1.260689241471006170e+02 1.315502511461604342e+02 1.115502511503353702e+02 9.740811552660723294e+01 1.067176658495405235e+02 9.098168017722291268e+01 1.109816801764978749e+02 1.239799965164025366e+02
2.692912384917900415e-01 2.026929123849143366e+01 3.745404476956742279e+00 2.374540447695638790e+01 6.350590378776693079e+00 2.635059037877633870e+01 3.616160666814060676e+01 3.489205696928408429e+01 3.707985296410657838e+01 5.707985296410586784e+01 5.322799274620672350e+01 3.504242959271355318e+01 5.504242959271284263e+01 3.872495122614738250e+01 5.872495122614667196e+01 6.217235186166516314e+01 7.045662310910994108e+01 6.676431110583872908e+01 4.934630000331185329e+01 5.121947162647530405e+01 7.121947162647389007e+01 6.550082071836575892e+01 7.704782610215745819e+01 9.704782610215603711e+01 8.077983994478283591e+01 7.653580199439284115e+01 9.653580199439426224e+01 1.117718356155359203e+02 1.200561068646080258e+02 1.316031122501826474e+02 1.324068068530342259e+02 1.124068068576299169e+02 9.826467123390270331e+01 8.671766585011100403e+01 1.067176658495405235e+02 1.192659513278579340e+02 1.186403642991347738e+02
2.740426242073276120e-01 2.027404262420697378e+01 2.829667383965480454e+00 2.282966738396512341e+01 7.302971331157649182e+00 2.144510695488885332e+01 4.144510695488813923e+01 5.489205696928337375e+01 5.707985296410586784e+01 5.322799274620672350e+01 3.322799274620743404e+01 5.142830766354327210e+01 5.971257891099843818e+01 5.872495122614667196e+01 4.074012211358696334e+01 4.217235186166587368e+01 6.217235186166516314e+01 4.676431110584015016e+01 6.676431110583872908e+01 6.276647701026740833e+01 7.950374287390806671e+01 8.550082071836433784e+01 9.378509196577158491e+01 1.053320973495250570e+02 9.492197556851279217e+01 9.653580199439426224e+01 8.470076780366952107e+01 9.177183561553449920e+01 1.033188409993278327e+02 1.233188409993292538e+02 1.378043190855767648e+02 1.182107367580234012e+02 9.821073675971105388e+01 8.406860113598109763e+01 1.004471712938753569e+02 1.044982286766994548e+02 9.864036430096670927e+01
8.627856460739585787e-01 1.537326044463000807e+00 2.153732604446264531e+01 2.825860829629229443e+01 8.258608296292649698e+00 2.825860829629229443e+01 4.212852896199639474e+01 5.041280020945747253e+01 6.195980559324934234e+01 6.151226399366049691e+01 5.142830766354327210e+01 3.142830766354398264e+01 4.964302029283343387e+01 5.792729154028985050e+01 6.074012211358625279e+01 6.217235186166516314e+01 4.422430856583625314e+01 6.422430856583483205e+01 7.504858235327864691e+01 8.276647701026598725e+01 9.105074825768014080e+01 9.249328748787227994e+01 9.881784280820947686e+01 1.071021140561600333e+02 1.149219755685113711e+02 1.129850390514120306e+02 9.884290342739947732e+01 1.117718356155359203e+02 1.200561068647424179e+02 1.260449274571146105e+02 1.178043191098599891e+02 1.178043191098599891e+02 1.123528723089155079e+02 1.004471712938753569e+02 8.044717129428060787e+01 8.449822867723675301e+01 1.044982286766994548e+02
2.490127916613376069e-01 2.024901279166098078e+01 2.982159729192440167e+01 2.921753489926306813e+01 9.217534899263425174e+00 2.921753489926306813e+01 2.212852896199710528e+01 3.367553434579002669e+01 5.367553434578931615e+01 7.277147169860316467e+01 5.616296717472614830e+01 4.787869592726848111e+01 2.964302029283414441e+01 4.378515591656459804e+01 6.378515591656388750e+01 6.672430856583491732e+01 4.672430856583633840e+01 6.672430856583491732e+01 7.037579228253616748e+01 9.037579228253474639e+01 8.432832167859444894e+01 7.249328748787085885e+01 7.881784280820805577e+01 8.776211471820784027e+01 9.930912010200117379e+01 1.193091201020025949e+02 1.188429034273980562e+02 1.212891682198924457e+02 1.130048970926146410e+02 1.060449274606584282e+02 1.178043191098599891e+02 9.780431911152136593e+01 1.051552084702379091e+02 1.087314424767581897e+02 9.693893921671849512e+01 7.693893921705273442e+01 8.779309509467577755e+01
8.485705281016824308e-01 2.084857052810132672e+01 3.589453319294965183e+01 3.750180614672432000e+01 2.921753489926306813e+01 1.058152357820438283e+01 3.058152357820402756e+01 4.448720045114777122e+01 4.448720045114777832e+01 5.441221473659746977e+01 4.612794348913881493e+01 2.787869592726919166e+01 4.787869592726848111e+01 5.792729154028985050e+01 6.410822854554015748e+01 7.239249979301614246e+01 6.672430856583491732e+01 5.037579228253757435e+01 7.037579228253615327e+01 7.702535424518991647e+01 6.432832167859302785e+01 8.432832167859444894e+01 9.881784280820947686e+01 1.071021140561586265e+02 1.160463859668794697e+02 1.275933913530016071e+02 1.271470327134674818e+02 1.071470327175377264e+02 9.300489709381113812e+01 9.190279183693021992e+01 1.086400576334165748e+02 1.051552084702379091e+02 8.515520847084874845e+01 1.051552084702379091e+02 9.883062857079953289e+01 9.054635736788482347e+01 7.365095947094582129e+01
5.097248530424480784e-02 7.610261945488756119e+00 2.175239756921945400e+01 4.175239756921874346e+01 3.155510834522650399e+01 1.155510834522686103e+01 3.155510834522650399e+01 2.448720045114848176e+01 4.448720045114777122e+01 4.612794348913881493e+01 2.612794348913952902e+01 4.439045451808650711e+01 4.713766579706175719e+01 4.996609292180799144e+01 4.410822854553873640e+01 6.410822854554015748e+01 7.866006352996581086e+01 7.037579228253615327e+01 5.422479407713521482e+01 5.702535424519133045e+01 7.702535424518991647e+01 7.835528586374452686e+01 9.249742148747448311e+01 1.124974214874730620e+02 1.313437138253193268e+02 1.396279850693923947e+02 1.204258443568042907e+02 1.104258443962000058e+02 1.003557864526986236e+02 8.035578645313852064e+01 1.003557864526986236e+02 9.848854180377531975e+01 7.848854180418254600e+01 8.996051314972518753e+01 8.754823061193685874e+01 7.054635736812070945e+01 9.054635736788482347e+01
2.550521787762166648e-01 2.025505217877586261e+01 2.394019356404298904e+01 4.394019356404227494e+01 3.983937959268775586e+01 3.155510834522650399e+01 1.294019506735575931e+01 3.294019506735504876e+01 5.277147169860832321e+01 5.109358693546224117e+01 4.280931568800229314e+01 2.439045451808722120e+01 2.713766579706105020e+01 2.996609292180728801e+01 4.996609292180799144e+01 5.433045072652799945e+01 7.433045072652942054e+01 8.250906532455275055e+01 7.422479407713379373e+01 7.702535424518991647e+01 6.202535424519115992e+01 8.202535424518974594e+01 9.596647974196046960e+01 1.075134851258512043e+02 1.113437138253221406e+02 1.280809796875071811e+02 1.121415732204199855e+02 9.214157322142597195e+01 8.214157322142668249e+01 7.458228376124266390e+01 8.825772844069238943e+01 9.654199964680202584e+01 8.996051314972518753e+01 6.996051314995872872e+01 6.754823061213747337e+01 8.754823061193685874e+01 9.054635736788482347e+01
8.916207294569349351e-01 1.503375635318776027e+01 3.503375635318705150e+01 5.222446481150388564e+01 4.362059775714509158e+01 3.392913142022335649e+01 1.392913142022406525e+01 3.392913142022335649e+01 4.953894278678949092e+01 4.125467153932932263e+01 2.280931568800300369e+01 4.280931568800229314e+01 4.713766579706175719e+01 4.996609292180799144e+01 3.433045072652728891e+01 5.433045072652799234e+01 6.351663188943820870e+01 7.180090313696939575e+01 8.334790852081061985e+01 9.030962549254988403e+01 8.202535424518974594e+01 6.768220849468315237e+01 7.922921387847485164e+01 9.922921387847343055e+01 9.979670844153044129e+01 1.191367077775170742e+02 1.204258443563377909e+02 1.104258443958572258e+02 1.007069654472949907e+02 8.825772844069238943e+01 6.825772844090634806e+01 8.825772844069238943e+01 8.191848886170978972e+01 6.461528831171061427e+01 8.461528831153951558e+01 9.583250181956374547e+01 1.001156918145032932e+02
5.108012481754142797e-01 1.205780663196803104e+01 2.619994225569923429e+01 4.619994225569993773e+01 3.533632650968394984e+01 1.533632650968466038e+01 3.392913142022335649e+01 4.221340266768476113e+01 3.971163803970837591e+01 2.125467153933003317e+01 4.125467153932932263e+01 3.349976536450035525e+01 5.349976536449964470e+01 6.261472197400929218e+01 5.433045072652799234e+01 3.904449593443776934e+01 4.351663188943750527e+01 5.506363727323042667e+01 7.506363727323184776e+01 8.631221520941751635e+01 9.596647974196046960e+01 8.768220849468173128e+01 7.434887516134935481e+01 9.434887516134793373e+01 9.085243653153190735e+01 1.049945721552618636e+02 1.249945721552604425e+02 1.065648298729269356e+02 8.656482987391326844e+01 7.242269425018331219e+01 6.425772844090661806e+01 7.925772844077854984e+01 6.191848886185783130e+01 8.191848886170978972e+01 9.289955952328890021e+01 1.001156918145032932e+02 8.011569181546245488e+01
5.195627768054871254e-01 2.051956277680513097e+01 3.688290544805629878e+01 4.688290544805612825e+01 4.362059775714509158e+01 3.533632650968394984e+01 1.675231116049426205e+01 3.675231116049354796e+01 1.971163803970908646e+01 3.971163803970837591e+01 4.953894278678948382e+01 5.349976536449964470e+01 4.764190098823180364e+01 6.764190098823038966e+01 6.420847372938258957e+01 4.420847372938116848e+01 6.351663188943820870e+01 5.136127729496514149e+01 5.802794396163204027e+01 7.217007958536399315e+01 9.217007958536541423e+01 1.026331464070631512e+02 9.434887516134793373e+01 8.190816462153337341e+01 1.019081646215319523e+02 1.191367077779110843e+02 1.078867996299991745e+02 9.960252845175608627e+01 1.007069654472949907e+02 9.242269424989402182e+01 7.925772844077854984e+01 5.925772844090696623e+01 7.695598709019969874e+01 8.524025831076241388e+01 9.859454812467258478e+01 9.031027692912630300e+01 8.378576019673189990e+01
