LEM_wLE/output/LEM_woLE_example/elevation_000008.asc
nrows	100
cellsize	150.0
xllcorner	0
ncols	100
yllcorner	0
NODATA_value	-9999
[rows 68 to 84 of 100, columns 37 to 73 of 100]
2.640817829663612315e+01 4.055031392036757154e+01 6.055031392036827498e+01 6.900500533806199144e+01 6.640987509812346445e+01 7.469414634563750610e+01 8.624115172946740415e+01 9.333428808822517908e+01 8.276237850404471885e+01 7.690451412777525775e+01 7.909231012259898819e+01 9.841401218050337718e+01 1.059348889593533585e+02 8.919762309551535395e+01 1.059348889593533585e+02 9.870065690820126747e+01 9.041638566060350968e+01 8.038272026645844903e+01 6.038272026645703505e+01 7.038272026645809376e+01 5.130329488435503293e+01 5.196160290303168949e+01 7.196160290303311058e+01 7.290809995159372647e+01 9.290809995159514756e+01 8.234660955282974726e+01 6.234660955282832617e+01 8.234660955282974726e+01 9.030568939225885572e+01 9.858996063983516933e+01 9.411353411093047328e+01 9.004556325234999292e+01 8.176129200480697534e+01 6.281611733030536726e+01 8.281611733030678124e+01 8.691722521715730920e+01 6.691722521715588812e+01
4.640817829663682659e+01 5.469244954412123150e+01 5.354610311517414800e+01 6.183037436266535991e+01 6.482063445199679563e+01 7.310490569950660245e+01 7.482063445199713669e+01 9.482063445199855778e+01 1.027623785040461399e+02 9.690451412777667883e+01 9.909231012260040927e+01 1.073765813702914329e+02 1.174818943432635479e+02 1.091976230955167750e+02 1.045585212843354554e+02 8.455852128433403436e+01 7.041638566060208859e+01 7.776727501992908742e+01 7.038272026645809376e+01 5.038272026645667978e+01 7.038272026645809376e+01 7.196160290303311058e+01 5.290809995159231960e+01 7.290809995159374068e+01 7.453122786466178695e+01 7.520581112201668361e+01 5.933149610705058308e+01 7.347363173078252885e+01 9.347363173078394993e+01 8.825566973473642918e+01 7.411353411092905219e+01 8.071011534235167062e+01 6.176129200480555426e+01 8.176129200480697534e+01 6.388287882443073329e+01 8.388287882443215437e+01 6.602635441078108158e+01
5.525892859567116489e+01 5.296251896913091883e+01 3.354610311517344456e+01 5.354610311517414800e+01 4.482063445199538165e+01 5.482063445199572982e+01 7.482063445199715090e+01 8.076024958266374654e+01 8.904452083022145814e+01 1.031866564540506488e+02 1.033774932455323352e+02 1.116617644932592270e+02 1.048962253923275938e+02 9.661195414469098353e+01 1.048962253923275938e+02 9.190941064366104740e+01 7.190941064365962632e+01 5.776727501992767344e+01 6.882300310992961556e+01 4.973587403910350702e+01 6.973587403910492810e+01 8.119237119911430511e+01 7.290809995159374068e+01 5.385779283495887171e+01 5.453122786466036587e+01 5.520581112201526963e+01 7.520581112201668361e+01 7.689235504111302077e+01 8.517662628864280805e+01 7.892953396505724584e+01 5.997139848719710642e+01 6.071011534235024953e+01 8.071011534235167062e+01 9.004556325234999292e+01 8.388287882443215437e+01 6.495192379208050681e+01 8.495192379208192790e+01
5.296251896913091883e+01 3.296251896913021540e+01 5.296251896913091883e+01 3.413018477549803009e+01 5.413018477549873353e+01 6.104007113012335140e+01 6.811113894198979324e+01 6.076024958266233256e+01 7.490238520639428543e+01 8.923535762180038944e+01 8.337749324553091412e+01 1.033774932455323352e+02 9.489622539226458287e+01 7.661195414468956244e+01 8.746850985198587125e+01 9.575278109956603600e+01 8.605154626746544011e+01 6.882300310992961556e+01 4.882300310992820158e+01 6.882300310992961556e+01 6.973587403910491389e+01 8.973587403910633498e+01 7.385779283496027858e+01 6.799992845869081748e+01 7.453122786466178695e+01 7.520581112201668361e+01 5.618875749638128525e+01 5.689235504111159969e+01 7.689235504111302077e+01 5.892953396505582475e+01 7.892953396505724584e+01 7.485225096608219530e+01 7.485225096608219530e+01 9.485225096608361639e+01 8.128185541063618302e+01 7.909405941581245258e+01 8.961527701330223294e+01
5.255021356035454261e+01 3.255021356035383917e+01 5.196737330772527486e+01 5.413018477549873353e+01 3.471551580978566420e+01 4.104007113012264796e+01 4.811113894198837215e+01 6.811113894198979324e+01 7.854490794530265418e+01 6.923535762179896835e+01 8.923535762180038944e+01 9.636113031030127729e+01 8.661195414469027298e+01 6.661195414468885190e+01 6.746850985198445017e+01 8.420577571572383135e+01 8.232429739754904574e+01 6.232429739754763176e+01 4.818216177381618337e+01 6.818216177381759735e+01 8.038720279818868164e+01 8.867147404573221081e+01 9.385779283496169967e+01 8.799992845869223856e+01 8.285542416304960511e+01 6.285542416304818403e+01 7.618875749638270634e+01 7.689235504111302077e+01 5.789048529812352939e+01 7.789048529812494337e+01 8.721380521259231955e+01 9.485225096608361639e+01 9.485225096608361639e+01 1.031365222137030599e+02 9.542399103436812879e+01 9.909405941581387367e+01 9.114920699099707235e+01
5.851342391157717771e+01 5.138490393661790989e+01 3.196737330772457142e+01 5.196737330772527486e+01 3.513038571660818832e+01 5.513038571660889176e+01 6.369232397074024021e+01 5.222035262496425645e+01 5.854490794530124020e+01 7.854490794530265418e+01 8.517230102755414123e+01 7.688802978001021415e+01 6.807685906266489440e+01 6.807685906266490861e+01 5.592150446819112375e+01 7.592150446819253773e+01 7.493068211203852513e+01 6.664641086453002572e+01 4.754263229442508276e+01 5.331613498632154347e+01 6.038720279818726766e+01 7.193420818198059408e+01 9.193420818198201516e+01 1.046677240648892280e+02 8.785542416304996038e+01 6.785542416304853930e+01 8.785542416304996038e+01 8.047247419559664650e+01 6.047247419559522541e+01 8.047247419559664650e+01 8.990461960727864721e+01 9.593484649883434656e+01 1.030059143107003194e+02 1.112901855583539685e+02 1.154239910343695499e+02 1.074791386095527486e+02 8.747913860955132748e+01
5.022915266408931956e+01 3.138490393661720290e+01 5.138490393661790989e+01 5.554543425418536629e+01 3.554543425418466285e+01 5.554543425418536629e+01 4.369232397073953678e+01 6.369232397074024021e+01 7.187656079978671642e+01 8.016083204731694423e+01 7.688802978001021415e+01 5.688802978000880017e+01 6.274589415627805522e+01 4.807685906266348752e+01 6.807685906266490861e+01 6.512757136183171269e+01 6.575287676131246428e+01 4.664641086452861174e+01 6.664641086453002572e+01 6.019174293509904317e+01 6.964606660487721967e+01 8.038720279818868164e+01 1.002184794295827714e+02 9.638345281727497138e+01 7.638345281727355029e+01 8.785542416304996038e+01 9.613969541061788959e+01 7.680240581415090162e+01 8.047247419559664650e+01 6.435761764502454696e+01 6.990461960727722612e+01 7.593484649883292548e+01 8.300591431069889836e+01 9.455291969449223188e+01 1.145529196944936530e+02 1.157634098572878685e+02 9.778186313647823624e+01
3.080292797463786769e+01 5.080292797463857113e+01 5.966917518410689070e+01 6.382970550167880930e+01 5.554543425418536629e+01 3.613303451055472948e+01 5.613303451055543292e+01 5.773442517605455038e+01 5.187656079978529533e+01 7.187656079978671642e+01 7.016018894719900345e+01 6.187591769969731814e+01 4.274589415627735178e+01 4.336281385475300709e+01 6.336281385475371053e+01 4.512757136183029871e+01 4.575287676131104320e+01 6.575287676131246428e+01 6.664641086453002572e+01 8.019174293510046425e+01 7.652167455365471938e+01 8.964606660487862655e+01 1.086714740459336355e+02 1.034545206291409443e+02 8.345452062913952318e+01 1.034545206291409443e+02 1.050866770617998327e+02 9.680240581415232271e+01 8.756018072112793504e+01 6.756018072112651396e+01 8.756018072112793504e+01 9.593484649883434656e+01 1.030059143107003194e+02 1.112901855583539685e+02 1.228371909422805572e+02 1.141117947550339125e+02 9.411179475503249137e+01
5.080292797463857113e+01 4.345203861531182810e+01 6.345203861531253153e+01 6.809697809357416531e+01 4.809697809357274423e+01 3.654997270977982282e+01 5.654997270978052626e+01 3.773442517605384694e+01 5.773442517605455038e+01 6.661352895529681462e+01 6.187591769969731814e+01 4.187591769969661470e+01 6.100758270959127572e+01 6.336281385475371053e+01 4.424411915323150168e+01 6.424411915323291566e+01 5.046692196922152363e+01 7.046692196922293761e+01 8.605416065016108007e+01 9.493068211215548047e+01 9.652167455365614046e+01 1.048059458013287468e+02 1.179303378528424986e+02 1.117387918768065020e+02 9.500152601293285670e+01 1.117387918768065020e+02 1.143514269855342889e+02 9.435142698553286777e+01 8.020929136180092200e+01 8.756018072112793504e+01 7.272415851607009074e+01 9.272415851607151183e+01 9.537864545496296387e+01 1.095207810786949096e+02 1.295207810786977234e+02 1.223960660028475473e+02 1.107277433830939799e+02
5.708054034853434899e+01 5.759417423904327649e+01 7.173630986282294941e+01 7.638124934109112019e+01 6.483424395727514877e+01 5.654997270978052626e+01 3.714051130513733057e+01 5.714051130513803400e+01 3.832925770779926467e+01 5.832925770779996810e+01 5.953347967192098622e+01 6.014290730725701195e+01 4.100758270959057228e+01 6.100758270959127572e+01 5.838625477696295007e+01 7.252839040073747867e+01 7.046692196922293761e+01 5.776988940262399552e+01 7.776988940262540950e+01 9.548225106601994128e+01 1.054822510660823127e+02 1.135042896573935280e+02 1.052200184097030160e+02 1.135042896573935280e+02 1.150015260129342778e+02 1.232857972607411625e+02 1.175560225316203713e+02 1.084935626094497678e+02 1.002092913618023431e+02 9.979522632793748471e+01 7.979522632793606363e+01 7.904871383640728766e+01 9.904871383640870874e+01 1.132746699632609193e+02 1.215589412110122254e+02 1.201558337989152818e+02 1.001558337989138607e+02
5.977733979838740908e+01 7.383511373780244469e+01 8.587844548660359578e+01 7.905230530639796882e+01 6.346506662547501065e+01 4.346506662547430722e+01 4.868751668893025197e+01 6.542478255263334574e+01 5.832925770779996810e+01 3.892461710637228123e+01 3.953347967192028278e+01 4.014290730725630851e+01 6.014290730725701195e+01 5.255458809338349369e+01 7.255458809338490767e+01 8.667052602451289545e+01 7.776988940262540950e+01 7.776988940262540950e+01 6.719797981844529033e+01 7.719797981844600088e+01 9.719797981844742196e+01 1.035042896573114888e+02 8.522001840970159492e+01 1.035042896573114888e+02 1.092046786878390634e+02 1.049069118909459633e+02 9.755602253161895021e+01 1.116981581555727843e+02 1.139373619516694305e+02 9.393736195166800940e+01 9.393736195166800940e+01 9.904871383640870874e+01 8.660800329659235786e+01 9.327466996325949822e+01 1.132746699632609193e+02 1.284401050467546952e+02 1.091001057089136452e+02
4.555084249028316634e+01 6.555084249028458032e+01 8.015966905815920995e+01 7.076803405887820020e+01 5.076803405887677911e+01 5.501207200926722862e+01 6.868751668893166595e+01 7.697178793644981454e+01 5.950758114370209029e+01 3.950758114370138685e+01 5.950758114370209029e+01 6.014290730725701195e+01 5.647283892581140918e+01 7.255458809338490767e+01 6.888451971193916279e+01 8.888451971194058387e+01 9.776988940262683059e+01 9.548225106601994128e+01 8.719797981844671142e+01 9.548225106601994128e+01 1.054822510660823127e+02 9.522001840970230546e+01 7.522001840970088438e+01 8.920467868783724441e+01 8.920467868783723020e+01 8.490691189094454217e+01 8.341388690788700444e+01 1.034138869078884255e+02 1.222216331994670639e+02 1.139373619516694305e+02 1.139373619516694305e+02 1.148922745442765461e+02 9.815500868038569138e+01 1.132746699632609193e+02 1.074168055869914440e+02 1.274168055869928651e+02 1.232422413326455910e+02
6.555084249028458032e+01 5.187539781062014299e+01 7.187539781062156408e+01 5.929606271310149879e+01 7.076803405887820020e+01 7.501207200926864971e+01 8.329634325680341078e+01 7.837556079664010156e+01 6.009128954911988529e+01 4.009128954911918186e+01 6.009128954911988529e+01 6.920530061026521196e+01 7.647283892581282316e+01 8.475711017336318776e+01 8.888451971194058387e+01 8.505165367786543129e+01 9.333592492543471053e+01 9.229373645375893886e+01 8.969860621382032662e+01 9.798287746141764387e+01 9.754408313263895991e+01 8.814895059783633258e+01 6.814895059783491149e+01 6.920467868783582333e+01 8.133668585139271556e+01 7.076477626721259639e+01 9.076477626721401748e+01 1.092168750413406855e+02 1.087973785773671125e+02 1.117462177004652517e+02 1.122371544597686892e+02 1.205214257075177073e+02 1.181550086803871125e+02 1.264392799282231721e+02 1.274168055869928651e+02 1.357010768350349963e+02 1.432422413326484048e+02
7.672611031134839266e+01 5.672611031134697157e+01 7.672611031134839266e+01 7.929606271310291277e+01 6.872415312892279360e+01 8.872415312892421468e+01 8.423342517285290398e+01 6.423342517285148290e+01 5.009128954911953713e+01 6.009128954911988529e+01 4.092102936276423009e+01 5.506316498649567848e+01 7.506316498649709956e+01 7.822473835178219304e+01 8.178891954159698230e+01 6.505165367786401021e+01 8.178891954159698230e+01 7.229373645375751778e+01 6.969860621381890553e+01 8.643587207756846169e+01 7.754408313263753882e+01 8.470201787819924277e+01 7.641774663066996709e+01 5.920467868783511989e+01 6.133668585139129448e+01 8.133668585139271556e+01 8.093260379365810309e+01 1.009326037936595242e+02 8.879737857736569140e+01 9.174621770046383062e+01 9.223715445976726812e+01 1.089744203236065232e+02 1.231165559475092692e+02 1.171826339415263334e+02 1.229561366334230001e+02 1.292806919537615897e+02 1.363517597656275768e+02
8.207133514959706133e+01 6.207133514959564735e+01 8.207133514959706133e+01 9.628344258910928488e+01 7.628344258910786380e+01 9.628344258910928488e+01 8.642122116767663442e+01 6.642122116767521334e+01 7.009128954912095821e+01 6.150875646214918646e+01 4.150875646214848302e+01 6.150875646214918646e+01 7.063555317339385908e+01 5.822473835178077195e+01 6.471067702107208675e+01 5.350464829407067668e+01 6.597150650840113428e+01 5.815160083002557201e+01 5.815160083002557201e+01 7.815160083002699309e+01 6.340194750890558595e+01 7.369609136091078483e+01 5.641774663066855311e+01 7.641774663066996709e+01 8.133668585139271556e+01 6.460267217510242688e+01 8.460267217510384796e+01 9.061463277542604544e+01 7.465524295363374563e+01 7.760408207673188485e+01 8.069014907597393460e+01 9.483228469970588037e+01 1.096233444813412632e+02 9.718263394152491230e+01 1.029561366334215791e+02 1.092806919537587760e+02 1.163517597656247489e+02
8.810156204115276068e+01 6.810156204115133960e+01 8.810156204115276068e+01 1.045677138367434225e+02 9.042557821283980957e+01 1.045677138367434225e+02 9.470549241527589857e+01 8.100984094108729039e+01 6.695206700166826863e+01 4.695206700166684755e+01 6.150875646214918646e+01 4.235128192589078111e+01 6.235128192589148455e+01 4.408260272804932356e+01 4.471067702107067277e+01 4.533968248479312990e+01 4.597150650839971320e+01 4.660459544623265060e+01 6.660459544623407169e+01 6.929420452645607043e+01 5.185494212511266454e+01 5.369609136090937085e+01 7.369609136091078483e+01 8.470201787819924277e+01 9.288694342265760895e+01 8.460267217510384796e+01 6.803264387795283596e+01 7.061463277542462436e+01 9.061463277542604544e+01 9.760408207673330594e+01 1.006901490759753557e+02 8.554086157670093371e+01 8.962334448133984210e+01 9.778831029061767310e+01 1.077883102906183836e+02 1.277883102906198047e+02 1.363517597656275768e+02
9.638583328877427903e+01 7.810156204115205014e+01 8.443149365970701581e+01 1.044314936597084369e+02 1.104255782128412307e+02 9.888140164529070830e+01 8.733439626144216561e+01 7.272556969356472223e+01 5.272556969356330825e+01 6.695206700166826863e+01 7.063555317339385908e+01 6.235128192589148455e+01 4.319568258773230696e+01 6.319568258773301039e+01 6.471067702107208675e+01 5.948181810852457829e+01 6.011364213213116159e+01 6.660459544623407169e+01 4.750535014445476634e+01 4.929420452645465645e+01 6.929420452645607043e+01 7.369609136091078483e+01 6.524309674470269726e+01 7.679010212849603079e+01 9.679010212849745187e+01 9.559193333813932725e+01 7.559193333813790616e+01 9.061463277542604544e+01 8.130508245192235961e+01 1.013050824519237807e+02 1.138251328243689073e+02 1.055408615767023548e+02 9.623131125319866896e+01 1.096233444813412490e+02 1.260725815384182198e+02 1.277883102906197905e+02 1.477883102906363604e+02
