LEM_wLE/output/LEM_woLE_example/elevation_000004.asc
nrows	100
cellsize	150.0
xllcorner	0
ncols	100
yllcorner	0
NODATA_value	-9999
[rows 51 to 67 of 100, columns 37 to 73 of 100]
4.327358238345323826e+01 4.776903763203876707e+01 5.176942661534548051e+01 3.843467009463630291e+01 5.843680487569996984e+01 7.428254766656075958e+01 7.800276239797706523e+01 6.971714219018321046e+01 5.806656814917768372e+01 4.392302391630744296e+01 6.392522151828579524e+01 6.121155005870885901e+01 4.203815213965621211e+01 6.204031027449964597e+01 5.181485211611602892e+01 6.595855445995243826e+01 8.596154738295015818e+01 9.841089621842661472e+01 9.255194904146063095e+01 8.314471950881974749e+01 6.314180144459567856e+01 7.049376332228493425e+01 5.139547098936676406e+01 7.139783961806959667e+01 6.645206387063352338e+01 8.645511229510610463e+01 8.664528788960517147e+01 7.835953890288396906e+01 6.050115225187220602e+01 8.050407760313518679e+01 8.472315192983030840e+01 8.070570084487695794e+01 8.070570084487695794e+01 1.007091938513807605e+02 9.325532580566685681e+01 8.854040917017991319e+01 1.026851590766408151e+02
4.719623944835229423e+01 6.137992039957367041e+01 6.672228757713178027e+01 5.843680487569996984e+01 4.599464465706104477e+01 6.013829301444985731e+01 8.014108518075809684e+01 8.635497685691568392e+01 6.877649900029292951e+01 4.877416952280799478e+01 6.877649900029292951e+01 7.032583559123732186e+01 6.204031027449964597e+01 4.286977064997422104e+01 6.287193084403985921e+01 7.199490998815831233e+01 7.929824485406922463e+01 7.840753791467189160e+01 7.254873099417510218e+01 7.788081425887276055e+01 6.959517955011673962e+01 5.049144212631772888e+01 6.049235136835643800e+01 7.968350116467847499e+01 8.645511229510610463e+01 9.474092786178319159e+01 1.005075430501677118e+02 8.050407760313503047e+01 8.050407760313518679e+01 6.290913692098870769e+01 6.472007469576485050e+01 6.656146923156222783e+01 8.656458829906422636e+01 9.155373431700914466e+01 7.911088247489786340e+01 9.325532580566685681e+01 1.132591999292735068e+02
3.309252605462594943e+01 5.309449968716113943e+01 6.845184050626316719e+01 7.428254766656023378e+01 5.493980021999985297e+01 6.013829301444985731e+01 8.014108518075811105e+01 8.510884164090950321e+01 6.510588875395303887e+01 5.480492531288644642e+01 7.480750313424340447e+01 7.920408447746200409e+01 5.920136307614871640e+01 6.287193084403985921e+01 4.370719862225420371e+01 6.370936206994883833e+01 5.929551325683627994e+01 6.575671861098480520e+01 5.840483628123369897e+01 6.959517955011673962e+01 4.959289922499115022e+01 6.959517955011673962e+01 7.877941150752138810e+01 7.682448927660884408e+01 9.096890448146801589e+01 1.109726127363009027e+02 1.020217171169815487e+02 8.201816535148708454e+01 7.046945116015473332e+01 8.291215840929818626e+01 7.886427873447895820e+01 8.656458829906422636e+01 6.927099604634632612e+01 7.155053792520241984e+01 9.155373431700914466e+01 9.818597473416117793e+01 1.064719166970516255e+02
4.464052919481110138e+01 4.016416047837226699e+01 6.016633702452539012e+01 7.661788433381238406e+01 7.494241766370674895e+01 7.127177104429014776e+01 8.014108518075811105e+01 9.339462402675373198e+01 8.147512310020974269e+01 6.147226320235705543e+01 8.147512310021137694e+01 8.748980933098101787e+01 7.187532363107018796e+01 5.187288454714427388e+01 6.370936206994883833e+01 4.455055891875923635e+01 4.515200410236932527e+01 4.575453848122945288e+01 6.575671861098480520e+01 6.896138303921296142e+01 4.895912683109578722e+01 5.184607678609972226e+01 7.184848147161929433e+01 8.430503913684312067e+01 8.496494551553956853e+01 1.049685160285025631e+02 1.103076654756263792e+02 9.679828837647616524e+01 7.679489861811217111e+01 9.679828837647616524e+01 9.886772305827173568e+01 9.286684404583124319e+01 7.286361763699825644e+01 9.155373431700914466e+01 7.523335523175032336e+01 7.818259308177789535e+01 9.818597473416117793e+01
6.464283814255547611e+01 6.016633702452539012e+01 4.832987926245038324e+01 5.727506371467514157e+01 7.727776484788097378e+01 9.127492214618304445e+01 9.956072663385621979e+01 1.084302930070782196e+02 8.976088701290294125e+01 7.147351279445675232e+01 8.976088701279977045e+01 8.130475182340008189e+01 6.130191397087946115e+01 7.187532363107018796e+01 6.926731789529834771e+01 4.926500510280051515e+01 6.515417769941132065e+01 6.575671861098480520e+01 4.661014835249955013e+01 6.661234179422278601e+01 4.834068492169888032e+01 6.834292085888910151e+01 5.601667417297958451e+01 6.496192284623199953e+01 7.910607007681352343e+01 9.910952205996692044e+01 1.131313423668035369e+02 9.312751825798808625e+01 9.093931315575066776e+01 9.679828837647616524e+01 9.831108158697337274e+01 7.830767556551465702e+01 9.286684404583124319e+01 1.011527341581942778e+02 9.523663701362072231e+01 8.376258311595101702e+01 8.254752524551842896e+01
7.927972105005552805e+01 7.661788433381279617e+01 5.987811133917616502e+01 7.661788433381261143e+01 7.360710533389183752e+01 8.775141426076844198e+01 1.077549926733034624e+02 1.149052538040826335e+02 9.976258414520933115e+01 8.561781031477215720e+01 9.285363449619042342e+01 7.285038293627128780e+01 8.130475182340008189e+01 7.995925576966361348e+01 5.995647160639000361e+01 5.593223652671529322e+01 7.593485857958971508e+01 7.489793157253578215e+01 6.661234179422278601e+01 4.746732406525220682e+01 6.746953570967687597e+01 7.662853663622365730e+01 5.921951725200002414e+01 7.922233631403172183e+01 9.222289025169327203e+01 1.063675582560508133e+02 1.168787470677547589e+02 1.131313423668035369e+02 1.109431058159594272e+02 1.168021587188443817e+02 1.065970212767443428e+02 9.831108158697337274e+01 8.420617294342039827e+01 1.042098416864718473e+02 1.100919966764871560e+02 9.008811478504301817e+01 1.025511161352657012e+02
7.099383153988485162e+01 8.169093893262891015e+01 7.988090087833342068e+01 8.816661938212142502e+01 9.267989989886281421e+01 1.009665603367939468e+02 1.090457451126303852e+02 9.489941743542961206e+01 1.090457451038900416e+02 1.056214249941426147e+02 1.011394935577192769e+02 8.439912708364624905e+01 9.410371128334686830e+01 7.410043046351296425e+01 7.995925576966359927e+01 6.349231595340650358e+01 8.349526126165380902e+01 7.263414740826999605e+01 5.263169230999083936e+01 5.641235323235023458e+01 6.379893474784997665e+01 8.380183703917606408e+01 7.922233631403172183e+01 6.393408374796529614e+01 7.807822224733564553e+01 8.858903935486605974e+01 1.027338932113526653e+02 1.116798425294412596e+02 1.232291452569990611e+02 1.222493284322415548e+02 1.022452567796730420e+02 9.069604632669070554e+01 1.042098416864718473e+02 1.124958205737654140e+02 1.171644954059196380e+02 9.716044815986023764e+01 1.171644954059196380e+02
5.340193512661507214e+01 6.754608704648747164e+01 8.754971576157666391e+01 8.941659721079386713e+01 7.267504413012753162e+01 8.598189415104147315e+01 9.132840201376680511e+01 8.075369045376415045e+01 9.230355645354515559e+01 1.123093299748066585e+02 1.126886380685522511e+02 1.044027063982275649e+02 1.023895776229091865e+02 9.410371128334686830e+01 8.349526126165382323e+01 7.504085667436322638e+01 8.418286324891980144e+01 6.417990065073877304e+01 5.689605217490630196e+01 7.641498424373892817e+01 7.274432299576390903e+01 9.208761611726950491e+01 9.222289025169332888e+01 8.393709013390316898e+01 6.909872208249312564e+01 7.444467494678640662e+01 8.339026685185392296e+01 9.493924668954946355e+01 1.149431450831956028e+02 1.305353628554240117e+02 1.177724790685726646e+02 9.776840902426563673e+01 1.013885268209801467e+02 1.213925981975444586e+02 1.254505140494009510e+02 1.113054350332547813e+02 1.171644954059196522e+02
5.340193512661507214e+01 7.340501424879917636e+01 8.338499302944020997e+01 7.509859013131992356e+01 6.112586561278153141e+01 6.597739743116041211e+01 7.132360137508230480e+01 9.132840201376680511e+01 1.090457451038900416e+02 1.205961465838388733e+02 1.124169919781651004e+02 1.041302051117794889e+02 1.124169919724352837e+02 1.117847111534298818e+02 1.033300738490411987e+02 9.504419270176450141e+01 7.832399885688546703e+01 8.126372094605450513e+01 6.126083496015875340e+01 8.126372094605450513e+01 9.274755381583611324e+01 1.010334113214139222e+02 1.006509202130847740e+02 8.064740347948503540e+01 8.910188444814734510e+01 7.910014720179968606e+01 8.709574554476110109e+01 9.864479308384468936e+01 1.186487308805259744e+02 1.319174995865683115e+02 1.119134197299731568e+02 1.119134197299731568e+02 1.155335370539442152e+02 1.177217776354038108e+02 1.377258766362333802e+02 1.313095184203700114e+02 1.371686111994946202e+02
6.754643702963691965e+01 7.794052164182467379e+01 6.965421800199567315e+01 5.509468960094890377e+01 7.509859013131992356e+01 8.598189415104147315e+01 9.132840201376680511e+01 9.961506041908376119e+01 9.511096159566375263e+01 1.033976330957178931e+02 1.024141677426581793e+02 8.412473262453076472e+01 1.024141676970720312e+02 1.055676677278924132e+02 1.138544433643970564e+02 9.832741312427418734e+01 9.832741312427418734e+01 8.758926033768602792e+01 6.758614843101462100e+01 7.126210680817681009e+01 8.540640933217700592e+01 1.054100330947570257e+02 1.006509202130847882e+02 9.479192813712090526e+01 1.073895483586112647e+02 8.910174018768782389e+01 9.910362170408001248e+01 1.153854204341706549e+02 1.269347449007113937e+02 1.402035753548846344e+02 1.319174995865683115e+02 1.319174995865684537e+02 1.355376230731973521e+02 1.377258766362333802e+02 1.355270710385411235e+02 1.255212607351372611e+02 1.172320319362800660e+02
8.047765468798559141e+01 6.965421800199567315e+01 4.965059431940456136e+01 6.965421800199567315e+01 8.338499302944019576e+01 8.843095690649539620e+01 8.014447447051614404e+01 8.843095690649727203e+01 7.510600790136619764e+01 9.184762545446795912e+01 9.412746886815058645e+01 7.412250884175301735e+01 9.142166435926515078e+01 8.556219791060426871e+01 1.055676677278924132e+02 1.183312383363071518e+02 1.002405831397800426e+02 8.023708540546017787e+01 7.913479898526985323e+01 9.126533508393234229e+01 8.540640933217700592e+01 1.054100330947570114e+02 1.206548354555092288e+02 1.147957783447134119e+02 1.173914827663266749e+02 1.091055032204721726e+02 1.173914827663293039e+02 1.273935448648946789e+02 1.300884358884738674e+02 1.383776646035607314e+02 1.421726358305628821e+02 1.338833745683233474e+02 1.421726358305630527e+02 1.413882542011371584e+02 1.213763445029018726e+02 1.072263667261920830e+02 9.722132008592831198e+01
6.968933300074084514e+01 6.140318526309579283e+01 4.611459406611695044e+01 6.025895507155253483e+01 8.026313429313671577e+01 7.842869914069375170e+01 6.014029973300350207e+01 7.201157525492344291e+01 6.355673912362344424e+01 8.356109619512375275e+01 8.705464742213456475e+01 6.705009200902276234e+01 7.141686918383328475e+01 9.142166435926515078e+01 9.990249587000705844e+01 1.081892564062997621e+02 1.085265064003593807e+02 9.438159932399797469e+01 9.913826932040039708e+01 1.074241870270681289e+02 1.054100330947570114e+02 1.136959822868553971e+02 1.233047871546705210e+02 1.212474148275355077e+02 1.190585015224053933e+02 1.107695443450466399e+02 1.190585015224085339e+02 1.268240015400273251e+02 1.100770854378624790e+02 1.268240015400274388e+02 1.321667937562230009e+02 1.138718407015732907e+02 1.321667922601822909e+02 1.347461754223270702e+02 1.264568507505204593e+02 1.255212607334243700e+02 1.072266760108933710e+02
5.693033070554159281e+01 4.139997157452879861e+01 6.140318526309579283e+01 7.440428075171112710e+01 7.182380864624421690e+01 7.014238710175989411e+01 5.013873642567952515e+01 5.200782683226861280e+01 7.201157525492348555e+01 7.208135701519574923e+01 7.556359104694213613e+01 6.072445822891381795e+01 6.649893644928822312e+01 7.282467313530540309e+01 7.989721550540964756e+01 9.144705836060575166e+01 1.114528383079609171e+02 1.143854213295666540e+02 1.168206464179790061e+02 1.068153004623560633e+02 9.852660048022387684e+01 1.068153004623501801e+02 1.032940450355665831e+02 1.012368095599988607e+02 1.090533263302297797e+02 9.075959262106387371e+01 1.090533263302450848e+02 1.185348773189654139e+02 9.852415987170809331e+01 1.078386989259402071e+02 1.138720640363724499e+02 1.038665204374690205e+02 1.238776076349483475e+02 1.197201906368288604e+02 1.064457173894452922e+02 1.101178287807138361e+02 1.155157206159918815e+02
3.692735477779321940e+01 5.693033070554159281e+01 5.223052953528767972e+01 6.051649838568434348e+01 5.182006259521516256e+01 5.967933719791749070e+01 4.257843984929742476e+01 6.258171781571436298e+01 6.836675644178686184e+01 5.207762073463173635e+01 5.555967950177349479e+01 7.556359104694213613e+01 8.650346011554893266e+01 9.282956116733453200e+01 9.990249587000705844e+01 1.081892564062991511e+02 1.197396644923532563e+02 1.089522541904013906e+02 1.006635396113887140e+02 8.852221353216481248e+01 7.851782658410574811e+01 9.681063262746336306e+01 8.914533395698893514e+01 8.708825010058022542e+01 9.076006727816677255e+01 8.075556607327835934e+01 1.007645684830552426e+02 1.097998645710309233e+02 1.015110369509298209e+02 8.782887482112990085e+01 9.386165574160384040e+01 1.138720640363724499e+02 1.138594284227653191e+02 9.970948902835532124e+01 1.101178287807138219e+02 9.010785544732961228e+01 9.856506529020718688e+01
3.387711534337186237e+01 4.961529628924193247e+01 3.222784150401212599e+01 5.223052953528767972e+01 3.767600117310516339e+01 3.967620686302223021e+01 5.967933719791749070e+01 4.580212793724918896e+01 4.836319882163252970e+01 6.836675644178686184e+01 5.797618364211479047e+01 7.798022782624981630e+01 8.915802071478445612e+01 8.915802071478445612e+01 1.091635813078436144e+02 1.276971637111249862e+02 1.155216168434766359e+02 1.006635396113891261e+02 8.065459995837248641e+01 8.651508269838757315e+01 6.851443647584069652e+01 8.852221353216481248e+01 7.759378268475413165e+01 8.345418198824718559e+01 7.075207639899632284e+01 9.076006727816677255e+01 1.069343199110191733e+02 1.010733629871954946e+02 8.150191378426413280e+01 9.561066842969046320e+01 1.038993339662148685e+02 1.180487566763229808e+02 1.038544090062498668e+02 8.556096012084168478e+01 1.038544090062485878e+02 9.856506529020718688e+01 7.855633031745195183e+01
4.741309550375847692e+01 2.961281432529374413e+01 4.961529628924193247e+01 3.488880771638433487e+01 5.489167086369017312e+01 5.967933719791747649e+01 6.796545237356130542e+01 6.580556333654445211e+01 5.336248240069934212e+01 7.336629310913443192e+01 7.798022782624981630e+01 6.430177578273668360e+01 6.915334414001043228e+01 8.915802071478445612e+01 1.059749795421392520e+02 1.076910578958807463e+02 1.013724492576620833e+02 8.722328167195857418e+01 8.651508269838842580e+01 6.650745356655650653e+01 6.184574900527579899e+01 8.185295451339014505e+01 7.755433990376880615e+01 6.344684405561585550e+01 8.345418198824718559e+01 9.904855724519265436e+01 8.692487320651370908e+01 8.106437685225803591e+01 9.035619538229153136e+01 7.560223116966051293e+01 8.974991125610658571e+01 1.074895188742923722e+02 9.556572397700915644e+01 7.555730805299009489e+01 9.556572397700915644e+01 9.614953206467895086e+01 8.786108840994911873e+01
2.741082016309882619e+01 4.741309550375847692e+01 5.790121113174051004e+01 4.903275102894340165e+01 4.643720948012205696e+01 5.798596678881195032e+01 7.799003276546842756e+01 7.336629310913444613e+01 7.336629310913443192e+01 6.279210165954565070e+01 8.279641850579056950e+01 7.844680307346185089e+01 8.915802071478445612e+01 7.768309469865660333e+01 8.768543372504596789e+01 1.076910578958807321e+02 9.308392991729023436e+01 7.307568489806226353e+01 8.042960466859423718e+01 7.582055507939502093e+01 5.581385682445090168e+01 7.200543690864610369e+01 5.754748563227847313e+01 7.755433990376880615e+01 9.174243730694222165e+01 9.068227519266385173e+01 8.239404938010548562e+01 6.691729692529328588e+01 7.034832083953229187e+01 9.035619538229153136e+01 1.038993339662149822e+02 9.920078187651077428e+01 7.919202378474909665e+01 6.888853818046713684e+01 8.889625200233619751e+01 8.786108840994911873e+01 6.785355368066304038e+01
