LEM_wLE/output/LEM_woLE_example/elevation_000007.asc
nrows	100
cellsize	150.0
xllcorner	0
ncols	100
yllcorner	0
NODATA_value	-9999
[rows 0 to 16 of 100, columns 37 to 73 of 100]
1.485289466219242343e+02 1.485289466219242343e+02 1.568132141816368801e+02 1.467697110636637774e+02 1.384854425986157764e+02 1.384854425986157764e+02 1.377225363049194016e+02 1.177225366266929711e+02 1.177225366266929569e+02 1.206606638290614626e+02 1.123763934302377834e+02 1.181498961160951779e+02 1.248165627723024329e+02 1.323758522134212683e+02 1.406601215739482882e+02 1.522071256211579566e+02 1.423438311449571358e+02 1.340595619293200116e+02 1.423438311449571358e+02 1.421544799327622854e+02 1.504387480411132572e+02 1.394541973499890730e+02 1.311699278308597911e+02 1.374944831314012106e+02 1.445655509090308612e+02 1.528498192116803125e+02 1.617940897149945272e+02 1.733410920300335647e+02 1.764381218431991840e+02 1.664381256007920911e+02 1.581538609775401767e+02 1.606646243113388834e+02 1.523803583567532201e+02 1.606646243113388834e+02 1.485948141512667462e+02 1.403105462018727962e+02 1.485948141512667462e+02
1.285289467974196782e+02 1.285289467974196782e+02 1.485289466219242343e+02 1.384854425986157764e+02 1.184854427126251153e+02 1.184854427126251153e+02 1.309962097780420152e+02 1.177225366266929569e+02 9.772253665238625331e+01 1.050734260022693434e+02 9.237639344511728723e+01 9.814989613701314397e+01 1.048165628036793464e+02 1.123758522638633650e+02 1.239228576476421608e+02 1.439228575283271994e+02 1.323438318836640804e+02 1.140595619868735184e+02 1.323438318836640804e+02 1.221544800696010213e+02 1.316095524356865667e+02 1.233252824421210647e+02 1.111699278736614502e+02 1.174944831939977661e+02 1.245655510058627442e+02 1.335098229158606387e+02 1.450568282994518654e+02 1.650568278854751156e+02 1.681538607312654392e+02 1.481538612238149710e+02 1.381538612238673238e+02 1.481538611007037787e+02 1.323803585319735134e+02 1.506646262446031699e+02 1.385948153475116271e+02 1.203105462872954803e+02 1.385948153475116271e+02
1.143868111741010551e+02 1.343868111222874404e+02 1.435572269395939031e+02 1.376993629271470354e+02 1.243433070555015973e+02 1.043433070891356493e+02 1.143433070723190639e+02 1.027119400209295463e+02 1.035698043882689348e+02 8.507342601171558272e+01 1.050734260022693434e+02 1.181498961160951779e+02 1.176100380110459014e+02 1.258943080056022126e+02 1.406601215739482882e+02 1.372241702069554492e+02 1.240595619580970919e+02 1.040595619868742290e+02 1.240595619580970919e+02 1.106074746860992946e+02 1.164653390453436970e+02 1.033252824681346453e+02 1.233252824421210647e+02 1.306515201869408997e+02 1.366817470619187134e+02 1.433484137010948700e+02 1.516326822396056286e+02 1.616326807129278507e+02 1.764381218431991840e+02 1.664381256007921195e+02 1.481538611007037787e+02 1.281538612238703649e+02 1.223803585319749061e+02 1.357136918069011529e+02 1.303105462445846285e+02 1.103105462872961908e+02 1.303105462445846285e+02
1.083565842825462084e+02 1.283565842463548279e+02 1.235572273926188842e+02 1.176993630532988533e+02 1.261523576161882687e+02 1.143433070723190639e+02 9.434330708913634567e+01 8.856980439724048892e+01 8.356980439724084420e+01 8.090313773057437174e+01 1.009031377230978137e+02 1.034679024118371302e+02 9.761003804572548859e+01 1.176100380110459014e+02 1.309258406805258801e+02 1.289399006586110374e+02 1.089399007039988163e+02 9.739289532020802653e+01 1.095482499030213432e+02 1.121520281208923819e+02 9.646533906243476508e+01 1.009374750174340392e+02 1.056515202253440293e+02 1.106515202253436740e+02 1.166817471168985207e+02 1.233484137835647232e+02 1.333484137835629326e+02 1.533484136186269211e+02 1.628570938033576567e+02 1.544041036591794409e+02 1.461198367944843710e+02 1.481538611007037787e+02 1.357136918069011529e+02 1.157136918653087037e+02 1.236438795921555709e+02 1.036438796206299884e+02 1.187931670983352035e+02
1.207972947998499080e+02 1.366408540098844639e+02 1.235572273926188700e+02 1.035572274299314586e+02 1.061523576698032372e+02 1.202944924108283828e+02 1.143433070723190639e+02 1.085698043852779193e+02 9.690313772459339248e+01 7.690313773057464175e+01 9.277745274079236992e+01 8.346790242203597643e+01 1.034679024118371302e+02 1.145959091578120734e+02 1.109258407979063179e+02 1.309258406805258801e+02 1.145445407567544720e+02 1.062602701588312755e+02 8.954824991468122164e+01 9.215202813429752382e+01 1.121520281208923819e+02 1.209374749954206152e+02 1.256515201965418385e+02 1.306515201869408997e+02 1.306515201869408997e+02 1.433484137010948700e+02 1.516326822396056286e+02 1.616326807129278507e+02 1.528570986581030695e+02 1.345728314919112449e+02 1.261198369351601372e+02 1.407457884872112572e+02 1.324615197578190191e+02 1.295415578264428405e+02 1.095415578668254568e+02 1.187931670983352035e+02 9.879316711990367139e+01
1.171272264396974805e+02 1.371272263236612616e+02 1.245209895148747847e+02 1.120102220303688085e+02 9.201022204614032773e+01 1.120102220303688085e+02 1.175400542776144448e+02 1.169031376363484185e+02 9.690313772459340669e+01 9.277745274079236992e+01 7.277745274553974753e+01 9.277745274079236992e+01 1.030489037873230274e+02 9.459590918085424960e+01 1.145959091578120734e+02 1.113419777553018548e+02 1.030577070842899019e+02 8.626027016857430851e+01 1.062602701588312755e+02 1.121520281208923819e+02 1.003169939435742037e+02 1.078762834037582223e+02 1.168205553137567563e+02 1.283675606975206449e+02 1.483675605417143402e+02 1.589357858343578016e+02 1.700086347934186222e+02 1.587149667722201514e+02 1.387149671737928429e+02 1.245728315513782434e+02 1.145728315513790392e+02 1.256285596085073166e+02 1.124615198172613759e+02 1.167442261324433161e+02 1.215603446434149362e+02 1.132760745074816526e+02 9.550518737379675827e+01
1.371272263236612616e+02 1.303788549017010610e+02 1.103788549778375199e+02 9.623671935424376045e+01 8.623671935424447099e+01 9.957005268009916676e+01 9.754005431278434912e+01 1.116821892871591757e+02 1.074218625625801451e+02 9.015132408422138610e+01 7.015132408834547562e+01 9.015132408422138610e+01 8.304890379706255032e+01 1.030489037873230274e+02 1.083438510612896692e+02 1.000595803295332757e+02 8.305770709247278205e+01 9.012877490433776018e+01 1.042709105280240180e+02 1.242709104849587334e+02 1.203169939209209645e+02 1.166469255609186746e+02 1.361605530748256569e+02 1.451048242557811818e+02 1.566518280490768973e+02 1.641507647518663191e+02 1.500086355571005186e+02 1.641507647518663191e+02 1.497706950418098018e+02 1.297706952646263119e+02 1.156285596413797947e+02 1.056285596413805052e+02 1.009145144334705151e+02 9.674422615232930411e+01 1.110873718885759587e+02 9.327607452349549533e+01 1.074182101471790247e+02
1.269461986837153091e+02 1.225771576323079302e+02 1.142928874602679770e+02 1.145209898991280397e+02 9.957005268009916676e+01 7.957005268757826855e+01 8.339791868909431116e+01 1.016821895167562673e+02 9.913759186497158282e+01 7.913759187347943680e+01 6.759058648968773753e+01 7.362081338124258423e+01 9.362081337609431841e+01 1.049766161815434913e+02 1.000595803295332757e+02 8.005958033648954597e+01 1.000595803295332757e+02 1.101287748916794982e+02 1.042709105280240180e+02 1.184130461509096790e+02 1.384130460067614479e+02 1.366469254440648058e+02 1.449311940782823172e+02 1.643069005628387060e+02 1.560226361908075887e+02 1.558664997096923344e+02 1.358664999367715609e+02 1.558664997096923344e+02 1.546371417299833979e+02 1.439128280575201586e+02 1.339128290585437924e+02 1.256285596085073166e+02 1.209145144083455534e+02 1.110873718885759587e+02 9.108737190283731877e+01 1.110873718885759587e+02 1.215603446434149362e+02
1.186619286257930241e+02 1.142928874602679770e+02 9.429288748678723664e+01 1.001507518552889593e+02 9.382619653741605248e+01 8.805269384705798075e+01 7.339791868909502170e+01 9.339791868392400431e+01 9.172773589627463764e+01 8.344346492964550066e+01 6.529642915098227718e+01 8.529642914779883256e+01 8.919049069536934837e+01 8.497661619605366923e+01 9.799673783773332048e+01 7.799673784397209886e+01 8.954374322776379813e+01 1.036858788514138894e+02 1.236858788012951891e+02 1.325551802165545325e+02 1.341509071463175644e+02 1.424351762223137143e+02 1.539821800608916362e+02 1.560226361908075887e+02 1.360226365036699576e+02 1.418805007883037206e+02 1.283072104765888923e+02 1.383072104059627065e+02 1.346371420907122456e+02 1.546371417299833979e+02 1.482267304343556873e+02 1.340845967911409389e+02 1.240845974914435601e+02 1.096588004610232900e+02 8.965880047426598765e+01 1.096588004610232900e+02 1.226277902333859942e+02
1.160989299080747230e+02 1.142928874602679912e+02 9.429288748678723664e+01 8.015075186307907984e+01 7.382619654274276400e+01 6.805269385084690725e+01 8.368833604316513686e+01 8.989817849964175878e+01 8.161390751492443485e+01 6.344346493253407715e+01 8.344346492964550066e+01 6.756827648797037966e+01 6.919049069927790185e+01 7.083448057233135842e+01 9.083448056807274895e+01 7.598666221345381189e+01 9.012879783717187365e+01 1.101287978180562703e+02 1.273179469868023261e+02 1.226039018020168214e+02 1.141509072147193251e+02 1.256979125984173322e+02 1.456979124368006353e+02 1.526054785931984270e+02 1.418805007883037206e+02 1.218805008806920540e+02 1.383072104059627065e+02 1.183072104765902992e+02 1.383072104059627065e+02 1.404435328557943023e+02 1.321592645052246837e+02 1.199424631479262757e+02 1.058003275244327170e+02 9.580032752443342758e+01 8.824103806424940899e+01 1.082410380519455089e+02 1.026277902655815950e+02
1.019567946799811580e+02 1.119567944635929990e+02 1.084350225595476900e+02 1.001507518552889593e+02 9.035500270835031245e+01 7.035500271279356355e+01 6.368833604612736110e+01 7.980319259431168177e+01 6.161390751754874628e+01 8.161390751492443485e+01 8.344346492964550066e+01 8.171041211169456631e+01 8.333262632300119321e+01 9.083448056807274895e+01 7.319973015628752933e+01 9.319973015145777140e+01 1.042709330108079087e+02 1.088114535984434355e+02 1.073179470387834584e+02 1.026039018309321591e+02 1.226039018020168214e+02 1.374754206613807526e+02 1.490224248564477136e+02 1.443212113055707562e+02 1.243212114205073249e+02 1.143212114205080354e+02 1.264765659800534934e+02 1.131432326816474330e+02 1.331432326292557775e+02 1.321592645052246837e+02 1.121592645953643199e+02 1.180171289452320451e+02 1.240845974914435601e+02 1.068542875622356121e+02 8.685428757368643460e+01 9.262779026558229134e+01 1.126277902494843772e+02
8.367252382816712952e+01 1.036725238182797000e+02 1.134490134555085490e+02 9.344901348037546995e+01 8.190200809658526282e+01 9.035500270835031245e+01 7.980319259431168177e+01 5.980319259669843746e+01 7.980319259431168177e+01 8.989817849964175878e+01 1.034434648847478542e+02 1.017104120994554677e+02 1.033326263096827518e+02 1.014840009979920410e+02 9.319973015145777140e+01 7.791377536419751948e+01 9.791377535787829345e+01 8.881145361039264685e+01 9.317581141511219300e+01 1.002468792269771711e+02 1.091911511369757051e+02 1.207381565207569594e+02 1.407381564195831913e+02 1.526054785931984270e+02 1.426054800338475843e+02 1.264765659800534934e+02 1.064765660149812305e+02 1.264765659800534934e+02 1.414275014385246152e+02 1.342706232380036226e+02 1.180171289452320451e+02 9.801712897177277739e+01 1.073266792829222140e+02 1.055119754525761664e+02 8.551197546325848009e+01 1.055119754525761664e+02 1.126277902494843772e+02
1.019567946799811580e+02 1.119567944635929990e+02 1.217332836520053121e+02 1.101862787074193761e+02 1.019020080860730531e+02 9.733649133758798655e+01 7.865041175904082138e+01 5.865041176129000178e+01 7.279254738501747113e+01 9.279254737735001868e+01 1.056135312193142397e+02 9.732926049572714078e+01 1.056135312193142397e+02 1.171605362362212901e+02 1.061980461247505900e+02 9.791377535787829345e+01 8.291377536419717842e+01 1.029137753557716337e+02 1.131758113998275803e+02 1.202468792033331653e+02 1.285311492962604802e+02 1.257204032520539982e+02 1.257204032520539982e+02 1.340046726496425151e+02 1.372380845209915492e+02 1.172380846196795972e+02 1.030959489960673920e+02 1.186786879304603133e+02 1.269629577862569789e+02 1.201284888356971976e+02 1.059863544333907157e+02 1.073266792829222140e+02 8.732667929527654849e+01 1.023095648668228534e+02 8.417864212992523676e+01 9.832077775363222827e+01 1.183207777196737993e+02
1.105679216584694444e+02 1.069013353039350278e+02 1.151856057542000968e+02 1.111504081108513162e+02 1.028661375842230541e+02 8.905222047143739417e+01 6.905222047645401062e+01 5.750521509266230424e+01 7.750521509054186708e+01 9.561353140733361045e+01 8.732926049968905602e+01 7.732926050364966386e+01 8.887626588744136313e+01 1.088762658686981695e+02 1.211867170370357911e+02 1.111980460201928054e+02 1.029137753557716337e+02 9.556288600486826113e+01 1.097050216283939506e+02 1.297050215508494659e+02 1.198625379793509751e+02 1.057204033090593782e+02 1.057204033090593782e+02 1.257204032520539982e+02 1.394258804627848178e+02 1.194258806131997233e+02 1.186786879304603133e+02 9.867868795307383323e+01 1.145083996540342355e+02 1.118442187888987291e+02 9.184421880980181641e+01 9.919510816144561716e+01 8.100212397494023264e+01 8.230956487586136916e+01 1.023095648668228534e+02 1.124629125675592860e+02 1.236772118898747266e+02
9.794946016703272562e+01 8.690133532171606134e+01 1.036386007031209573e+02 9.960340302721998285e+01 8.286613759863088546e+01 9.051142704107788006e+01 7.051142704789626237e+01 5.636929142416821037e+01 7.477056988837330209e+01 7.948461509571600914e+01 6.732926050365036019e+01 8.732926049968905602e+01 1.056135312193142397e+02 1.117950662735650411e+02 1.011867170902124258e+02 1.081466867054397198e+02 1.164309570985657132e+02 1.155628859819508278e+02 1.238471561823619851e+02 1.176718089144678601e+02 1.093875385735635035e+02 9.157826768540138573e+01 1.111738665239417969e+02 1.194581368519894795e+02 1.294581363402516558e+02 1.394258804627848178e+02 1.269629577862569789e+02 1.145083996540342355e+02 9.450839967193262225e+01 1.104677894794417341e+02 9.919510816144561716e+01 7.919510816912985263e+01 9.742039514329535166e+01 1.023095648668228534e+02 1.105938353670103567e+02 1.036772120558502053e+02 1.036772120558502195e+02
7.794946017785782999e+01 7.535432993792508682e+01 9.535432993040843996e+01 9.131913220874902493e+01 7.131913221483918619e+01 8.062868253550804809e+01 8.150487242540972943e+01 7.322060137193163598e+01 5.477056989021340172e+01 5.948461509812355530e+01 7.948461509571600914e+01 9.561353140733361045e+01 1.059372013856514769e+02 9.179506630096830122e+01 8.704458146658632245e+01 8.814668672346597589e+01 1.022888223470310720e+02 1.222888222860519534e+02 1.117741308608678565e+02 1.034898603324099895e+02 8.938753859066190444e+01 8.450719987353640761e+01 9.117386654020261005e+01 1.011738665402018995e+02 1.211738665076807422e+02 1.386754509203781822e+02 1.286754517681649190e+02 1.203911820444013472e+02 1.104677894794417341e+02 9.046778949372405521e+01 1.074793787413249930e+02 9.742039514329535166e+01 7.742039515029775032e+01 9.586103279267049970e+01 9.476668148269477854e+01 8.367721206739155093e+01 9.259731356762108589e+01
6.380732455413338755e+01 8.380732455095629518e+01 9.807630213115976403e+01 9.960340302721998285e+01 8.062868253550804809e+01 6.062868253834295729e+01 7.168441062677696607e+01 5.322060137362919363e+01 6.736273699735771459e+01 7.948461509571600914e+01 8.776888609715382472e+01 1.017552523842780943e+02 9.593720157624477451e+01 7.765293067726710774e+01 7.549757608279462318e+01 8.704458146658632245e+01 1.070445814509063922e+02 1.117741308608678565e+02 1.002271257755299416e+02 8.348986034446643600e+01 7.784053320687020516e+01 9.784053319964316131e+01 1.111738665239417969e+02 1.194581368519894795e+02 1.294581363402516558e+02 1.303911820179834251e+02 1.103911820708184450e+02 1.003911820708191556e+02 9.372451540415295312e+01 8.769428851259810642e+01 1.007537284752278879e+02 8.075372848363085154e+01 9.586103279267049970e+01 7.586103279912695996e+01 7.476668148879787168e+01 7.367721206739226147e+01 7.259731357308025679e+01
