LEM_wLE/output/LEM_woLE_example/elevation_000004.asc
nrows	100
cellsize	150.0
xllcorner	0
ncols	100
yllcorner	0
NODATA_value	-9999
[rows 0 to 16 of 100, columns 0 to 36 of 100]
7.773770046158816616e-01 2.077737700461552706e+01 3.999799837250112233e+01 4.326100464369508103e+01 5.154527589112431940e+01 5.222403854402050882e+01 5.514137070881167091e+01 4.685709946138857163e+01 5.085709946138850057e+01 5.512111378850055843e+01 5.970942846591163544e+01 5.970942846591164255e+01 7.970942846591022146e+01 8.623341140366747481e+01 8.623341140366748903e+01 1.062334114036660679e+02 1.064097965241283532e+02 9.812552538644736444e+01 9.726896967917927839e+01 9.726896967917927839e+01 1.172689696741393846e+02 1.163255520135859200e+02 1.104676876432706223e+02 1.149392220718978450e+02 1.134461970892772626e+02 1.217304680808419874e+02 1.206825442085374647e+02 1.148246798442306300e+02 1.191890376482914178e+02 1.191890376482914462e+02 1.274733083701893435e+02 1.373540034503856191e+02 1.456382735582038777e+02 1.575874574672243966e+02 1.493035697344186303e+02 1.575874574573376492e+02 1.543648755530759900e+02
1.667217412783970065e-01 1.171372712507081282e+01 3.171372712507045577e+01 2.326100464369579157e+01 3.483747449767486160e+01 3.222403854402121937e+01 4.151187462314017296e+01 2.685709946138928217e+01 3.085709946138921111e+01 3.512111378850126897e+01 3.970942846591234598e+01 5.970942846591163544e+01 7.358430076299306677e+01 6.623341140366889590e+01 8.623341140366747481e+01 9.885050709927271839e+01 9.056623592637372155e+01 7.812552538673277525e+01 7.726896967943730488e+01 9.141110530316726113e+01 1.114111053022890445e+02 9.632555202035079844e+01 9.046768764443460498e+01 9.493922207386373202e+01 9.344619709080639325e+01 1.101834628022932492e+02 1.006825442221690992e+02 9.482467984659056981e+01 9.918903765131011596e+01 9.918903765131011596e+01 1.191890376482914462e+02 1.173540034605845648e+02 1.373540034503856191e+02 1.475876571991841217e+02 1.293037511801807682e+02 1.475876571991024946e+02 1.343651807882622506e+02
2.375235533300354973e-01 2.023752355332968023e+01 2.749762904634532035e+01 1.171399925990347946e+01 1.483747449767557391e+01 1.808190292029076929e+01 2.151187462314088705e+01 3.565401024687133713e+01 5.085709946138850057e+01 5.512111378850055843e+01 5.970942846591163544e+01 4.755407387143942799e+01 5.358430076299448785e+01 6.772643638672643362e+01 8.772643638672501254e+01 8.730350174564627252e+01 7.056623592654875665e+01 6.657852000294107597e+01 8.657852000282042582e+01 1.055532408214865256e+02 1.081062617699868440e+02 9.566555129046498962e+01 7.632555202070464873e+01 8.079708645013377577e+01 8.189919170701469397e+01 9.189111383761017748e+01 9.513554226010893444e+01 8.068254422286061356e+01 8.504690202758015971e+01 1.050469020266956619e+02 1.032118678368561433e+02 1.173540034605845648e+02 1.373540034503856191e+02 1.393036604572946828e+02 1.193037577451892162e+02 1.293037091012380131e+02 1.343651807882194191e+02
2.578281697790204552e-01 2.025782816977866574e+01 7.497629046345677395e+00 2.749762904634532035e+01 3.483747449767486160e+01 3.808190292029005519e+01 4.151187462314017296e+01 4.979614587057147190e+01 6.393828149427018559e+01 6.124119863934210173e+01 6.952546988442610143e+01 6.755407387143800690e+01 7.358430076299306677e+01 8.186857201036228560e+01 8.113136775869419637e+01 7.284709654422303515e+01 5.901923054275705738e+01 7.901923054268303304e+01 8.657852000280820448e+01 1.065785199999734942e+02 9.926697347120622794e+01 7.982199065040371977e+01 6.738128011070611478e+01 6.925008106634207650e+01 8.741897788274266645e+01 7.189111383799368582e+01 7.513554226060871599e+01 9.513554226010893444e+01 1.050469020266956477e+02 9.321186783685683963e+01 1.132118678353619572e+02 1.314961385093941999e+02 1.449547092319058663e+02 1.366707060747749267e+02 1.293037091012380131e+02 1.093037590422804470e+02 1.207757017419501011e+02
6.835178870107115889e-01 3.457018868136851442e+00 2.345701886813649750e+01 3.578190029378909998e+01 4.504454408187420000e+01 4.344459772482085214e+01 5.172886897112658033e+01 5.489205696928195266e+01 4.969419325555072220e+01 4.124119863934487284e+01 5.538333426307632124e+01 7.538333426306701313e+01 7.101412263136738545e+01 7.558436580426678120e+01 6.730009458198537686e+01 5.284709654427359737e+01 7.284709654422303515e+01 8.730350174564641463e+01 9.348843562674099417e+01 9.638022214045091118e+01 8.512483788220039571e+01 7.098270230425222849e+01 5.982199065052210329e+01 7.982199065039762331e+01 6.741897788299441174e+01 8.741897788274266645e+01 9.513554226010893444e+01 8.513554226060801966e+01 1.051355422586646426e+02 1.132118678353619146e+02 1.214961387126603825e+02 1.372391267068478271e+02 1.289550573486015708e+02 1.166708145761206055e+02 1.239798581022906632e+02 1.156957039575395072e+02 1.007757304647443988e+02
8.765780624806145394e-01 2.087657806248025949e+01 3.174129011558316193e+01 2.504454408187965342e+01 2.504454408187965342e+01 2.344459772482175453e+01 3.616160666814060676e+01 3.489205696928408429e+01 2.969419325555195144e+01 4.969419325555072220e+01 6.952546988442504983e+01 6.515625824080979100e+01 5.101412263142945847e+01 6.515625824080996153e+01 4.730009458202150086e+01 6.730009458198537686e+01 8.113136775869422479e+01 8.763057121867137766e+01 7.348843562704145427e+01 8.223808654232777826e+01 6.809595095830400169e+01 5.684056668052227934e+01 7.684056668042224203e+01 6.320260766943628283e+01 8.320260766927626150e+01 8.741897788274251013e+01 1.074189778776097484e+02 1.051355422586646426e+02 9.778465290128063714e+01 1.119267885250043690e+02 1.319267884991702147e+02 1.256922291769980546e+02 1.089551196507015476e+02 1.051238143726957048e+02 1.109816638001542799e+02 9.569572538510269055e+01 1.156957039575395072e+02
3.336530771559016451e-01 2.033365307715554593e+01 2.374540447695638790e+01 5.044544081880009578e+00 2.504454408187965342e+01 1.189759234102903385e+01 1.616160666814131730e+01 2.074992134555263235e+01 4.074992134555191825e+01 5.797846450159936182e+01 6.332670082780749254e+01 5.504242959269853941e+01 3.687198700769900483e+01 5.687198700768082915e+01 4.364861086532052070e+01 5.779074648905097433e+01 7.779074648895110045e+01 7.763057121913560366e+01 5.934630000331149802e+01 7.121947162641038176e+01 5.395381533457405254e+01 7.395381533449373990e+01 8.512483788172282573e+01 8.320260766927626150e+01 6.923283456099113664e+01 8.077983994478283591e+01 9.492197556851279217e+01 1.149219755674114083e+02 1.177846528890512587e+02 1.260689221911975864e+02 1.315501662240880023e+02 1.115502473073410385e+02 9.740811544768759234e+01 1.067176529646445999e+02 9.098168017722177581e+01 1.109816638001542799e+02 1.239798581023491977e+02
2.692912384917900415e-01 2.026929123849143366e+01 3.745404476956742279e+00 2.374540447695638790e+01 6.350590378776693079e+00 2.635059037877633870e+01 3.616160666814060676e+01 3.489205696928408429e+01 3.707985296410657838e+01 5.707985296410315357e+01 5.322799274619521981e+01 3.504242959271355318e+01 5.504242959269853941e+01 3.872495122614738250e+01 5.872495122612563989e+01 6.217235186163593852e+01 7.045662308784750394e+01 6.676431110579522965e+01 4.934630000331185329e+01 5.121947162647530405e+01 7.121947162641038176e+01 6.550082071836575892e+01 7.704782610215745819e+01 9.704782610170772728e+01 8.077983994478283591e+01 7.653580199439284115e+01 9.653580199440141030e+01 1.117718356186296234e+02 1.200561087844204025e+02 1.316031162918193331e+02 1.324067148802128600e+02 1.124068021619858655e+02 9.826467106739309543e+01 8.671766585011100403e+01 1.067176529646445999e+02 1.192658359828377854e+02 1.186403252194737519e+02
2.740426242073276120e-01 2.027404262420697378e+01 2.829667383965480454e+00 2.282966738396512341e+01 7.302971331157649182e+00 2.144510695488885332e+01 4.144510695488764185e+01 5.489205696928195266e+01 5.707985296410315357e+01 5.322799274619521981e+01 3.322799274620743404e+01 5.142830766353426952e+01 5.971257890213896502e+01 5.872495122612563989e+01 4.074012211358696334e+01 4.217235186166587368e+01 6.217235186163593852e+01 4.676431110584015016e+01 6.676431110579522965e+01 6.276647701026740833e+01 7.950374283924476515e+01 8.550082071817568874e+01 9.378509189897962983e+01 1.053320972371796529e+02 9.492197556851279217e+01 9.653580199440132503e+01 8.470076780366952107e+01 9.177183561553449920e+01 1.033188409993278327e+02 1.233188410164804054e+02 1.378041086642288349e+02 1.182107005504179256e+02 9.821073594896103032e+01 8.406860113598109763e+01 1.004471621396888565e+02 1.044982165418340401e+02 9.864036332701004994e+01
8.627856460739585787e-01 1.537326044463000807e+00 2.153732604446264531e+01 2.825860829629229443e+01 8.258608296292649698e+00 2.825860829629229443e+01 4.212852896199571262e+01 5.041280020771215220e+01 6.195980559029990076e+01 6.151226398312602583e+01 5.142830766353426952e+01 3.142830766354398264e+01 4.964302029282669082e+01 5.792729153297057820e+01 6.074012211356060220e+01 6.217235186163593852e+01 4.422430856583625314e+01 6.422430856580064074e+01 7.504858232546331465e+01 8.276647701011393110e+01 9.105074819915994055e+01 9.249328748850732040e+01 9.881784280946884280e+01 1.071021146399322816e+02 1.149219755674205317e+02 1.129850393856659423e+02 9.884290342739947732e+01 1.117718356186893089e+02 1.200561089447614478e+02 1.260448561192001478e+02 1.178042825606745510e+02 1.178042825610875042e+02 1.123527835281061442e+02 1.004471621396888565e+02 8.044717129428060787e+01 8.449822867693218598e+01 1.044982165418338553e+02
2.490127916613376069e-01 2.024901279166098078e+01 2.982159729180822438e+01 2.921753489926298286e+01 9.217534899263425174e+00 2.921753489926298286e+01 2.212852896199710528e+01 3.367553434579002669e+01 5.367553434578692872e+01 7.277147169084877021e+01 5.616296716881031159e+01 4.787869592726371337e+01 2.964302029283414441e+01 4.378515591656459804e+01 6.378515591653919614e+01 6.672430856579509850e+01 4.672430856583633840e+01 6.672430856579509850e+01 7.037579228248625896e+01 9.037579228133471076e+01 8.432832167873323215e+01 7.249328748787085885e+01 7.881784280820805577e+01 8.776211471820784027e+01 9.930912010200117379e+01 1.193091201148360341e+02 1.188429034237740041e+02 1.212890238538685850e+02 1.130048705506890627e+02 1.060449240090781586e+02 1.178042825610875042e+02 9.780431854283325777e+01 1.051551946773934532e+02 1.087313650642137191e+02 9.693893166828334529e+01 7.693893921705273442e+01 8.779309474659896750e+01
8.485705281016824308e-01 2.084857052810132672e+01 3.589453319293173195e+01 3.750180614585678285e+01 2.921753489926298286e+01 1.058152357820438283e+01 3.058152357820380729e+01 4.448720045114668409e+01 4.448720045114669119e+01 5.441221473197337843e+01 4.612794348913586617e+01 2.787869592726919166e+01 4.787869592726371337e+01 5.792729153297050004e+01 6.410822854561330075e+01 7.239249981141729506e+01 6.672430856579509850e+01 5.037579228253757435e+01 7.037579228248625896e+01 7.702535424511573581e+01 6.432832167859302785e+01 8.432832167873323215e+01 9.881784280948421895e+01 1.071021146383632754e+02 1.160463874079796227e+02 1.275933955682027090e+02 1.271469531144596630e+02 1.071470281527597876e+02 9.300489681075481485e+01 9.190279171235778222e+01 1.086399776006897753e+02 1.051551946773934390e+02 8.515520846756776052e+01 1.051551946773934390e+02 9.883057522292850194e+01 9.054635203951633571e+01 7.365095947094582129e+01
5.097248530424480784e-02 7.610261945488756119e+00 2.175239756921945400e+01 4.175239756921874346e+01 3.155510834522619845e+01 1.155510834522686103e+01 3.155510834522619845e+01 2.448720045114848176e+01 4.448720045114668409e+01 4.612794348913586617e+01 2.612794348913952902e+01 4.439045451808515708e+01 4.713766579706955895e+01 4.996609292182913720e+01 4.410822854553873640e+01 6.410822854561330075e+01 7.866006348983852092e+01 7.037579228248625896e+01 5.422479407713521482e+01 5.702535424519133045e+01 7.702535424511573581e+01 7.835528586374452686e+01 9.249742148746824455e+01 1.124974214844831408e+02 1.313437138147112080e+02 1.396279810291411536e+02 1.204257108669444278e+02 1.104257578060627338e+02 1.003557765182720374e+02 8.035578645308764578e+01 1.003557765182815871e+02 9.848853260749058336e+01 7.848854180345212228e+01 8.996050787447886421e+01 8.754822608232512948e+01 7.054635736812070945e+01 9.054635203951633571e+01
2.550521787762166648e-01 2.025505217877586261e+01 2.394019356404298904e+01 4.394019356404227494e+01 3.983937959153042385e+01 3.155510834522619845e+01 1.294019506735575931e+01 3.294019506735504876e+01 5.277147169633618518e+01 5.109358693238763749e+01 4.280931568800111364e+01 2.439045451808722120e+01 2.713766579706105020e+01 2.996609292180728801e+01 4.996609292182913720e+01 5.433045072657943564e+01 7.433045072768051398e+01 8.250906527175143879e+01 7.422479407707072596e+01 7.702535424511573581e+01 6.202535424519115992e+01 8.202535424502697481e+01 9.596647952204976662e+01 1.075134850239045790e+02 1.113437138253221406e+02 1.280809779182336285e+02 1.121415505556594496e+02 9.214157316763034089e+01 8.214157322085678459e+01 7.458228376123743431e+01 8.825772360866540112e+01 9.654195013101552547e+01 8.996050787447886421e+01 6.996051314995872872e+01 6.754823061213747337e+01 8.754822608232512948e+01 9.054635203951634992e+01
8.916207294569349351e-01 1.503375635318776027e+01 3.503375635318705150e+01 5.222446481145851749e+01 4.362059775544936713e+01 3.392913142022333517e+01 1.392913142022406525e+01 3.392913142022333517e+01 4.953894278404062135e+01 4.125467153932832787e+01 2.280931568800300369e+01 4.280931568800111364e+01 4.713766579706955895e+01 4.996609292182913720e+01 3.433045072652728891e+01 5.433045072657942853e+01 6.351663188961926210e+01 7.180090322033430539e+01 8.334790866170416734e+01 9.030962536964239007e+01 8.202535424502697481e+01 6.768220849468315237e+01 7.922921387847485164e+01 9.922921387801299886e+01 9.979670844153044129e+01 1.191367060183892050e+02 1.204257103107656661e+02 1.104257573975381632e+02 1.007069054676910298e+02 8.825772360866540112e+01 6.825772844090634806e+01 8.825772360866538691e+01 8.191848551755917640e+01 6.461528831171061427e+01 8.461528444618257083e+01 9.583245412716415501e+01 1.001156730809257454e+02
5.108012481754142797e-01 1.205780663196803104e+01 2.619994225569923429e+01 4.619994225569993773e+01 3.533632650968372246e+01 1.533632650968466038e+01 3.392913142022333517e+01 4.221340266620040893e+01 3.971163803970756589e+01 2.125467153933003317e+01 4.125467153932832787e+01 3.349976536450035525e+01 5.349976536449697306e+01 6.261472199794460636e+01 5.433045072657942853e+01 3.904449593443776934e+01 4.351663188943750527e+01 5.506363727323042667e+01 7.506363727366048977e+01 8.631221559483827832e+01 9.596647952204961030e+01 8.768220849436086439e+01 7.434887516134935481e+01 9.434887516069927926e+01 9.085243653153190735e+01 1.049945721552618636e+02 1.249945721475723133e+02 1.065648085509335772e+02 8.656482946609615681e+01 7.242269425002488958e+01 6.425772844090661806e+01 7.925772554152884197e+01 6.191848886185783130e+01 8.191848551755917640e+01 9.289951677693031229e+01 1.001156730809257454e+02 8.011569106130069429e+01
5.195627768054871254e-01 2.051956277680513097e+01 3.688290544801010640e+01 4.688290544802198667e+01 4.362059775544951634e+01 3.533632650968372246e+01 1.675231116049426205e+01 3.675231116049312874e+01 1.971163803970908646e+01 3.971163803970756589e+01 4.953894278402840001e+01 5.349976536449697306e+01 4.764190098823180364e+01 6.764190098822253105e+01 6.420847372951510579e+01 4.420847372938116848e+01 6.351663188961926210e+01 5.136127729496514149e+01 5.802794396163204027e+01 7.217007958536399315e+01 9.217007958860132533e+01 1.026331443245866666e+02 9.434887516069927926e+01 8.190816462153337341e+01 1.019081646203849800e+02 1.191367064881674338e+02 1.078867165101932812e+02 9.960251514234128933e+01 1.007069054676905751e+02 9.242268771714888942e+01 7.925772554152884197e+01 5.925772844090696623e+01 7.695598452461639738e+01 8.524022613188564890e+01 9.859448588286484494e+01 9.031026908838477141e+01 8.378575614328586596e+01
