LEM_wLE/output/LEM_woLE_example/elevation_000005.asc
nrows	100
cellsize	150.0
xllcorner	0
ncols	100
yllcorner	0
NODATA_value	-9999
[rows 68 to 84 of 100, columns 37 to 73 of 100]
2.641431582231275854e+01 4.055647960853041667e+01 6.055692107839214344e+01 6.901184230743618286e+01 6.641656217056478795e+01 7.470157831174891783e+01 8.624939227888621929e+01 9.334293458488056672e+01 8.276976860059276930e+01 7.691129077661750557e+01 7.909929410851385967e+01 9.842295918767106855e+01 1.059449466761244025e+02 8.920505137326966860e+01 1.059449466761244025e+02 9.871062483379951402e+01 9.042475717290565740e+01 8.039003905213330370e+01 6.038889439903146439e+01 7.038946672558233786e+01 5.130943241003166833e+01 5.196774042870835331e+01 7.196840046843233551e+01 7.291493030496663152e+01 9.291705236846286198e+01 8.235390241667944622e+01 6.235274831198680090e+01 8.235390241667944622e+01 9.031362085299298315e+01 9.859953356682160575e+01 9.412221676519531854e+01 9.005415421624569206e+01 8.176851946498609891e+01 6.282225486736940212e+01 8.282340547499623540e+01 8.692478297004097954e+01 6.692336293761759691e+01
4.641447328832824581e+01 5.469916557353052156e+01 5.355249668474039737e+01 6.183738720447347958e+01 6.482732713126455337e+01 7.311247686418003866e+01 7.482781739745506400e+01 9.483014392881123911e+01 1.027721454656207385e+02 9.691338521809547046e+01 9.910150720424489634e+01 1.073870863234821940e+02 1.174937661046166824e+02 1.092080463435859770e+02 1.045691473380175296e+02 8.456595893501949490e+01 7.042281156130931663e+01 7.777441601941474403e+01 7.038946672558233786e+01 5.038885779213331517e+01 7.038946672558233786e+01 7.196840046843233551e+01 5.291423747726932447e+01 7.291493030496663152e+01 7.453811810189647247e+01 7.521272763380426341e+01 5.933763398605407957e+01 7.348011986435899701e+01 9.348227335376911640e+01 8.826410781837600439e+01 7.412002385563215512e+01 8.071728551709185240e+01 6.176742953530821723e+01 8.176851946498609891e+01 6.388901637587088800e+01 8.389023179737171176e+01 6.603249205072495442e+01
5.526566928773952725e+01 5.296890478398977109e+01 3.355224064085007996e+01 5.355249668474039737e+01 4.482678250608400106e+01 5.482683686507399301e+01 7.482781739745506400e+01 8.076782707182928789e+01 8.905339555911034211e+01 1.031975217150012298e+02 1.033879885017595228e+02 1.116740583726763560e+02 1.049071598561735357e+02 9.662113625784340343e+01 1.049071598561735357e+02 9.191802017422955373e+01 7.191594335765400103e+01 5.777342962353407785e+01 6.882970297976719110e+01 4.974201156478014241e+01 6.974260080391073302e+01 8.120029353111716830e+01 7.291493030496663152e+01 5.386393036063720530e+01 5.453736539034056818e+01 5.521194864769915256e+01 7.521272763380426341e+01 7.689934168886186683e+01 8.518482290387591149e+01 7.893661419105302457e+01 5.997753601395870504e+01 6.071625286996174964e+01 8.071728551709185240e+01 9.005415421624569206e+01 8.389023179737171176e+01 6.495806137320420248e+01 8.495934539909984551e+01
5.296890478398977109e+01 3.296865649480685079e+01 5.296890478398977109e+01 3.413632230117466548e+01 5.413658634036331563e+01 6.104660679423800929e+01 6.811789057793367874e+01 6.076652128323184598e+01 7.490926940321962491e+01 8.924367298084013100e+01 8.338490566159106265e+01 1.033879885017595228e+02 9.490565117656461780e+01 7.661862141838355456e+01 8.747654825082315710e+01 9.576234113035629036e+01 8.605993015137762825e+01 6.882970297976719110e+01 4.882914063560483697e+01 6.882970297976719110e+01 6.974260080391073302e+01 8.974450303644225357e+01 7.386465772707485655e+01 6.800629129680345386e+01 7.453811810189647247e+01 7.521272763380426341e+01 5.619489502208170251e+01 5.689849256683454826e+01 7.689934168886186683e+01 5.893567149113130910e+01 7.893661419105302457e+01 7.485876012290007964e+01 7.485876012290007964e+01 9.486101697925663245e+01 8.128875488093910917e+01 7.910070452869797464e+01 8.962305237257733381e+01
5.255659405667629613e+01 3.255635108603047456e+01 5.197374644092751339e+01 5.413658634036331563e+01 3.472165333546229959e+01 4.104620884048267015e+01 4.811727971735098919e+01 6.811789057793367874e+01 7.855220786873368866e+01 6.924177327476564869e+01 8.924367298084013100e+01 9.637111551478690785e+01 8.661987883811349320e+01 6.661823790649130217e+01 6.747483209979063190e+01 8.421401392714678025e+01 8.233193369957838570e+01 6.233058390222098666e+01 4.818829929949281876e+01 6.818884362498282314e+01 8.039447741508713818e+01 8.868007297350210649e+01 9.386684931888810013e+01 8.800800541638746211e+01 8.286278596331091251e+01 6.286157088973406815e+01 7.619571427211870684e+01 7.689934168886186683e+01 5.789662282393661030e+01 7.789751654855908214e+01 8.722215855254076189e+01 9.486101697925663245e+01 9.486101697925663245e+01 1.031470126191419894e+02 9.543253469686347046e+01 9.910335564549740184e+01 9.115711814308548355e+01
5.852031735375562249e+01 5.139126992618520262e+01 3.197351083340120681e+01 5.197374644092751339e+01 3.513652324228482371e+01 5.513680151274387242e+01 6.369893232401035021e+01 5.222650589206527627e+01 5.855109073590128332e+01 7.855220786873368866e+01 8.518081748681586873e+01 7.689533342350183887e+01 6.808355341540089967e+01 6.808355341540089967e+01 5.592765149404002045e+01 7.592855204677002234e+01 7.493824539178682187e+01 6.665305169823368203e+01 4.754876982010171815e+01 5.332227332159797584e+01 6.039335548730715431e+01 7.194061191675453415e+01 9.194267244598650279e+01 1.046783145870303855e+02 8.786318347077575197e+01 6.786159344091664991e+01 8.786318347077575197e+01 8.047963792482251222e+01 6.047861174851394139e+01 8.047963792482251222e+01 8.991250965880395540e+01 9.594344050766370913e+01 1.030156161196692466e+02 1.113018647206681493e+02 1.154366358040378913e+02 1.074898871742481816e+02 8.748641206770830081e+01
5.023550248591146783e+01 3.139104146229383829e+01 5.139126992618520262e+01 5.555185615582021086e+01 3.555157177986129824e+01 5.555185615582021086e+01 4.369846258261507188e+01 6.369893232401035021e+01 7.188361906342828433e+01 8.016896356516625133e+01 7.689533342350183887e+01 5.689426760080965551e+01 6.275244414931770365e+01 4.808299664607323365e+01 6.808355341540089967e+01 6.513417467635778735e+01 6.575949510886736959e+01 4.665254839020524713e+01 6.665305169823368203e+01 6.019796747517834490e+01 6.965259731031474644e+01 8.039447741508713818e+01 1.002285928164958477e+02 9.639224372845237099e+01 7.638982440390725515e+01 8.786318347077575197e+01 9.614901387584211534e+01 7.680912242398481737e+01 8.047963792482251222e+01 6.436375659524537696e+01 6.991078167123090736e+01 7.594110574541642222e+01 8.301248278770425770e+01 9.456079816385461356e+01 1.145651122316849495e+02 1.157761559134142146e+02 9.779054109153099716e+01
3.080906550031450308e+01 5.080928703497102816e+01 5.967611607381559935e+01 6.383679004967481774e+01 5.555185615582021086e+01 3.613917203623136487e+01 5.613946531826691455e+01 5.774088163123858664e+01 5.188276797774395988e+01 7.188361906342828433e+01 7.016752795786000263e+01 6.188244975088826294e+01 4.275203168195398717e+01 4.336895138042964248e+01 6.336937697570148487e+01 4.513370888750693410e+01 4.575901428698767859e+01 6.575949510886736959e+01 6.665305169823369624e+01 8.019916435205229277e+01 7.652864194681028209e+01 8.965448964612302518e+01 1.086832701429656822e+02 1.034644357952100648e+02 8.346125592217767064e+01 1.034644357952100648e+02 1.050975809303433692e+02 9.681155899652658547e+01 8.756783322604565001e+01 6.756632374186456502e+01 8.756783322604565001e+01 9.594344050766370913e+01 1.030156161196692466e+02 1.113018647206681493e+02 1.228514921948637948e+02 1.141238743137286775e+02 9.411970821711224744e+01
5.080928703497102816e+01 4.345819838663838652e+01 6.345874060403939154e+01 6.810379591898090723e+01 4.810313676576227238e+01 3.655611023545645821e+01 5.655640997290021943e+01 3.774056270173048233e+01 5.774088163123858664e+01 6.662072256223709132e+01 6.188244975088826294e+01 4.188205522537325010e+01 6.101409763176276613e+01 6.336937697570148487e+01 4.425025667890813708e+01 6.425070189264538101e+01 5.047305959564740618e+01 7.047368856666929560e+01 8.606252854731540936e+01 9.494047237365101921e+01 9.653111614483304947e+01 1.048170853287779352e+02 1.179440671455521965e+02 1.117506674753147564e+02 9.500962539815100172e+01 1.117506674753145859e+02 1.143637548755567934e+02 9.435963808415080223e+01 8.021591852048459259e+01 8.756783322604565001e+01 7.273033839088569152e+01 9.273232359970083394e+01 9.538687664432076474e+01 1.095317749487065271e+02 1.295368427586691098e+02 1.224102398047171647e+02 1.107388046179893450e+02
5.708856422698483613e+01 5.760052164695930799e+01 7.174384931602114079e+01 7.638903693408336437e+01 6.484136654613475059e+01 5.655640997290021943e+01 3.714664883081396596e+01 5.714695799060915249e+01 3.833539523347590006e+01 5.833572424870145312e+01 5.953996727519933074e+01 6.014940591315126994e+01 4.101372023526720767e+01 6.101409763176276613e+01 5.839250414205567807e+01 7.253583593918733641e+01 7.047368856666929560e+01 5.777603599864994521e+01 7.777701260703193498e+01 9.549167800009129792e+01 1.054932117922124064e+02 1.135167613070667443e+02 1.052304284953648192e+02 1.135167613070670853e+02 1.150139215817735021e+02 1.233002780610503066e+02 1.175693298536630778e+02 1.085048568769915533e+02 1.002187082407058796e+02 9.980436730242388421e+01 7.980160706625136413e+01 7.905505083063711425e+01 9.905772436622338262e+01 1.132864493972508484e+02 1.215728540752388795e+02 1.201692355780898254e+02 1.001642705338939550e+02
5.978630766661379425e+01 7.385879864042638587e+01 8.588717698508291676e+01 7.906019130443681320e+01 6.347165616236274133e+01 4.347120442651858241e+01 4.869367650398982050e+01 6.543192819468028176e+01 5.833572424870145312e+01 3.893075463204891662e+01 3.953961719759691817e+01 4.014904483293294390e+01 6.014940591315126994e+01 5.256075709899956649e+01 7.256157554635801432e+01 8.667916773631891658e+01 7.777701260703193498e+01 7.777701260703193498e+01 6.720422964175637048e+01 7.720460232551924662e+01 9.720716149286207042e+01 1.035148270833166322e+02 8.522701924868563594e+01 1.035148270833166322e+02 1.092162891946509973e+02 1.049174022681026202e+02 9.756487587272015105e+01 1.117103221632502112e+02 1.139494629027976202e+02 9.394527686368508057e+01 9.394527686368508057e+01 9.905772436622338262e+01 8.661480675723299782e+01 9.328216589739125197e+01 1.132864493972508484e+02 1.284556891503666236e+02 1.091104560281753351e+02
4.555698048061243810e+01 6.556205479428982130e+01 8.019395631422025872e+01 7.077488054322718369e+01 5.077417686362135640e+01 5.501825848400872587e+01 6.869435524667183302e+01 7.697961369851381619e+01 5.951406886252757289e+01 3.951371866937802224e+01 5.951406886252757289e+01 6.014940591315126994e+01 5.647913625846545216e+01 7.256157554635801432e+01 6.889115735926749551e+01 8.889306362154184171e+01 9.777955016953606560e+01 9.549167800009479379e+01 8.720588190919069405e+01 9.549167800009479379e+01 1.054932117922144101e+02 9.522872387202517075e+01 7.522637929524185552e+01 8.921269543949475178e+01 8.921269543949475178e+01 8.491408063598338174e+01 8.342085681333318803e+01 1.034240447898040571e+02 1.222358196768754084e+02 1.139494629027976202e+02 1.139494629027976202e+02 1.149046749235754987e+02 9.816339394528685602e+01 1.132864493972508484e+02 1.074270571057256234e+02 1.274322737347153094e+02 1.232564704642271067e+02
6.556205479428982130e+01 5.188154270041570015e+01 7.189046088509040544e+01 5.930224699384396558e+01 7.077488054322718369e+01 7.501921213928655163e+01 8.330464114534365194e+01 7.838344702529272467e+01 6.009778838048042360e+01 4.009742707479581725e+01 6.009778838048042360e+01 6.921261303531701969e+01 7.648023309492427302e+01 8.476570062814847972e+01 8.889306362154184171e+01 8.505948814901148580e+01 9.334526730528440908e+01 9.230253842284615473e+01 8.970699374207693211e+01 9.799289800914134219e+01 9.755353392570322058e+01 8.815682712708844804e+01 6.815515525904231708e+01 6.921091963044361250e+01 8.134393292519698093e+01 7.077102025856903822e+01 9.077291789577549252e+01 1.092286240368263606e+02 1.088084494043572477e+02 1.117578892771182097e+02 1.122488197644404977e+02 1.205353106754304804e+02 1.181680463457498007e+02 1.264544503267069189e+02 1.274322737347153094e+02 1.357186510447524199e+02 1.432620743171511322e+02
7.674525957231834639e+01 5.673227164078881657e+01 7.674525957231834639e+01 7.930340146605747975e+01 6.873051565985556977e+01 8.873236248235212997e+01 8.424137826499264747e+01 6.423981488881982216e+01 5.009743959359250454e+01 6.009778838048042360e+01 4.092716688844086548e+01 5.506939044792727600e+01 7.507038008769934834e+01 7.823213264158688673e+01 8.179701194402434794e+01 6.505793425083672332e+01 8.179701194402434794e+01 7.230036788572124351e+01 6.970505322044084551e+01 8.644443373324730828e+01 7.755092194724768717e+01 8.471024304759643542e+01 7.642473736596028289e+01 5.921081639604219760e+01 6.134282386070915294e+01 8.134393292519698093e+01 8.093953717778332191e+01 1.009424239395430050e+02 8.880469579541468761e+01 9.175381479466693690e+01 9.224461422118309883e+01 1.089856822119519251e+02 1.231311322853431136e+02 1.171953629851556400e+02 1.229704182542605793e+02 1.292968111160784588e+02 1.363700270997833570e+02
8.209692540643364111e+01 6.207755620100527949e+01 8.209692540643364111e+01 9.629259691663135357e+01 7.629009675018124881e+01 9.629259691663135357e+01 8.642948465663126001e+01 6.642775057624255908e+01 7.009813716736834976e+01 6.151528381752154928e+01 4.151489398782511842e+01 6.151528381752154928e+01 7.064293753403173071e+01 5.823098677509034360e+01 6.471727551690104008e+01 5.351079227036857588e+01 6.597813545575552041e+01 5.815779035477434888e+01 5.815779035477434888e+01 7.815886799759537951e+01 6.340817078952981234e+01 7.370296599279778604e+01 5.642388418367323055e+01 7.642473736596028289e+01 8.134393292519698093e+01 6.460881231450774465e+01 8.461013528988173960e+01 9.062260198068132411e+01 7.466144496525154750e+01 7.761033693205298789e+01 8.069649103394274903e+01 9.484023213856066548e+01 1.096342449110881319e+02 9.719052492757712969e+01 1.029650399690444686e+02 1.092910002997032706e+02 1.163639511522842156e+02
8.809241274659397902e+01 6.810801748533927480e+01 8.813804799778172594e+01 1.045785924526167179e+02 9.043365005026194581e+01 1.045785924526289818e+02 9.471523209462924342e+01 8.101785101475599049e+01 6.695874007228010782e+01 4.695820468030060368e+01 6.151528381752154928e+01 4.235741945156741650e+01 6.235782731668512469e+01 4.408874025372595895e+01 4.471681454674730816e+01 4.534582001046976529e+01 4.597764403407634859e+01 4.661073297190928599e+01 6.661124043643002324e+01 6.930092561376406479e+01 5.186107965138054965e+01 5.370222888863933974e+01 7.370296599279778604e+01 8.471024304759640700e+01 9.289591212362928729e+01 8.461013528988173960e+01 6.803879145699555409e+01 7.062079115571428645e+01 9.062260198068132411e+01 9.761287255921607198e+01 1.006993863091162353e+02 8.554745364843286382e+01 8.963024620959032518e+01 9.779631773470002543e+01 1.077983927324539479e+02 1.278040204380282887e+02 1.363700270997833570e+02
9.647058338972935587e+01 7.811118768579463278e+01 8.445366728106509413e+01 1.045316622053208278e+02 1.104373459026439974e+02 9.889143355587741269e+01 8.734294139774978305e+01 7.273245927457560356e+01 5.273170926055241381e+01 6.695874007228010782e+01 7.064293753403173071e+01 6.235782731668512469e+01 4.320182011340894235e+01 6.320224685486406457e+01 6.471727551690104008e+01 5.948807708736005395e+01 6.011990679062834175e+01 6.661124043643002324e+01 4.751148767013140173e+01 4.930034205213220844e+01 6.930092561376406479e+01 7.370296599279778604e+01 6.524933629219391662e+01 7.679677109697850312e+01 9.679931032685384196e+01 9.560055460503187419e+01 7.559821089762299096e+01 9.062260198068132411e+01 8.131166828124780466e+01 1.013146402313041960e+02 1.138373613579455110e+02 1.055509457749241733e+02 9.623922634532230802e+01 1.096342449110881319e+02 1.260877863164214858e+02 1.278040204380282887e+02 1.478097928521958977e+02
