LEM_wLE/output/LEM_woLE_example/elevation_000006.asc
nrows	100
cellsize	150.0
xllcorner	0
ncols	100
yllcorner	0
NODATA_value	-9999
[rows 34 to 50 of 100, columns 0 to 36 of 100]
6.278687791629389281e-01 2.062786877916258277e+01 2.989930200612656819e+01 2.144630738991852326e+01 3.558844301364897689e+01 5.558844301364826634e+01 6.404089644860619046e+01 7.232516769606867513e+01 7.731792122889288521e+01 6.381123369482209995e+01 4.381124004802278904e+01 6.381123369482209995e+01 6.257649869876272675e+01 6.257649869876272675e+01 6.440041365724574973e+01 5.854255509783269673e+01 7.268465988700212677e+01 7.869595433448476740e+01 7.650818146006567133e+01 6.917834777582366712e+01 6.089418367271323973e+01 5.994143472964857722e+01 3.994145871943107551e+01 3.994145871943107551e+01 4.540549033175120286e+01 4.445684254474187469e+01 2.445684926515016144e+01 3.112351593181013953e+01 5.081454007992826405e+01 5.636153825751780744e+01 4.636155186047152910e+01 5.636155143066933704e+01 7.636149787845886294e+01 8.585882897961634797e+01 6.757482047846167461e+01 8.585882897961634797e+01 7.415232016957074279e+01
5.760807145981240440e-01 2.057608071459776866e+01 9.899302006126211140e+00 2.989930200612656819e+01 4.323209415820748092e+01 4.989876082487403153e+01 4.404089644860477648e+01 6.404089644860619046e+01 6.903367997151033819e+01 4.903369001017544804e+01 3.748668472941364627e+01 4.992739256594366282e+01 4.257650582630642333e+01 6.257649869876272675e+01 6.440041365724574973e+01 4.440042043502872104e+01 6.440041365724574973e+01 7.894690202866966899e+01 9.269509069179038363e+01 7.855310994897591570e+01 7.026896433854253132e+01 6.822560474590667923e+01 5.994143472964857722e+01 5.994143472964857722e+01 6.257135425397844841e+01 4.406521251254735461e+01 2.406521904015618674e+01 4.351157624734117491e+01 3.081454994116664636e+01 3.636155190331348308e+01 5.636153825751780744e+01 7.464568213820557219e+01 8.464560527436788107e+01 9.585868527888925428e+01 8.757471606255464280e+01 9.585868527888925428e+01 9.415213387484237728e+01
7.930105716671143057e-02 4.001623759930375890e+00 2.400162375993073027e+01 1.745859146631062231e+01 2.323209415820677748e+01 2.989876082487332809e+01 4.989876082487403153e+01 6.646434867518149758e+01 5.818009898219501252e+01 5.231397447345420204e+01 4.402971511702216389e+01 2.992739526963254804e+01 4.992739256594366282e+01 6.416938336860083325e+01 5.588513132191818045e+01 3.732935262613503369e+01 5.066268303650395666e+01 6.601800071460402819e+01 7.601798744346903902e+01 6.441112920616140514e+01 5.026899933219402072e+01 5.872197915834416904e+01 5.317498135924386560e+01 6.145918686487679139e+01 4.257139699652447717e+01 4.257139699652447717e+01 4.296057259118376948e+01 2.351158250779792880e+01 4.351157624734117491e+01 5.636153825751780744e+01 6.464573197853076181e+01 8.403308143117642715e+01 8.209982003993239630e+01 9.038392139497446465e+01 8.787329702374316298e+01 9.615736426615224275e+01 1.077041747893017032e+02
6.786017468061785740e-01 2.067860174680582475e+01 3.228589500739327889e+01 3.745859146631132575e+01 4.323209415820748092e+01 4.989876082487403153e+01 5.818303207233623198e+01 5.491735462175799398e+01 3.818010518134233422e+01 4.402971511702216389e+01 2.402971702343941374e+01 4.402971511702216389e+01 5.821164908475631705e+01 5.262238773441839612e+01 3.588513600270900383e+01 3.066268595975860478e+01 3.773375377116392571e+01 4.773375373244518727e+01 6.773374476723502369e+01 7.855310994897591570e+01 5.872197915834416904e+01 3.872199416880222600e+01 3.317499220667399840e+01 4.610391738252412352e+01 4.202143590926913674e+01 2.257140282240753137e+01 2.296057859393436118e+01 4.296057259118376948e+01 3.420203217154022468e+01 4.420203206222811332e+01 5.574903616619703683e+01 7.574897619733796716e+01 6.209988422207879211e+01 7.632634305612157277e+01 6.787338607916345268e+01 7.942038085098619149e+01 9.942019525178972117e+01
1.053273305859350195e-01 2.010532733058558108e+01 2.888812009767435640e+01 3.559765420632086830e+01 3.410462933428593857e+01 4.238889766924053504e+01 5.653102994486900457e+01 4.663309717748186500e+01 2.663309987564906578e+01 3.508609335147688313e+01 2.025007229334720549e+01 4.025007074720888056e+01 4.717907991854708882e+01 3.889481864508383069e+01 2.433813063944039712e+01 4.433812864058150183e+01 5.773374924984013745e+01 6.601800071460402819e+01 7.601798744346903902e+01 7.505186112119335462e+01 5.505192193676380441e+01 5.872197915834416904e+01 4.610391738252412352e+01 2.610392439484290250e+01 2.202144149020434227e+01 4.202143590926913674e+01 3.710271391692809573e+01 5.124479743810492494e+01 5.420201874940521236e+01 6.248621603594314422e+01 5.911743993194486535e+01 6.348179378986061039e+01 5.055287968488254080e+01 5.632638236499418127e+01 7.046851210012974320e+01 9.046839799616613220e+01 8.772111496072764680e+01
6.652624653148981881e-01 6.038495331561121171e-01 2.060384946840563103e+01 1.559765479494288520e+01 1.410462981684338857e+01 2.824676539361207617e+01 4.330118016895838196e+01 5.158544344948955285e+01 3.508609335147688313e+01 1.508609449840407457e+01 3.055698547462641912e+01 3.884124940268871740e+01 3.389481900879354725e+01 1.889482009992259748e+01 3.889481864508383069e+01 5.262238773441841744e+01 7.176457827377784326e+01 8.004881069135264227e+01 7.850294329939487170e+01 8.333597687440558843e+01 7.029999708364952937e+01 5.030003946621660305e+01 3.875303491187446525e+01 4.163452445998844809e+01 2.163452987393727867e+01 3.577666523163030377e+01 5.577664765556305326e+01 6.538688095928188204e+01 6.150397710921581051e+01 5.321976585534395809e+01 3.911745407172939792e+01 4.348181187638925849e+01 6.348179378986061039e+01 7.632634305612157277e+01 8.461047852379678602e+01 8.783419692065824336e+01 7.617400398167721676e+01
8.924248754756384239e-01 2.060384946840563103e+01 1.102681762001634702e+00 1.455519178018276572e+00 2.145551899880854307e+01 3.023955361466881797e+01 2.330118175203304176e+01 4.003844196447032999e+01 3.766181204002941030e+01 3.055698547462641912e+01 1.055698636182573047e+01 2.911390483228574411e+01 1.389482009992268630e+01 3.389481900879354725e+01 4.717907991854670513e+01 5.762245482980845424e+01 5.176459549856191700e+01 7.176457827377784326e+01 5.850296888969179321e+01 7.264506588829401323e+01 7.858413689010272662e+01 6.703720246949035300e+01 5.019216994997762527e+01 3.019217944665225062e+01 2.124790753742375315e+01 4.070215471856245415e+01 4.898638619742737887e+01 5.615876549288321229e+01 4.787454368174685015e+01 3.321977582555647501e+01 5.321976585534395809e+01 6.348179378986061039e+01 7.176597860001328399e+01 7.719340872465552650e+01 6.890900644624929328e+01 6.783405401174233873e+01 6.722968349822734524e+01
8.870506738290029336e-01 2.088705067382864655e+01 2.110268163072266390e+01 2.145551899880854307e+01 1.955284967684557396e+00 2.195528471864202302e+01 1.175417637355106315e+01 2.316467907077855060e+01 1.766181361519557313e+01 2.750701420327094837e+01 7.507014955173662685e+00 9.113905662585152001e+00 2.911390483228574411e+01 2.299210349578699919e+01 3.006317130469018650e+01 3.762246075225155550e+01 5.762245482980845424e+01 5.907487221225830609e+01 4.436083477149588816e+01 6.264508007661675748e+01 7.419206761437057196e+01 6.652206925447337937e+01 4.652210883095064275e+01 3.539004290458326807e+01 4.070215471856245415e+01 2.070215974287994243e+01 4.015691439138153385e+01 4.787454368174685015e+01 2.787455098730846004e+01 4.787454368174685015e+01 6.150397710921581051e+01 7.523210202154575654e+01 7.719340872465552650e+01 6.564633699824693736e+01 4.890897497163586394e+01 5.369190423021930059e+01 5.894532145758908825e+01
9.587146228554132010e-01 1.510085024658623887e+01 3.510085024658553010e+01 3.023955361466881797e+01 1.609742058190371239e+01 2.455519507608330265e+00 2.809904463577496792e+00 3.164679496666367164e+00 3.519678010113203914e+00 2.351967753010912432e+01 4.525590985173955971e+00 2.452559034535829241e+01 1.356401308106534209e+01 3.356401181524224597e+01 3.360081954149779904e+01 3.713635317227489452e+01 4.085025958086570341e+01 3.907487985852829837e+01 3.436083481065954004e+01 4.590784008524293114e+01 6.590782960296016313e+01 7.480622421220151352e+01 5.539002585457521377e+01 5.539002585457521377e+01 4.898638619742737887e+01 4.015691439138153385e+01 2.015691919614026162e+01 3.961207883939092511e+01 2.439299786819456273e+01 4.439299183436797591e+01 4.694798287467810383e+01 6.694794165809274489e+01 6.890900644624929328e+01 4.890897497163586394e+01 3.736196942596558301e+01 4.883394849502487034e+01 5.447318231789629550e+01
4.749594815986911134e-01 1.461709510532951661e+01 3.461709510532880785e+01 4.438168664743390934e+01 2.848574593980559300e+01 8.485746399163550890e+00 2.280990409075462111e+01 1.730681510391522337e+01 2.351967753010912432e+01 4.022117624818033477e+00 2.402211706614368225e+01 5.035984426864521524e+00 2.503598370076660373e+01 2.875010735154649311e+01 1.360082082285738458e+01 1.713635472879006016e+01 2.085026149233103254e+01 2.493274439696959277e+01 4.493274199525671264e+01 6.216126221966005971e+01 7.216124838119978335e+01 8.367403905590938962e+01 7.313965542597924241e+01 6.313969641213863326e+01 5.485548785495464585e+01 4.844114739175890350e+01 3.961207883939092511e+01 1.961208343085707284e+01 3.907104427255732304e+01 3.061805402201577664e+01 4.476018862749202043e+01 6.476015683767502651e+01 6.810346066902214091e+01 4.810340771651360825e+01 4.810340771651360114e+01 2.883394077107487874e+01 4.883394849502487034e+01
5.246131949027718067e-01 1.466674881863359658e+01 3.466674881863288249e+01 4.003275069909179962e+01 2.003275178076848206e+01 2.848574593980559300e+01 2.848574593980559655e+01 3.730681370611662118e+01 3.005234371654020720e+01 1.005234451637325321e+01 3.005234371654020720e+01 2.503598370076660373e+01 5.547545246029049970e+00 8.750108322130765615e+00 2.875010735154649311e+01 3.713635317227489452e+01 3.239726686179117365e+01 4.493274199525671264e+01 3.387701630587773138e+01 4.387701627481405353e+01 6.387700765140993298e+01 7.899756162202393739e+01 5.899763177653971269e+01 4.485550010488241668e+01 3.485550023628255190e+01 4.416504479655575466e+01 4.681601996270978816e+01 3.853178261946040806e+01 1.907104865912566538e+01 3.907104427255732304e+01 5.678335077524349117e+01 6.678331822556533837e+01 6.224555993752864680e+01 4.224553646542435104e+01 2.810340047370308270e+01 4.810340771651360114e+01 2.956791661449246433e+01
4.470077517107070575e-01 1.199401313550312231e+01 2.613614875923382286e+01 4.613614875923310876e+01 3.157975713767956805e+01 4.831701586394768810e+01 4.848574249083953447e+01 4.074279247626947864e+01 2.074279419138478175e+01 3.005234371654020720e+01 2.606257054048749566e+01 6.062571448653653050e+00 2.554754443086264359e+01 2.875010735154649311e+01 3.703437023457514243e+01 5.634191884324503974e+01 5.239726237312631696e+01 6.068151308380754472e+01 4.542402159614935186e+01 6.216126221966007392e+01 7.216124838119978335e+01 7.764388185469303494e+01 6.764392964369982053e+01 5.935973078618416565e+01 4.416504479655575466e+01 2.416505057592145533e+01 3.799291258162309504e+01 1.853178680785260468e+01 3.853178261946040806e+01 2.849913907363965038e+01 3.849913904249621055e+01 5.849912251265587315e+01 6.173019079612950577e+01 4.173016837478012775e+01 2.758803240167300075e+01 4.686088632369757079e+01 4.956792484222079054e+01
2.599182575669619633e-01 2.025991825756660702e+01 3.570728106409845992e+01 4.465155297409746282e+01 5.157975464200715976e+01 5.986401632366174397e+01 5.488492432113028485e+01 3.488492966525971894e+01 4.074279247626947864e+01 4.056900316673245754e+01 2.056900636249869407e+01 6.426870777951881664e+00 2.642686980274949349e+01 3.989270447845103718e+01 2.805767259850563633e+01 4.805766869352784454e+01 6.504504064875038694e+01 7.332927256657261239e+01 6.542401154232810256e+01 7.370825019031894954e+01 8.350179098820396462e+01 6.350187645328863795e+01 4.935974577495444038e+01 3.935974589305796201e+01 3.269307922930644850e+01 3.799291258162309504e+01 1.799291657743821915e+01 3.745637447835804323e+01 4.412303924006449307e+01 4.849913077757606317e+01 4.849913077757606317e+01 6.678331822556533837e+01 6.173019079612950577e+01 4.173016837478012775e+01 4.686088632369757079e+01 2.686087985497239217e+01 4.613469265121921836e+01
3.519420047721200095e-01 7.423009816637565095e+00 1.636728172663656622e+01 3.050941735036726499e+01 5.050941735036655444e+01 6.775860178476933982e+01 6.316917775167151206e+01 5.488492432113028485e+01 4.973557646377361152e+01 3.559345225018972059e+01 2.679141104264497031e+01 6.791412086240125490e+00 2.679141104264497031e+01 1.989270678965436190e+01 3.989270447845103718e+01 3.748576300149873930e+01 4.504505242165681977e+01 5.918718598184946700e+01 7.918715283199310306e+01 7.494515651425659541e+01 7.618601946547009618e+01 6.790183443207975245e+01 6.764392964369982053e+01 5.935973078618416565e+01 5.269306915514213330e+01 4.520513648628692494e+01 3.692089510599586077e+01 1.745637828828052207e+01 2.412304495494505829e+01 3.826518024499544879e+01 5.826516187242937406e+01 7.678322704729478687e+01 7.001456050086470384e+01 6.173019079612950577e+01 5.514520824258225673e+01 4.613469265121921836e+01 2.613468661284078465e+01
2.695761837762450375e-01 2.026957618377588943e+01 3.570728106409845992e+01 4.465155297409746282e+01 3.947433053730944152e+01 5.361646616103988805e+01 6.516347154483099757e+01 5.400010460334385698e+01 3.400011765350316040e+01 2.145132803660585097e+01 7.309192459318621715e+00 2.679141104264497031e+01 1.282163897779534700e+01 3.282163748371938539e+01 4.817696025163201057e+01 5.748575563830623025e+01 6.504504064875038694e+01 7.332927256657265502e+01 6.908726122268788572e+01 5.494520366745918949e+01 6.463906002162848097e+01 4.790186074744675437e+01 6.463906002162848097e+01 6.062265321200610657e+01 5.106302236956732798e+01 3.106303419261827869e+01 1.692089873567886471e+01 3.692089510599586077e+01 4.412303924006449307e+01 3.826518024499544879e+01 5.826516187242937406e+01 7.008598127888832607e+01 6.180164322243911101e+01 6.180164322243911101e+01 6.711308381209020979e+01 5.297090162319607742e+01 4.468658878303143922e+01
4.879649418637075353e-01 1.463010056559453176e+01 3.463010056559382122e+01 3.464174523708149422e+01 2.533219491357899145e+01 3.687920029737109928e+01 5.687920029737038874e+01 5.383136963229285499e+01 3.400011765350316040e+01 1.400011943237892709e+01 7.675564112042276399e+00 2.767556289569630223e+01 3.282163748371938539e+01 2.915157030853437803e+01 4.329370454633363607e+01 6.329368683485297709e+01 6.767145336115484611e+01 5.938723779431790462e+01 5.908728966487908707e+01 4.080307042189104294e+01 5.635484424147144011e+01 3.635485562706733020e+01 5.635484424147144011e+01 5.233843910229469287e+01 3.233845390878324366e+01 3.600851957318746344e+01 1.654266399844275170e+01 3.654266049254454884e+01 5.637388578140526363e+01 5.826516187242937406e+01 6.654936059700192175e+01 6.180164322243911101e+01 4.180162631580465415e+01 4.180162631580465415e+01 5.594380379734648301e+01 3.882871943430193795e+01 2.468658355439889007e+01
9.938951651180888414e-01 2.099389516511773479e+01 2.886824254518563748e+01 1.464174523708220299e+01 3.464174523708149422e+01 4.220103469726591072e+01 6.220103469726520018e+01 4.554712062062900912e+01 2.554712480641846639e+01 2.767556289569630579e+01 2.767556289569630223e+01 8.195000828620443656e+00 2.819499950652129527e+01 3.699904535887071688e+01 4.594331071676031542e+01 5.749030182202814387e+01 5.612447652843796675e+01 3.938725204925979284e+01 5.080306232738298888e+01 3.080307047740384263e+01 4.928378045502201843e+01 2.928378781844724799e+01 4.033951183804673946e+01 4.375938379007907741e+01 3.547513899237340951e+01 1.600852290780512632e+01 3.600851957318746344e+01 2.808966936657773772e+01 4.223180420220765541e+01 6.223177869838417564e+01 6.524517478558635730e+01 5.696084850535986988e+01 4.765949564391231519e+01 2.765949038171005725e+01 4.765949564391231519e+01 4.274937519010149600e+01 4.325015851651915710e+01
