LEM_wLE/output/LEM_woLE_example/elevation_000008.asc
nrows	100
cellsize	150.0
xllcorner	0
ncols	100
yllcorner	0
NODATA_value	-9999
[rows 0 to 16 of 100, columns 37 to 73 of 100]
1.485289467978220728e+02 1.485289467978220728e+02 1.568132180420509485e+02 1.467697139578977783e+02 1.384854427128601344e+02 1.384854427128601344e+02 1.377225366523613559e+02 1.177225366523867933e+02 1.177225366523867791e+02 1.206606646918550183e+02 1.123763934451158661e+02 1.181498961370117229e+02 1.248165628036779253e+02 1.323758522638605371e+02 1.406601235097001847e+02 1.522071288923710028e+02 1.423438332325828526e+02 1.340595619868707047e+02 1.423438332325828526e+02 1.421544800699498978e+02 1.504387513146701849e+02 1.394541991196377921e+02 1.311699278736586223e+02 1.374944831939949381e+02 1.445655510058582252e+02 1.528498222507734567e+02 1.617940941595914239e+02 1.733410995408085284e+02 1.764381324624150977e+02 1.664381324655681453e+02 1.581538612238578310e+02 1.606646297748489758e+02 1.523803585319656122e+02 1.606646297748489758e+02 1.485948175319194036e+02 1.403105462872916860e+02 1.485948175319194036e+02
1.285289467978300024e+02 1.285289467978300024e+02 1.485289467978220728e+02 1.384854427128601344e+02 1.184854427128656056e+02 1.184854427128656056e+02 1.309962112671822467e+02 1.177225366523867791e+02 9.772253665238820020e+01 1.050734260117141616e+02 9.237639344511728723e+01 9.814989613701314397e+01 1.048165628036793464e+02 1.123758522638633650e+02 1.239228576476550643e+02 1.439228576476493515e+02 1.323438332332032417e+02 1.140595619868735184e+02 1.323438332332032417e+02 1.221544800699564206e+02 1.316095537145229457e+02 1.233252824681332243e+02 1.111699278736614502e+02 1.174944831939977661e+02 1.245655510058627442e+02 1.335098229158606387e+02 1.450568282996515279e+02 1.650568282996331106e+02 1.681538612238456665e+02 1.481538612238675796e+02 1.381538612238689723e+02 1.481538612238644816e+02 1.323803585319735134e+02 1.506646297764718554e+02 1.385948175329233720e+02 1.203105462872954803e+02 1.385948175329233720e+02
1.143868111741010551e+02 1.343868111740982272e+02 1.435572274298936861e+02 1.376993630536559010e+02 1.243433070891342282e+02 1.043433070891356493e+02 1.143433070891349246e+02 1.027119400209704452e+02 1.035698043972394231e+02 8.507342601171558272e+01 1.050734260117141616e+02 1.181498961370117229e+02 1.176100380457645116e+02 1.258943092921477955e+02 1.406601235097001847e+02 1.372241719499984640e+02 1.240595619868728079e+02 1.040595619868742290e+02 1.240595619868728079e+02 1.106074746861647213e+02 1.164653390624333440e+02 1.033252824681346453e+02 1.233252824681332243e+02 1.306515202253408461e+02 1.366817471168957070e+02 1.433484137835611136e+02 1.516326850286853585e+02 1.616326850274033404e+02 1.764381324624150977e+02 1.664381324655681453e+02 1.481538612238644816e+02 1.281538612238703649e+02 1.223803585319749061e+02 1.357136918653058899e+02 1.303105462872933629e+02 1.103105462872961908e+02 1.303105462872933629e+02
1.083565842825462084e+02 1.283565842825433947e+02 1.235572274299305064e+02 1.176993630536619833e+02 1.261523576698677260e+02 1.143433070891349246e+02 9.434330708913634567e+01 8.856980439724048892e+01 8.356980439724084420e+01 8.090313773057437174e+01 1.009031377305729507e+02 1.034679024220345553e+02 9.761003804576593268e+01 1.176100380457645116e+02 1.309258407994016977e+02 1.289399007039968978e+02 1.089399007039997258e+02 9.739289532020802653e+01 1.095482499146798006e+02 1.121520281342961027e+02 9.646533906243476508e+01 1.009374750174340392e+02 1.056515202253440293e+02 1.106515202253436740e+02 1.166817471168985207e+02 1.233484137835647232e+02 1.333484137835633305e+02 1.533484137835557704e+02 1.628571027911817737e+02 1.544041081788384702e+02 1.461198369351641020e+02 1.481538612238644816e+02 1.357136918653058899e+02 1.157136918653087037e+02 1.236438796206285673e+02 1.036438796206299884e+02 1.187931671199022503e+02
1.207972948223607688e+02 1.366408555287332263e+02 1.235572274299305064e+02 1.035572274299320270e+02 1.061523576698702840e+02 1.202944932928618300e+02 1.143433070891349246e+02 1.085698043972390678e+02 9.690313773057322067e+01 7.690313773057464175e+01 9.277745274553832644e+01 8.346790242203597643e+01 1.034679024220345553e+02 1.145959091808528285e+02 1.109258407994076094e+02 1.309258407994016977e+02 1.145445414154832662e+02 1.062602701685728874e+02 8.954824991468122164e+01 9.215202813429752382e+01 1.121520281342961027e+02 1.209374750174326181e+02 1.256515202253426082e+02 1.306515202253408461e+02 1.306515202253408461e+02 1.433484137835611136e+02 1.516326850286853585e+02 1.616326850274033404e+02 1.528571027953672683e+02 1.345728315513762254e+02 1.261198369351707385e+02 1.407457910625624322e+02 1.324615198172593864e+02 1.295415578668226431e+02 1.095415578668254568e+02 1.187931671199022503e+02 9.879316711990367139e+01
1.171272264409155497e+02 1.371272264409097659e+02 1.245209906007941356e+02 1.120102220461389066e+02 9.201022204614032773e+01 1.120102220461389066e+02 1.175400543128228463e+02 1.169031377305670105e+02 9.690313773057323488e+01 9.277745274553832644e+01 7.277745274553974753e+01 9.277745274553832644e+01 1.030489037970611292e+02 9.459590918085424960e+01 1.145959091808528285e+02 1.113419783394443385e+02 1.030577070924713610e+02 8.626027016857430851e+01 1.062602701685728874e+02 1.121520281342961027e+02 1.003169939435742037e+02 1.078762834037582223e+02 1.168205553137567563e+02 1.283675606975476455e+02 1.483675606975404264e+02 1.589357914680024066e+02 1.700086355604670416e+02 1.587149671750892139e+02 1.387149671751072901e+02 1.245728315513783286e+02 1.145728315513790392e+02 1.256285596413790842e+02 1.124615198172622144e+02 1.167442261523278830e+02 1.215603457700116365e+02 1.132760745234940742e+02 9.550518737379675827e+01
1.371272264409097659e+02 1.303788549779705477e+02 1.103788549779737167e+02 9.623671935424376045e+01 8.623671935424447099e+01 9.957005268757684746e+01 9.754005431282426741e+01 1.116821899360114543e+02 1.074218631204730485e+02 9.015132408834405453e+01 7.015132408834547562e+01 9.015132408834405453e+01 8.304890379706255032e+01 1.030489037970611292e+02 1.083438515835130573e+02 1.000595803364881249e+02 8.305770709247278205e+01 9.012877490433776018e+01 1.042709105280677164e+02 1.242709105280657695e+02 1.203169939435727827e+02 1.166469255621275636e+02 1.361605546498979891e+02 1.451048265592848452e+02 1.566518319417417047e+02 1.641507711788392783e+02 1.500086355605013466e+02 1.641507711788392783e+02 1.497706952650986807e+02 1.297706952651087420e+02 1.156285596413797947e+02 1.056285596413805052e+02 1.009145144334705151e+02 9.674422615232930411e+01 1.110873719028358977e+02 9.327607452349549533e+01 1.074182101472254516e+02
1.269461999046258427e+02 1.225771587333466499e+02 1.142928874868076150e+02 1.145209906011170631e+02 9.957005268757684746e+01 7.957005268757826855e+01 8.339791868909431116e+01 1.016821899362047787e+02 9.913759187347801571e+01 7.913759187347943680e+01 6.759058648968773753e+01 7.362081338124258423e+01 9.362081338124116314e+01 1.049766161960598936e+02 1.000595803364881249e+02 8.005958033648954597e+01 1.000595803364881249e+02 1.101287749043363391e+02 1.042709105280677164e+02 1.184130461517976727e+02 1.384130461517907804e+02 1.366469255621217371e+02 1.449311968072973116e+02 1.643069077458523850e+02 1.560226365044070747e+02 1.558664999367622102e+02 1.358664999367723851e+02 1.558664999367622102e+02 1.546371420951255686e+02 1.439128308864669918e+02 1.339128308873071944e+02 1.256285596413790842e+02 1.209145144334690940e+02 1.110873719028358977e+02 9.108737190283731877e+01 1.110873719028358977e+02 1.215603457700116365e+02
1.186619286581873070e+02 1.142928874868076150e+02 9.429288748680903609e+01 1.001507518630776588e+02 9.382619654274134291e+01 8.805269385084548617e+01 7.339791868909502170e+01 9.339791868909360062e+01 9.172773617975799709e+01 8.344346493253266317e+01 6.529642915098227718e+01 8.529642915098085609e+01 8.919049069927648077e+01 8.497661619606131467e+01 9.799673784397067777e+01 7.799673784397209886e+01 8.954374322776379813e+01 1.036858788514937544e+02 1.236858788514913812e+02 1.325551817742220067e+02 1.341509072147210304e+02 1.424351784603070712e+02 1.539821838428026126e+02 1.560226365044070747e+02 1.360226365044210013e+02 1.418805008806878050e+02 1.283072104765888923e+02 1.383072104765874712e+02 1.346371420951425080e+02 1.546371420951255686e+02 1.482267343923019212e+02 1.340845987702330433e+02 1.240845987708213727e+02 1.096588004742645666e+02 8.965880047426598765e+01 1.096588004742645666e+02 1.226277902655801739e+02
1.160989306986960088e+02 1.142928874868076150e+02 9.429288748680903609e+01 8.015075186307907984e+01 7.382619654274276400e+01 6.805269385084690725e+01 8.368833604612594002e+01 8.989817876478808500e+01 8.161390751754733230e+01 6.344346493253407715e+01 8.344346493253266317e+01 6.756827648797037966e+01 6.919049069927790185e+01 7.083448057233135842e+01 9.083448057232993733e+01 7.598666221345381189e+01 9.012879783718376814e+01 1.101287978371823471e+02 1.273179470388396766e+02 1.226039018309307380e+02 1.141509072147238584e+02 1.256979125985155576e+02 1.456979125985081112e+02 1.526054826645514879e+02 1.418805008806878050e+02 1.218805008806920540e+02 1.383072104765874712e+02 1.183072104765902992e+02 1.383072104765874712e+02 1.404435358404588499e+02 1.321592645954985983e+02 1.199424631481626733e+02 1.058003275244327170e+02 9.580032752443342758e+01 8.824103806424940899e+01 1.082410380642479879e+02 1.026277902655815950e+02
1.019567950752978192e+02 1.119567950751157355e+02 1.084350231100788307e+02 1.001507518630776588e+02 9.035500271279214246e+01 7.035500271279356355e+01 6.368833604612736110e+01 7.980319259669701637e+01 6.161390751754874628e+01 8.161390751754733230e+01 8.344346493253266317e+01 8.171041211170033591e+01 8.333262632300785810e+01 9.083448057232993733e+01 7.319973015628752933e+01 9.319973015628610824e+01 1.042709334605382168e+02 1.088114536103912258e+02 1.073179470388421493e+02 1.026039018309321591e+02 1.226039018309307380e+02 1.374754223829924058e+02 1.490224277657871994e+02 1.443212114205018111e+02 1.243212114205073249e+02 1.143212114205080354e+02 1.264765660149798094e+02 1.131432326816474330e+02 1.331432326816446050e+02 1.321592645954985983e+02 1.121592645955027336e+02 1.180171289717713563e+02 1.240845987708213727e+02 1.068542875736850135e+02 8.685428757368643460e+01 9.262779026558229134e+01 1.126277902655808703e+02
8.367252382816712952e+01 1.036725238281657084e+02 1.134490134803755410e+02 9.344901348037696209e+01 8.190200809658526282e+01 9.035500271279214246e+01 7.980319259669701637e+01 5.980319259669843746e+01 7.980319259669701637e+01 8.989817876478808500e+01 1.034434649325294799e+02 1.017104121116989148e+02 1.033326263230064370e+02 1.014840014034091524e+02 9.319973015628610824e+01 7.791377536419751948e+01 9.791377536419609839e+01 8.881145361039264685e+01 9.317581141511219300e+01 1.002468792269771711e+02 1.091911511369757051e+02 1.207381565207674043e+02 1.407381565207626295e+02 1.526054826645514879e+02 1.426054826657605759e+02 1.264765660149798094e+02 1.064765660149812305e+02 1.264765660149798094e+02 1.414275039270203536e+02 1.342706256789453221e+02 1.180171289717713563e+02 9.801712897177277739e+01 1.073266792952751274e+02 1.055119754632570590e+02 8.551197546325848009e+01 1.055119754632570590e+02 1.126277902655808845e+02
1.019567950752978192e+02 1.119567950751157355e+02 1.217332847269365743e+02 1.101862793435132630e+02 1.019020080965838417e+02 9.733649172359194779e+01 7.865041176128858069e+01 5.865041176129000178e+01 7.279254738501995803e+01 9.279254738501853694e+01 1.056135317506655014e+02 9.732926050364824277e+01 1.056135317506655014e+02 1.171605371341495214e+02 1.061980466112510300e+02 9.791377536419609839e+01 8.291377536419717842e+01 1.029137753641957573e+02 1.131758114151107719e+02 1.202468792269757500e+02 1.285311504734509924e+02 1.257204033091285993e+02 1.257204033091285993e+02 1.340046745549939828e+02 1.372380846197926871e+02 1.172380846197973483e+02 1.030959489960673920e+02 1.186786879530724121e+02 1.269629591993494557e+02 1.201284900562398690e+02 1.059863544335324264e+02 1.073266792952751274e+02 8.732667929527654849e+01 1.023095648758599481e+02 8.417864212992523676e+01 9.832077775365519301e+01 1.183207777536537719e+02
1.105679217253371007e+02 1.069013353217153650e+02 1.151856065684950465e+02 1.111504088454761217e+02 1.028661375986294644e+02 8.905222047645258954e+01 6.905222047645401062e+01 5.750521509266230424e+01 7.750521509266089026e+01 9.561353175082395239e+01 8.732926050364893911e+01 7.732926050364966386e+01 8.887626588744136313e+01 1.088762658874399420e+02 1.211867170903137350e+02 1.111980466111629795e+02 1.029137753641957573e+02 9.556288600486979590e+01 1.097050216285997521e+02 1.297050216285964268e+02 1.198625389320636430e+02 1.057204033091313420e+02 1.057204033091313420e+02 1.257204033091285993e+02 1.394258806146135043e+02 1.194258806146207519e+02 1.186786879530724121e+02 9.867868795307383323e+01 1.145083996719312012e+02 1.118442188098010490e+02 9.184421880980247010e+01 9.919510816912843154e+01 8.100212397494023264e+01 8.230956487586136916e+01 1.023095648758599481e+02 1.124629133767078741e+02 1.236772120673781075e+02
9.794946017786192272e+01 8.690133532171678610e+01 1.036386011849824484e+02 9.960340346193609662e+01 8.286613759863088546e+01 9.051142704789674553e+01 7.051142704789816662e+01 5.636929142416821037e+01 7.477056989021198774e+01 7.948461509812213421e+01 6.732926050365036019e+01 8.732926050364893911e+01 1.056135317506655014e+02 1.117950663009956429e+02 1.011867170903162787e+02 1.081466867234658196e+02 1.164309579701974400e+02 1.155628860048683748e+02 1.238471572514342540e+02 1.176718098373492154e+02 1.093875385906604834e+02 9.157826768540138573e+01 1.111738665402011890e+02 1.194581377868796181e+02 1.294581377864497824e+02 1.394258806146135043e+02 1.269629591993494557e+02 1.145083996719312012e+02 9.450839967193262225e+01 1.104677894937226341e+02 9.919510816912843154e+01 7.919510816912985263e+01 9.742039515029632923e+01 1.023095648758599481e+02 1.105938361226888986e+02 1.036772120673901298e+02 1.036772120673901441e+02
7.794946017786334380e+01 7.535432993792508682e+01 9.535432993792366574e+01 9.131913221483776510e+01 7.131913221483918619e+01 8.062868253834153620e+01 8.150487262092697449e+01 7.322060137362777255e+01 5.477056989021340172e+01 5.948461509812355530e+01 7.948461509812213421e+01 9.561353175082395239e+01 1.059372019242769341e+02 9.179506630099706399e+01 8.704458146658632245e+01 8.814668672346724065e+01 1.022888223471971969e+02 1.222888223471942553e+02 1.117741315913152391e+02 1.034898603444650149e+02 8.938753859066190444e+01 8.450719987353640761e+01 9.117386654020261005e+01 1.011738665402018995e+02 1.211738665402004784e+02 1.386754533162688858e+02 1.286754533169809065e+02 1.203911820708177345e+02 1.104677894937226341e+02 9.046778949372405521e+01 1.074793794160253668e+02 9.742039515029632923e+01 7.742039515029775032e+01 9.586103279912553887e+01 9.476668148879645059e+01 8.367721206739155093e+01 9.259731357307883570e+01
6.380732455413338755e+01 8.380732455413196647e+01 9.807630258152239833e+01 9.960340346193609662e+01 8.062868253834153620e+01 6.062868253834295729e+01 7.168441062834268962e+01 5.322060137362919363e+01 6.736273699735914988e+01 7.948461509812213421e+01 8.776888634537708356e+01 1.017552524310678166e+02 9.593720192443745987e+01 7.765293067726710774e+01 7.549757608279462318e+01 8.704458146658632245e+01 1.070445814665849014e+02 1.117741315913152391e+02 1.002271262077738641e+02 8.348986034446643600e+01 7.784053320687020516e+01 9.784053320686878408e+01 1.111738665402011890e+02 1.194581377868796181e+02 1.294581377864497824e+02 1.303911820708156313e+02 1.103911820708184450e+02 1.003911820708191556e+02 9.372451540415295312e+01 8.769428851259810642e+01 1.007537284836294305e+02 8.075372848363085154e+01 9.586103279912553887e+01 7.586103279912695996e+01 7.476668148879787168e+01 7.367721206739226147e+01 7.259731357308025679e+01
