LEM_wLE/output/LEM_woLE_example/elevation_000007.asc
nrows	100
cellsize	150.0
xllcorner	0
ncols	100
yllcorner	0
NODATA_value	-9999
[rows 68 to 84 of 100, columns 0 to 36 of 100]
2.958550950857541384e-02 2.002958550950821959e+01 3.364089127200846718e+01 4.518789665580118964e+01 5.608531577631111276e+01 4.829048402012320196e+01 2.829048402010540997e+01 4.829048402012320196e+01 5.910204487825960484e+01 4.495990924371312758e+01 5.116853140406798417e+01 4.288426014717101253e+01 3.753603636694305834e+01 1.753603636690055367e+01 3.753603636694305834e+01 3.981864073354891076e+01 1.981864073348876332e+01 3.981864073354891076e+01 4.581378657466900961e+01 2.581378657447226388e+01 1.167165095074106063e+01 3.125412260520437258e+01 3.095911039881982418e+01 3.924338165608862994e+01 4.637671797142411378e+01 5.466098923827690470e+01 7.037331291913383780e+01 6.789409713922725587e+01 6.789409713922727008e+01 8.789409714741474033e+01 8.313125835361620375e+01 7.484698700878782063e+01 7.484698700878782063e+01 6.772119029996429163e+01 5.943691899993486771e+01 5.412653773622506037e+01 4.584226646183354603e+01
9.835479489548564214e-01 1.512568357268568064e+01 3.512568357268497010e+01 5.261404440322751697e+01 3.608531577616492569e+01 3.608531577616492569e+01 2.294525918185683011e+01 4.294525918186987212e+01 4.910204487443538568e+01 3.081777361998167919e+01 4.288426014717101253e+01 2.288426014708298695e+01 2.874212452337759416e+01 1.382212960335944985e+01 3.382212960339406749e+01 2.648584858143438581e+01 1.404513804159240564e+01 3.404513804163519808e+01 5.151022697630207148e+01 3.995592220889744084e+01 3.125412260520437258e+01 1.125412260514951335e+01 1.095911039876694737e+01 3.054203623409052071e+01 3.882630749088327349e+01 4.208904161795169330e+01 6.191223275071648402e+01 5.682780149255003010e+01 6.511207276730735316e+01 7.665907817012038095e+01 7.484698700878782063e+01 5.484698700733402177e+01 5.484698700733402177e+01 6.898912268047516250e+01 5.582586267934929936e+01 4.697465734836747941e+01 2.697465734818558047e+01
5.722010782348829760e-02 1.419935573155456332e+01 3.419935573155526498e+01 3.847190877845935830e+01 2.432977315369156557e+01 1.608531577615635300e+01 3.608531577616492569e+01 5.122953043104854487e+01 4.081777362003272458e+01 2.081777361998150155e+01 4.081777362003272458e+01 2.874212452337759416e+01 8.742124523351785470e+00 2.578700479182807115e+01 2.607640433191611962e+01 6.485848581407794633e+00 2.648584858143438581e+01 2.322595571572767170e+01 4.322595571588149710e+01 4.758405422399840035e+01 2.758405422370507054e+01 3.125412260520437258e+01 3.054203623409052071e+01 1.054203623404037415e+01 2.208904161783309306e+01 3.362796146836718236e+01 4.528079610859888504e+01 3.682780149227595246e+01 4.837480687606887386e+01 6.837480687671724411e+01 7.484698700878782063e+01 5.484698700733402177e+01 4.070485138360247390e+01 5.176057947383868196e+01 4.754159140324985344e+01 2.754159140306265385e+01 4.697465734836747941e+01
9.757004629446797139e-02 1.423970567002529286e+01 3.423970567002458409e+01 3.018763752996640548e+01 1.018763752996036409e+01 3.018763752996640548e+01 4.436958702492855622e+01 4.901016293119801759e+01 3.374670580814901655e+01 1.374670580811590170e+01 2.480243389813496435e+01 2.509021112967079148e+01 5.497696100736506608e+00 5.787004791805005155e+00 6.076404331891621879e+00 2.607640433191611962e+01 6.896024097172587908e+00 2.103815972090379205e+01 4.103815972100182563e+01 5.221131538691328444e+01 4.758405422399840035e+01 3.811647776591924242e+01 2.983220650991641776e+01 1.024734444939500300e+01 1.362796146830909905e+01 3.362796146836718236e+01 2.528079610848303105e+01 4.528079610859888504e+01 5.422506801869209170e+01 7.422506802203587029e+01 7.883164729177754282e+01 5.883164728583335545e+01 5.176057947383868196e+01 3.176057947360299849e+01 2.810909575690182649e+01 4.754159140324985344e+01 5.582586267934929936e+01
4.225409065741109194e-01 2.042254090657375443e+01 2.110919928656335287e+01 2.139372568641533334e+01 6.473730766419294902e+00 2.647373076642422163e+01 4.641174241541063594e+01 4.072589167619282335e+01 2.072589167610501448e+01 2.439596005756660446e+01 4.802433898116663435e+00 5.090211129651141420e+00 2.509021112967079148e+01 2.578700479182807115e+01 2.607640433191611962e+01 2.718624514843926931e+01 7.186245148408976213e+00 2.718624514843926931e+01 2.392704412469772635e+01 4.392704412487174892e+01 4.297454922924730880e+01 2.983220650991641776e+01 9.832206509870799138e+00 2.983220650991641776e+01 3.362796146836718236e+01 1.879193926325241293e+01 3.879193926333066855e+01 3.422506801848250291e+01 4.836720364221395130e+01 6.836720364292817465e+01 7.564394725164838462e+01 5.883164728583335545e+01 3.883164728546871913e+01 5.176057947383868196e+01 4.810909575709451502e+01 2.868029123487937326e+01 4.868029123507774614e+01
8.169748314230130815e-01 8.247592245664854271e-01 1.109199286560772713e+00 1.393725686411652953e+00 2.139372568641533334e+01 1.812747116544880654e+01 3.812747116547688364e+01 3.227405096540921647e+01 2.398977971509049922e+01 4.395960057550200695e+00 2.439596005756660446e+01 1.325517693892847326e+01 2.142014274820599695e+01 4.142014274831124965e+01 3.873325053227340220e+01 1.873325053220169778e+01 2.718624514843926931e+01 7.597112506142567057e+00 2.759711250617510458e+01 3.629255490166057996e+01 2.297454922911236608e+01 2.912408153801171551e+01 9.538817622981978772e+00 2.953881762302579617e+01 4.545860593003658323e+01 2.545860592991919802e+01 4.545860593003658323e+01 5.422506801869208459e+01 4.836720364221395130e+01 6.836720364292817465e+01 6.735967594032916850e+01 4.735967593969343881e+01 5.883164728583335545e+01 4.925183646029950069e+01 2.925183646009531202e+01 4.868029123507774614e+01 5.022915266430318582e+01
7.482281904641915338e-01 2.074822819046383771e+01 2.110919928656335287e+01 2.139372568641533334e+01 1.797539546893994755e+00 2.179753954689925521e+01 3.048591305058442202e+01 2.398977971509049922e+01 3.989779715075951305e+00 2.398977971509049922e+01 3.268023130823763012e+01 2.480218232272119394e+01 3.325517693896168225e+01 4.970441400476160965e+01 4.701752178951053907e+01 3.028025591599441668e+01 3.588138375984069484e+01 2.759711250617510458e+01 8.008283647546299733e+00 2.800828364758111988e+01 8.832413605381164601e+00 9.124081537970425870e+00 2.912408153801171551e+01 2.953881762302579617e+01 4.953881762380638065e+01 4.545860593003658323e+01 3.810771657059316198e+01 5.810771657091246567e+01 6.836720364292817465e+01 7.665147493739371498e+01 7.443074375254255415e+01 5.443074375155916300e+01 7.443074375254255415e+01 5.753610773822575908e+01 4.925183646029950069e+01 2.982384901590872062e+01 3.022915266408861257e+01
6.697973685351282791e-01 1.481193299226620397e+01 3.481193299226691096e+01 3.008181079541263259e+01 2.179753954689925521e+01 2.201641801742881377e+00 2.220164180174977275e+01 2.370271480452721491e+01 3.702714804513934421e+00 1.784485042824513812e+01 3.784485042829039259e+01 4.480218232279975155e+01 5.308645357931482067e+01 6.153944820475964406e+01 5.856452718009660430e+01 5.028025591616398771e+01 3.695255555760860489e+01 1.695255555754561883e+01 2.800828364758111988e+01 8.420064383267570562e+00 2.842006438330473017e+01 2.912408153801171551e+01 1.324976652300563629e+01 3.324976652305766578e+01 3.756307745120957264e+01 5.756307745235661599e+01 5.810771657091246567e+01 5.810771657091246567e+01 7.810771657571108051e+01 9.443074376730427844e+01 7.443074375254256836e+01 6.597774913535249652e+01 7.137085440069658659e+01 5.137085439970199729e+01 3.982384901590907589e+01 4.982384901611892047e+01 5.022915266430318582e+01
9.239707316362346656e-01 1.506610635536705978e+01 3.506610635536635101e+01 3.634377742549759205e+01 1.634377742547408019e+01 2.220164180174977275e+01 2.606074407969112272e+00 2.260607440797768319e+01 3.415768100632063042e+00 2.341576810064407965e+01 3.681139123286165926e+01 4.388245904474214143e+01 5.216673029761414426e+01 6.371373568516844443e+01 6.004656632548380202e+01 4.004656632513126624e+01 2.849956094133834128e+01 3.109469118127682208e+01 3.445029127487609344e+01 1.445029127482289688e+01 3.445029127487609344e+01 4.153403777961879939e+01 3.324976652305766578e+01 1.756307745114324703e+01 3.756307745120956554e+01 4.612612445375867765e+01 5.020860735842494194e+01 5.849287862328043275e+01 6.849287863286745903e+01 8.263501428371317559e+01 9.426202052812956822e+01 8.597774913767894134e+01 7.965512572901455712e+01 6.810812031180628878e+01 5.137085439970199729e+01 5.445441169161104966e+01 3.445441169133910364e+01
7.344999525375345284e-01 1.487663557626835953e+01 3.487663557626764543e+01 4.462804867569520439e+01 3.634377742549759205e+01 2.260607440797768319e+01 2.260607440797768319e+01 3.010713895689371533e+00 2.301071389569964509e+01 1.048683591249760028e+01 1.681139123283447034e+01 2.388245904470007019e+01 3.542946442849299160e+01 5.542946442859248180e+01 6.833083760037634136e+01 5.678383220524099784e+01 4.849956094148738117e+01 5.109469118149159783e+01 4.273456253127839233e+01 3.445029127487609344e+01 2.599729665861561756e+01 4.599729665874149021e+01 4.584734870940305740e+01 3.170521307487445029e+01 2.227712265905364575e+01 2.612612445365121872e+01 3.020860735828992105e+01 4.020860735829027277e+01 5.435074298202172116e+01 6.995174415070422924e+01 7.823601543656414492e+01 8.823601545781016853e+01 9.269196846469012030e+01 7.965512572901455712e+01 7.137085440069658659e+01 5.708054034884782624e+01 3.708054034853364556e+01
8.205962881864476977e-01 1.082059628818636021e+01 2.496273191191706076e+01 4.496273191191635021e+01 5.089034566124182390e+01 3.715284951945558589e+01 1.715284951942057035e+01 1.455771927948198829e+01 3.129498514519289643e+01 2.462897153622880353e+01 2.681676753105249489e+01 4.388245904474214143e+01 5.216673029761414426e+01 5.624189741857162517e+01 6.209976179480609204e+01 6.349041366068573922e+01 5.520614241825988699e+01 4.858542304454216776e+01 4.030115179947063808e+01 4.858542304454216776e+01 4.599729665874149021e+01 4.232722827717383041e+01 5.998948434393198426e+01 4.934819047105350620e+01 2.934819047091924560e+01 4.612612445375867765e+01 4.435074298202137300e+01 3.751157479169238940e+01 4.328507748358885010e+01 4.995174415025574888e+01 5.995174415025609704e+01 7.995174415115305067e+01 8.440769707225049956e+01 6.440769707043794767e+01 5.440769707043723713e+01 4.684840761025242983e+01 3.977733979838670564e+01
1.503081736372913202e-02 2.001503081736337464e+01 3.910486753564725149e+01 3.491959731115565546e+01 4.320386855821246996e+01 4.543712077096565594e+01 3.715284951945558589e+01 3.455771927950628708e+01 4.284199053039403537e+01 4.462897153629214841e+01 4.681676753115176837e+01 5.510103878602514271e+01 5.038403304034047636e+01 3.624189741857716029e+01 4.209976179484499426e+01 5.062176165773767167e+01 3.520614241826824298e+01 3.887621079971265203e+01 2.030115179947246773e+01 4.030115179947063808e+01 5.001949252302863158e+01 6.232722827783986475e+01 7.061149956058660848e+01 5.763246173565783437e+01 4.089519585471217056e+01 4.934819047105350620e+01 6.435074298248166258e+01 5.165371041542383779e+01 5.742721310732029849e+01 6.995174415070422924e+01 7.823601543656414492e+01 8.823601545781016853e+01 9.269196846469012030e+01 8.269196841279141097e+01 7.440769707134346334e+01 6.414169760357734162e+01 4.414169760310670654e+01
1.711296032766891351e-01 2.017112960327633431e+01 3.165686317458568766e+01 1.491959731115636778e+01 3.165686317458568766e+01 3.957294373966820444e+01 4.611957767208119918e+01 3.783530642544253908e+01 3.783530642544254619e+01 5.783530642542476130e+01 5.561075219610820852e+01 4.732648095114839037e+01 4.209976179484498715e+01 2.209976179484670666e+01 3.550834017165275469e+01 3.062176165774189229e+01 3.746376169661996158e+01 1.887621079971429694e+01 3.887621079971265203e+01 2.173522127823659389e+01 4.173522127823459016e+01 5.146099246304595454e+01 5.877172226685560474e+01 6.705599350776230949e+01 6.089519585502979027e+01 6.917946713136991832e+01 7.763246177704350259e+01 7.165371041614876901e+01 7.742721310833935888e+01 8.502357039237568870e+01 9.330784161814655420e+01 1.017608362122219035e+02 9.495049989837993110e+01 7.495049989350893327e+01 6.080836426977395348e+01 5.080836426977360532e+01 6.414169760357734162e+01
6.634215400813491259e-01 2.066342154008099286e+01 2.217629471825443943e+01 3.372591927363951747e+00 2.337259192736359736e+01 1.957294373966909617e+01 2.628830104165058046e+01 1.783530642544324962e+01 3.783530642544253908e+01 4.838184638175461316e+01 4.732648095114839037e+01 2.732648095115138887e+01 3.318434532741986231e+01 1.454047233466229549e+01 1.550834017165394307e+01 1.647962603401119352e+01 1.746376169662142175e+01 3.746376169661996158e+01 4.716048204504412666e+01 4.173522127823459016e+01 2.317672121854946354e+01 4.317672121854724310e+01 3.877172226686418099e+01 5.877172226685560474e+01 7.438230407466274130e+01 7.148741523750308602e+01 7.148741523750307181e+01 7.977168647228356235e+01 8.176083624322654941e+01 6.502357039241587700e+01 7.347656500860715312e+01 8.873742816244322285e+01 9.702169938420296091e+01 8.909263567519016647e+01 7.635536623302640180e+01 5.635536623202609263e+01 7.635536623302640180e+01
1.702428053490451232e-01 2.017024280534868907e+01 2.176294718254795590e+00 2.217629471825443943e+01 4.576450458221638762e+00 5.430808115938396519e+00 6.288301041650937506e+00 2.628830104165058046e+01 2.838184638176598895e+01 2.838184638176598895e+01 4.012327098581459950e+01 3.183899973942728323e+01 1.318434532742068654e+01 3.318434532741986231e+01 3.550834017165275469e+01 2.355069384587654469e+01 2.502305115680583469e+01 3.746376169661996158e+01 5.746376169658677213e+01 5.146099246304595454e+01 3.731885684227991362e+01 2.462958664313373447e+01 4.462958664313119073e+01 4.609803283955954356e+01 6.562955085490389706e+01 5.148741523752322991e+01 5.148741523752322280e+01 7.148741523750307181e+01 6.347656500861601359e+01 5.347656500862417062e+01 7.347656500860715312e+01 6.873742816249882992e+01 8.873742816244322285e+01 9.049750185918088619e+01 7.049750185575909711e+01 6.529963814202588424e+01 8.463963762136459934e+01
1.450734497938095391e-01 9.842548080904982566e-01 2.098425480809014232e+01 3.046056596556956109e+01 1.612345584201394999e+01 2.543080811593804214e+01 2.628830104165058046e+01 7.512281164375141707e+00 8.381846381766438370e+00 2.838184638176598895e+01 3.050861952895193951e+01 1.183899973942807193e+01 1.939828919961248488e+01 3.939828919961122011e+01 5.110998330605785611e+01 3.110998330606095763e+01 4.502305115680370307e+01 3.767216179747890692e+01 5.767216179747297389e+01 6.560312808381100069e+01 5.291385788731374618e+01 4.462958664313119073e+01 2.609803283956241415e+01 4.609803283955954356e+01 5.588986080591218553e+01 3.734527961379277627e+01 5.734527961378684324e+01 5.770306231672239505e+01 4.347656500862451878e+01 4.882178984687281798e+01 5.459529253876887367e+01 6.353956444876771315e+01 7.508656983255941952e+01 9.508656983248968686e+01 8.463963747952972483e+01 7.684664352581921776e+01 9.358390967773870273e+01
2.896770308316644060e-01 2.028967703083131013e+01 1.731418642664473140e+01 3.731418642664402086e+01 3.612345584201323589e+01 4.440772708890302312e+01 3.579655241123469978e+01 1.905928654816745293e+01 2.838184638176598895e+01 9.618631209972640761e+00 1.050861952895260387e+01 3.050861952895193951e+01 3.939828919961122011e+01 3.354042482334293140e+01 5.354042482333888131e+01 4.525211892979140771e+01 4.743991492461490367e+01 5.767216179747297389e+01 5.767216179747298099e+01 7.046962219435476982e+01 5.365732229974215528e+01 3.365732229974669565e+01 4.609803283955954356e+01 2.760558956245120754e+01 4.760558956244802431e+01 3.067861294712634646e+01 5.067861294712238163e+01 3.770306231672846309e+01 5.770306231672239505e+01 6.882178984686117929e+01 7.459529253875257382e+01 8.287956377335181912e+01 9.182383567739444175e+01 1.033708410481917923e+02 1.046396374911119977e+02 9.684664353051229568e+01 1.051309155149541539e+02
