LEM_wLE/output/LEM_woLE_example/elevation_000007.asc
nrows	100
cellsize	150.0
xllcorner	0
ncols	100
yllcorner	0
NODATA_value	-9999
[rows 51 to 67 of 100, columns 37 to 73 of 100]
4.325015402821865962e+01 4.774454044826884314e+01 5.174454044833510125e+01 3.841120711467115711e+01 5.841120711516741437e+01 7.425476791007879740e+01 7.795934275971768557e+01 6.967507133049339529e+01 5.802431979177771382e+01 4.388218416804565436e+01 6.388218416904722119e+01 6.116670881876623156e+01 4.199431470648985254e+01 6.199431470741996719e+01 5.176904141502674861e+01 6.591117703876035705e+01 8.591117704482846307e+01 9.835450178004822419e+01 9.249663736267071101e+01 8.308422394171549286e+01 6.308422393733724221e+01 7.043511329827265399e+01 5.133770066147636157e+01 7.133770066317924829e+01 6.639128418790906494e+01 8.639128419405484749e+01 8.659014193410708060e+01 7.830587049230129537e+01 6.045628381301256127e+01 8.045628381429706621e+01 8.467471579718424834e+01 8.065800065510939021e+01 8.065800065510939021e+01 1.006580006611366684e+02 9.320564349040890306e+01 8.849159828248916426e+01 1.026337339062502565e+02
4.717247673103094741e+01 6.135442627427708828e+01 6.669547842643896729e+01 5.841120711516741437e+01 4.597049657485596441e+01 6.011263219858821572e+01 8.011263220130773277e+01 8.630859131934731465e+01 6.873289667009470350e+01 4.873289666877248294e+01 6.873289667009470350e+01 7.027858609155479996e+01 6.199431470741996719e+01 4.282476950502727675e+01 6.282476950601115817e+01 7.194528291409177712e+01 7.924586987727549570e+01 7.835450173114750783e+01 7.249663735165076162e+01 7.782226214556341404e+01 6.953799069015158807e+01 5.043511329666328180e+01 6.043511329666362997e+01 7.962197213936774176e+01 8.639128419405484749e+01 9.467555591869701459e+01 1.004562838348546450e+02 8.045628381429706621e+01 8.045628381429706621e+01 6.286400087472802767e+01 6.467471579557852124e+01 6.651586503137529860e+01 8.651586503314375420e+01 9.150421840879141655e+01 7.906350786666786234e+01 9.320564349040890306e+01 1.132056435030464741e+02
3.307015497697981488e+01 5.307015497733043219e+01 6.842549410275461241e+01 7.425476791007879740e+01 5.491476848485543627e+01 6.011263219858821572e+01 8.011263220130773277e+01 8.506282829438299586e+01 6.506282828736068780e+01 5.476312356032796913e+01 7.476312356222106814e+01 7.915470112884409559e+01 5.915470112360416977e+01 6.282476950601115817e+01 4.366101151503439581e+01 6.366101151607504249e+01 5.924586987337131916e+01 6.570539108842562825e+01 5.835450172790932299e+01 6.953799069015158807e+01 4.953799068863074240e+01 6.953799069015158807e+01 7.871938476385312811e+01 7.676504491531866847e+01 9.090718053966095624e+01 1.109071805955899919e+02 1.019702957242606658e+02 8.197029571870643849e+01 7.042329033491310497e+01 8.286400087618837063e+01 7.881685141931227179e+01 8.651586503314375420e+01 6.922500687728987145e+01 7.150421840648279215e+01 9.150421840879141655e+01 9.813535600449354490e+01 1.064196275455308438e+02
4.461716036077273628e+01 4.014122278884553907e+01 6.014122278938791766e+01 7.659045993899823657e+01 7.491476848629868357e+01 7.124470010346149706e+01 8.011263220130773277e+01 9.334709993471020084e+01 8.142979022983448090e+01 6.142979022699486791e+01 8.142979022983448090e+01 8.743897271278891026e+01 7.182597732607054297e+01 5.182597732431194260e+01 6.366101151607504249e+01 4.450316343610094094e+01 4.510373424963916023e+01 4.570539108723536259e+01 6.570539108842562825e+01 6.890521869292362567e+01 4.890521869146238743e+01 5.179197003741061422e+01 7.179197003911839658e+01 8.424652983050199850e+01 8.490653023245532438e+01 1.049065302928217989e+02 1.102545673542667828e+02 9.674784565868372965e+01 7.674784565525030189e+01 9.674784565868372965e+01 9.881685142478504247e+01 9.281711292031901905e+01 7.281711291782562512e+01 9.150421840879141655e+01 7.518651687807633266e+01 7.813535600117447188e+01 9.813535600449354490e+01
6.461716036160223098e+01 6.014122278938791766e+01 4.830618859812308585e+01 5.725046050812255771e+01 7.725046050978053813e+01 9.124470011104544653e+01 9.952897165447672023e+01 1.083969040387454044e+02 8.971406175556828089e+01 7.142979022699557845e+01 8.971406175556828089e+01 8.125406774345985639e+01 6.125406774013291056e+01 7.182597732607054297e+01 6.921720864545126517e+01 4.921720864401142137e+01 6.510373425078380194e+01 6.570539108842562825e+01 4.655974874495215232e+01 6.655974874621036008e+01 4.828771117036792759e+01 6.828771117177345218e+01 5.596225831855225152e+01 6.490653022855204313e+01 7.904866585229052589e+01 9.904866586559144537e+01 1.130777772919270632e+02 9.307777727393697376e+01 9.088998127899061785e+01 9.674784565868374386e+01 9.826042346076999934e+01 7.826042345734417438e+01 9.281711292031901905e+01 1.011013844089053748e+02 9.518651688090595542e+01 8.371454553230134366e+01 8.249971380589462910e+01
7.925161954190978975e+01 7.659045993899823657e+01 5.985319398191600726e+01 7.659045993899823657e+01 7.358039212674083274e+01 8.772252775085439680e+01 1.077225277792096421e+02 1.148626291183890089e+02 9.971406190931365643e+01 8.557192585074429303e+01 9.280107313179713913e+01 7.280107312392624408e+01 8.125406774345985639e+01 7.990765832360203547e+01 5.990765832050877293e+01 5.588387531067832015e+01 7.588387531283812848e+01 7.484402017075777280e+01 6.655974874621036008e+01 4.741566972997400597e+01 6.741566973130323959e+01 7.657198261374236381e+01 5.916482139465410484e+01 7.916482139722317868e+01 9.216313820793732248e+01 1.063052741895739075e+02 1.168144771866936935e+02 1.130777772919270632e+02 1.108899812906810070e+02 1.167478457094878479e+02 1.065446950064813478e+02 9.826042346076999934e+01 8.415810170354046704e+01 1.041581017083990020e+02 1.100391008598532494e+02 9.003910085263854057e+01 1.024997138101401788e+02
7.096734820694932466e+01 8.166246457364002254e+01 7.985319398408439895e+01 8.813746538723646040e+01 9.264347111199779761e+01 1.009277425342266099e+02 1.090047649622923416e+02 9.486262910376636626e+01 1.090047649622923416e+02 1.055719258700737271e+02 1.010853449116067964e+02 8.434807850772079973e+01 9.404979395478476079e+01 7.404979394424640304e+01 7.990765832360203547e+01 6.344316477086312744e+01 8.344316477433528689e+01 7.257964752670926600e+01 5.257964752491741223e+01 5.635994163997347783e+01 6.374560134855989446e+01 8.374560135563253027e+01 7.916482139722317868e+01 6.387886660256458526e+01 7.802100222630089377e+01 8.853020485950152363e+01 1.026723410230976157e+02 1.116166131827779395e+02 1.231636191112853567e+02 1.221939639495794268e+02 1.021939639325647562e+02 9.064695854877142267e+01 1.041581017083990020e+02 1.124423733321529824e+02 1.171101686756649940e+02 9.711016866450451346e+01 1.171101686756649940e+02
5.337819323256770332e+01 6.752032885631071224e+01 8.752032886086539065e+01 8.938073707786551836e+01 7.264347110901033489e+01 8.594717822761111847e+01 9.129240306646802594e+01 8.072049348001415581e+01 9.226749886380748933e+01 1.122674988739896520e+02 1.126323506680937356e+02 1.043480785263389095e+02 1.023340658053581791e+02 9.404979395478476079e+01 8.344316477433528689e+01 7.499017015465645386e+01 8.412665291295024872e+01 6.412665290871073864e+01 5.684366185202976851e+01 7.635994164237803261e+01 7.268987325859741588e+01 9.202987303804630415e+01 9.216313820793732248e+01 8.387886660592579346e+01 6.904284439750816205e+01 7.438806923575701546e+01 8.333234114575679996e+01 9.487934652955013348e+01 1.148793465560172535e+02 1.304782360158922643e+02 1.177180263717626048e+02 9.771802636063739556e+01 1.013374082252691579e+02 1.213374082407190713e+02 1.253944405658237002e+02 1.112523042882930753e+02 1.171101686756649940e+02
5.337819323256770332e+01 7.337819323391380522e+01 8.335051016388429446e+01 7.506623883454351187e+01 6.109646572521700847e+01 6.594717822594400047e+01 7.129240306419285389e+01 9.129240306646802594e+01 1.090047649622923416e+02 1.205517705080837061e+02 1.123750685502268851e+02 1.040907970416936621e+02 1.123750685502268851e+02 1.117274371735174157e+02 1.032744419780404428e+02 9.499017016287115212e+01 7.826878853245335677e+01 8.120801965966290936e+01 6.120801965674976941e+01 8.120801965966290936e+01 9.268987327132307996e+01 1.009741451524535449e+02 1.005898497920221075e+02 8.058984978130149557e+01 8.904284440203946360e+01 7.904284439750885838e+01 8.703717987643177878e+01 9.858418526023568518e+01 1.185841853000100627e+02 1.318601620222213739e+02 1.118601619844225610e+02 1.118601619844225610e+02 1.154795438491105131e+02 1.176673398447789651e+02 1.376673399237677700e+02 1.312523043262006297e+02 1.371101688252439885e+02
6.752032890310390201e+01 7.790719960843851766e+01 6.962292829478516865e+01 5.506623883366152228e+01 7.506623883454351187e+01 8.594717822761111847e+01 9.129240306646802594e+01 9.957667446819888823e+01 9.507380795977927335e+01 1.033580794182371676e+02 1.023750684560866944e+02 8.409079703649807414e+01 1.023750684560866944e+02 1.055277592129220068e+02 1.138120307742359074e+02 9.826878854688806086e+01 9.826878854688806086e+01 8.753257498134733794e+01 6.753257497708696633e+01 7.120801965675046574e+01 8.535015528049670763e+01 1.053501553003365387e+02 1.005898497920221075e+02 9.473198540507770815e+01 1.073271163222907347e+02 8.904284439750956892e+01 9.904284440657139044e+01 1.153214521005412365e+02 1.268684581581130004e+02 1.401444345507774187e+02 1.318601620222213739e+02 1.318601620222213739e+02 1.354795439014831402e+02 1.376673399237677700e+02 1.354528388760636233e+02 1.254528386541536520e+02 1.171685670100525414e+02
8.044926116366983138e+01 6.962292829478516865e+01 4.962292829414315776e+01 6.962292829478516865e+01 8.335051016388429446e+01 8.839526758575709664e+01 8.011099623346837006e+01 8.839526758575709664e+01 7.507380795534312767e+01 9.181107394649454534e+01 9.409079703909523573e+01 7.409079703649736359e+01 9.138562358325879131e+01 8.552775920453255765e+01 1.055277592129220068e+02 1.182687887298247915e+02 1.001816856293508948e+02 8.018168561776137437e+01 7.907958036088029985e+01 9.120801966257666038e+01 8.535015528049670763e+01 1.053501553003365387e+02 1.205898499427780166e+02 1.147319854415256799e+02 1.173271166927296179e+02 1.090428444156343062e+02 1.173271166927296179e+02 1.273271179356065943e+02 1.300176353587939673e+02 1.383019073306905398e+02 1.420946792515580341e+02 1.338104071932727379e+02 1.420946792515580341e+02 1.413107026863658291e+02 1.213107026248822962e+02 1.071685670009461830e+02 9.716856700094547250e+01
6.965762047649451461e+01 6.137334918070373391e+01 4.608739438821029921e+01 6.022953001194206024e+01 8.022953001374381188e+01 7.839526754821855548e+01 6.011099623212106025e+01 7.197979718854962528e+01 6.352680257154979415e+01 8.352680257342530012e+01 8.701972922631080110e+01 6.701972922463139071e+01 7.138562358079192904e+01 9.138562358325879131e+01 9.986429973204620580e+01 1.081485711921301629e+02 1.084659576068139728e+02 9.432382124156245595e+01 9.907958037096008752e+01 1.073638523011019430e+02 1.053501553003365387e+02 1.136344275126223948e+02 1.232375597770978857e+02 1.211813178218916391e+02 1.189935221433228918e+02 1.107092505529024891e+02 1.189935221433228918e+02 1.267549016408120508e+02 1.100176353334743453e+02 1.267549016408120508e+02 1.320946789547997753e+02 1.138104071647372990e+02 1.320946789547997753e+02 1.346722352942541363e+02 1.263879633147202952e+02 1.254528386541536520e+02 1.071685670054983888e+02
5.690121322561366668e+01 4.137334918029981878e+01 6.137334918070373391e+01 7.437166569415144579e+01 7.179193739632657412e+01 7.011099623279440607e+01 5.011099623212071208e+01 5.197979718775687275e+01 7.197979718854962528e+01 7.204964299094021385e+01 7.553119611020255775e+01 6.069517390429419379e+01 6.646867659619086055e+01 7.279323191652805747e+01 7.986429972839403035e+01 9.141130511218736387e+01 1.114113051208274783e+02 1.143238212808919627e+02 1.167565960968371854e+02 1.067565958516387070e+02 9.847232440104735929e+01 1.067565958516387070e+02 1.032375597429901148e+02 1.011813177877305776e+02 1.089935220192333389e+02 9.070925054488439798e+01 1.089935220192333389e+02 1.184706299603831923e+02 9.847062994967792804e+01 1.077801802781634848e+02 1.138104071718702528e+02 1.038104071647365885e+02 1.238104071790049971e+02 1.196551465287794400e+02 1.063879632790966383e+02 1.100580316670792769e+02 1.154528385107001469e+02
3.690121322530008285e+01 5.690121322561366668e+01 5.220210929361862640e+01 6.048638057509168675e+01 5.179193739522713713e+01 5.964980177185400834e+01 4.255170677193590478e+01 6.255170677235494026e+01 6.833573622726835595e+01 5.204964299023671259e+01 5.553119610935078754e+01 7.553119611020255775e+01 8.646867659780519944e+01 9.279323191888894939e+01 9.986429973204620580e+01 1.081485711921301629e+02 1.196955767251297260e+02 1.088922876452668191e+02 1.006080161454949007e+02 8.847232439931210024e+01 7.847232439757810596e+01 9.675659577859448746e+01 8.909542411901836090e+01 8.703918216351765125e+01 9.070925054688754585e+01 8.070925054488368744e+01 1.007092505488928680e+02 1.097398964145740194e+02 1.014556249562504888e+02 8.778018027318019278e+01 9.381040716473589214e+01 1.138104071718702528e+02 1.137972823990648692e+02 9.965514651228362197e+01 1.100580316670792769e+02 9.005803166009803817e+01 9.851102627925567390e+01
3.385124181864788540e+01 4.958722749174464894e+01 3.220210929337807215e+01 5.220210929361862640e+01 3.764980177149568874e+01 3.964980177149575979e+01 5.964980177185400834e+01 4.577499862803753672e+01 4.833573622669554481e+01 6.833573622726835595e+01 5.794732123643280630e+01 7.794732123743057173e+01 8.912258905942343290e+01 8.912258905942344711e+01 1.091225890872903932e+02 1.276506178038942494e+02 1.154582381444065931e+02 1.006080161454949007e+02 8.060801613958891210e+01 8.646588051758776317e+01 6.847232439757739542e+01 8.847232439931210024e+01 7.754841873521397133e+01 8.340628311275290230e+01 7.070925054488299111e+01 9.070925054688754585e+01 1.068757177128026683e+02 1.010178533181418175e+02 8.145562495284299587e+01 9.555794670904930399e+01 1.038422181236994675e+02 1.179843539170147722e+02 1.037972823060536172e+02 8.551301088852891041e+01 1.037972823060536172e+02 9.851102627925567390e+01 7.851102627630470465e+01
4.738529996146883150e+01 2.958722749153552556e+01 4.958722749174464894e+01 3.486286971432912196e+01 5.486286971460660311e+01 5.964980177185400834e+01 6.793407306409012847e+01 6.577499862853709089e+01 5.333428808822234402e+01 7.333428808902543494e+01 7.794732123743057173e+01 6.427187655677001032e+01 6.912258905749700943e+01 8.912258905942343290e+01 1.059348891612150396e+02 1.076506177184395625e+02 1.013161023376467256e+02 8.717396653088681546e+01 8.646588051758776317e+01 6.646588051585250412e+01 6.180565773091025505e+01 8.180565773206663494e+01 7.750860486618151413e+01 6.340628311148027052e+01 8.340628311275290230e+01 9.899352193901587782e+01 8.687571769087492157e+01 8.101785331314114558e+01 9.030568939402905926e+01 7.555794670664670321e+01 8.970008233038437595e+01 1.074303204382386383e+02 9.551301089095589703e+01 7.551301088852819987e+01 9.551301089095589703e+01 9.609592377803451768e+01 8.781165240961658469e+01
2.738529996128276522e+01 4.738529996146883150e+01 5.787149877008255316e+01 4.900500533806057035e+01 4.640987509812204337e+01 5.795688048191496478e+01 7.795688048346802645e+01 7.333428808902543494e+01 7.333428808902543494e+01 6.276237850404331198e+01 8.276237850556260867e+01 7.841401218050452826e+01 8.912258905942343290e+01 7.765061771172202043e+01 8.765061771172273097e+01 1.076506177184395483e+02 9.303183091038580699e+01 7.303183090713145020e+01 8.038272026765362455e+01 7.577543084016251385e+01 5.577543083935476886e+01 7.196160290368018764e+01 5.750860486528417681e+01 7.750860486618151413e+01 9.169055446774277129e+01 9.063088090221012294e+01 8.234660955396370241e+01 6.687571768940702555e+01 7.030568939225743463e+01 9.030568939402905926e+01 1.038422181236994675e+02 9.914604895485553016e+01 7.914604894889694719e+01 6.884634422186105951e+01 8.884634422347947691e+01 8.781165240961658469e+01 6.781165240815586515e+01
