LEM_wLE/output/LEM_woLE_example/elevation_000008.asc
nrows	100
cellsize	150.0
xllcorner	0
ncols	100
yllcorner	0
NODATA_value	-9999
[rows 51 to 67 of 100, columns 37 to 73 of 100]
4.325015402802068110e+01 4.774454044800489072e+01 5.174454044800496177e+01 3.841120711467115711e+01 5.841120711467186055e+01 7.425476782239147155e+01 7.795934257643148158e+01 6.967507132881716814e+01 5.802431979177710275e+01 4.388218416804565436e+01 6.388218416804635780e+01 6.116670881788816416e+01 4.199431470648985254e+01 6.199431470649055598e+01 5.176904141502674861e+01 6.591117703875869438e+01 8.591117703876011547e+01 9.835450172791419732e+01 9.249663735164268985e+01 8.308422393733866329e+01 6.308422393733724221e+01 7.043511329666469578e+01 5.133770066147636157e+01 7.133770066147778266e+01 6.639128418790788544e+01 8.639128418790930652e+01 8.659014173835682016e+01 7.830587049073201911e+01 6.045628381301256127e+01 8.045628381301398235e+01 8.467471579557994232e+01 8.065800065510724437e+01 8.065800065510724437e+01 1.006580006551086655e+02 9.320564349039980812e+01 8.849159828248916426e+01 1.026337339062211100e+02
4.717247673078442460e+01 6.135442622448353234e+01 6.669547836218697512e+01 5.841120711467186055e+01 4.597049657485596441e+01 6.011263219858741280e+01 8.011263219858882678e+01 8.630859103947392441e+01 6.873289666877390403e+01 4.873289666877248294e+01 6.873289666877390403e+01 7.027858595406718223e+01 6.199431470649055598e+01 4.282476950502727675e+01 6.282476950502798019e+01 7.194528276262343525e+01 7.924586987337202970e+01 7.835450172791072987e+01 7.249663735164126876e+01 7.782226193626831900e+01 6.953799068863216348e+01 5.043511329666328180e+01 6.043511329666362997e+01 7.962197190913148859e+01 8.639128418790930652e+01 9.467555543577518051e+01 1.004562838130153892e+02 8.045628381301396814e+01 8.045628381301398235e+01 6.286400087472802767e+01 6.467471579557852124e+01 6.651586503137529860e+01 8.651586503137671968e+01 9.150421840648421323e+01 7.906350786666786234e+01 9.320564349039980812e+01 1.132056434904012292e+02
3.307015497697981488e+01 5.307015497698051831e+01 6.842549403636316185e+01 7.425476782239147155e+01 5.491476848485543627e+01 6.011263219858741280e+01 8.011263219858882678e+01 8.506282828732958023e+01 6.506282828732815915e+01 5.476312356032796913e+01 7.476312356032939022e+01 7.915470112358379140e+01 5.915470112358237742e+01 6.282476950502798019e+01 4.366101151503439581e+01 6.366101151503509925e+01 5.924586987337060862e+01 6.570539108723677657e+01 5.835450172790932299e+01 6.953799068863216348e+01 4.953799068863074240e+01 6.953799068863216348e+01 7.871938454430946308e+01 7.676504491521930618e+01 9.090718053895125195e+01 1.109071805389540373e+02 1.019702957187078596e+02 8.197029571870643849e+01 7.042329033491310497e+01 8.286400087472944165e+01 7.881685141931046701e+01 8.651586503137671968e+01 6.922500687728987145e+01 7.150421840648279215e+01 9.150421840648421323e+01 9.813535600117589297e+01 1.064196272488854049e+02
4.461716036077273628e+01 4.014122278884553907e+01 6.014122278884624251e+01 7.659045984566331811e+01 7.491476848485685025e+01 7.124470010341110537e+01 8.011263219858882678e+01 9.334709953512555103e+01 8.142979022699628899e+01 6.142979022699486791e+01 8.142979022699628899e+01 8.743897237133099054e+01 7.182597732431335658e+01 5.182597732431194260e+01 6.366101151503509925e+01 4.450316343610094094e+01 4.510373424963916023e+01 4.570539108723536259e+01 6.570539108723677657e+01 6.890521869146380141e+01 4.890521869146238743e+01 5.179197003741061422e+01 7.179197003741202820e+01 8.424652956623594946e+01 8.490653022855345000e+01 1.049065302285575143e+02 1.102545669664938544e+02 9.674784565525172297e+01 7.674784565525030189e+01 9.674784565525172297e+01 9.881685141931188809e+01 9.281711291782704620e+01 7.281711291782562512e+01 9.150421840648421323e+01 7.518651687807633266e+01 7.813535600117447188e+01 9.813535600117589297e+01
6.461716036077415026e+01 6.014122278884624251e+01 4.830618859812308585e+01 5.725046050812255771e+01 7.725046050812397880e+01 9.124470010341252646e+01 9.952897135112765170e+01 1.083969034465525425e+02 8.971406147469254222e+01 7.142979022699557845e+01 8.971406147469254222e+01 8.125406774013433164e+01 6.125406774013291056e+01 7.182597732431335658e+01 6.921720864401284246e+01 4.921720864401142137e+01 6.510373424964058131e+01 6.570539108723677657e+01 4.655974874495215232e+01 6.655974874495356630e+01 4.828771117036792759e+01 6.828771117036934868e+01 5.596225831855225152e+01 6.490653022855204313e+01 7.904866585228398890e+01 9.904866585228540998e+01 1.130777772738073992e+02 9.307777727380597810e+01 9.088998127898224766e+01 9.674784565525170876e+01 9.826042345734559547e+01 7.826042345734417438e+01 9.281711291782704620e+01 1.011013841654918792e+02 9.518651687807775374e+01 8.371454553230134366e+01 8.249971380589462910e+01
7.925161945318021139e+01 7.659045984566331811e+01 5.985319398191600726e+01 7.659045984566331811e+01 7.358039212667823392e+01 8.772252775041017969e+01 1.077225277504116008e+02 1.148626291037475227e+02 9.971406147482227311e+01 8.557192585072752422e+01 9.280107312392766516e+01 7.280107312392624408e+01 8.125406774013433164e+01 7.990765832051019402e+01 5.990765832050877293e+01 5.588387531067832015e+01 7.588387531067974123e+01 7.484401999256365912e+01 6.655974874495356630e+01 4.741566972997400597e+01 6.741566972997541995e+01 7.657198241799414973e+01 5.916482139465410484e+01 7.916482139465551882e+01 9.216313785032673422e+01 1.063052734743587706e+02 1.168144761078564215e+02 1.130777772738073992e+02 1.108899812789836687e+02 1.167478456552553041e+02 1.065446947050590580e+02 9.826042345734559547e+01 8.415810170354046704e+01 1.041581017035418881e+02 1.100391008526399617e+02 9.003910085263854057e+01 1.024997138058960502e+02
7.096734820564526558e+01 8.166246448010811321e+01 7.985319398191742835e+01 8.813746522951031181e+01 9.264347110901175597e+01 1.009277423566213230e+02 1.090047647276730487e+02 9.486262910374610158e+01 1.090047647276730487e+02 1.055719258507289453e+02 1.010853443718412734e+02 8.434807850771957760e+01 9.404979394424213979e+01 7.404979394424071870e+01 7.990765832051019402e+01 6.344316477086312744e+01 8.344316477086454142e+01 7.257964752491882621e+01 5.257964752491741223e+01 5.635994163997347783e+01 6.374560134852910664e+01 8.374560134853052773e+01 7.916482139465551882e+01 6.387886660256458526e+01 7.802100222629653103e+01 8.853020485948896123e+01 1.026723404836717606e+02 1.116166123938809847e+02 1.231636177781312114e+02 1.221939639325661773e+02 1.021939639325647562e+02 9.064695854877142267e+01 1.041581017035418881e+02 1.124423729513219996e+02 1.171101686645059345e+02 9.711016866450451346e+01 1.171101686645059345e+02
5.337819323256770332e+01 6.752032885629965620e+01 8.752032885630107728e+01 8.938073697276712437e+01 7.264347110901033489e+01 8.594717822594542156e+01 9.129240306419427498e+01 8.072049348001415581e+01 9.226749886380748933e+01 1.122674988638089104e+02 1.126323497559472600e+02 1.043480785077209987e+02 1.023340651922173521e+02 9.404979394424213979e+01 8.344316477086454142e+01 7.499017015465645386e+01 8.412665290871215973e+01 6.412665290871073864e+01 5.684366185202976851e+01 7.635994163997489181e+01 7.268987325852914694e+01 9.202987259636174144e+01 9.216313785032673422e+01 8.387886660256600635e+01 6.904284439750816205e+01 7.438806923575701546e+01 8.333234114575679996e+01 9.487934652955013348e+01 1.148793465295515546e+02 1.304782351807277507e+02 1.177180263606388166e+02 9.771802636063739556e+01 1.013374082252691579e+02 1.213374082252705790e+02 1.253944399125148834e+02 1.112523042882364592e+02 1.171101686645059203e+02
5.337819323256770332e+01 7.337819323256911730e+01 8.335051008119282301e+01 7.506623883366293626e+01 6.109646572521700847e+01 6.594717822594400047e+01 7.129240306419285389e+01 9.129240306419427498e+01 1.090047647276730487e+02 1.205517701116022664e+02 1.123750682841832855e+02 1.040907970364994952e+02 1.123750682841832855e+02 1.117274360193013649e+02 1.032744414026014823e+02 9.499017015465787495e+01 7.826878853244268441e+01 8.120801965675119050e+01 6.120801965674976941e+01 8.120801965675119050e+01 9.268987325853056802e+01 1.009741445065333778e+02 1.005898497813029167e+02 8.058984978130149557e+01 8.904284439750958313e+01 7.904284439750885838e+01 8.703717987643142351e+01 9.858418526022475703e+01 1.185841852602264481e+02 1.318601619843721551e+02 1.118601619843693413e+02 1.118601619843693413e+02 1.154795438490011037e+02 1.176673398438248341e+02 1.376673398438284437e+02 1.312523042882392872e+02 1.371101686645172322e+02
6.752032885633742865e+01 7.790719954166112871e+01 6.962292829414457174e+01 5.506623883366152228e+01 7.506623883366293626e+01 8.594717822594542156e+01 9.129240306419427498e+01 9.957667431178605000e+01 9.507380795534454876e+01 1.033580792029856781e+02 1.023750682841036479e+02 8.409079703649807414e+01 1.023750682841036479e+02 1.055277592045252959e+02 1.138120304522561099e+02 9.826878853244409129e+01 9.826878853244410550e+01 8.753257497708838741e+01 6.753257497708696633e+01 7.120801965675046574e+01 8.535015528048241151e+01 1.053501552804838326e+02 1.005898497813029024e+02 9.473198540503344134e+01 1.073271156455388819e+02 8.904284439750956892e+01 9.904284439751026525e+01 1.153214511247125245e+02 1.268684565090709242e+02 1.401444332329374447e+02 1.318601619843721551e+02 1.318601619843721551e+02 1.354795438490039317e+02 1.376673398438284437e+02 1.354528382489345120e+02 1.254528382487476534e+02 1.171685670009468936e+02
8.044926104453354299e+01 6.962292829414457174e+01 4.962292829414315776e+01 6.962292829414457174e+01 8.335051008119282301e+01 8.839526747967202880e+01 8.011099623212247423e+01 8.839526747967202880e+01 7.507380795534312767e+01 9.181107381911860443e+01 9.409079703649878468e+01 7.409079703649736359e+01 9.138562358079335013e+01 8.552775920452387481e+01 1.055277592045252959e+02 1.182687885324581885e+02 1.001816856177627955e+02 8.018168561776137437e+01 7.907958036088029985e+01 9.120801965675188683e+01 8.535015528048241151e+01 1.053501552804838326e+02 1.205898497813139159e+02 1.147319854050348908e+02 1.173271156458502844e+02 1.090428443975109900e+02 1.173271156458502844e+02 1.273271156469098173e+02 1.300176353334740895e+02 1.383019065815620650e+02 1.420946784129033063e+02 1.338104071647401270e+02 1.420946784129033063e+02 1.413107026246809426e+02 1.213107026246781288e+02 1.071685670009461830e+02 9.716856700094547250e+01
6.965762042780264096e+01 6.137334918030052222e+01 4.608739438821029921e+01 6.022953001194174760e+01 8.022953001194316869e+01 7.839526747964018227e+01 6.011099623212106025e+01 7.197979718775829383e+01 6.352680257154979415e+01 8.352680257155121524e+01 8.701972922463281179e+01 6.701972922463139071e+01 7.138562358079192904e+01 9.138562358079335013e+01 9.986429972839545144e+01 1.081485709760373339e+02 1.084659568658452287e+02 9.432382124149332014e+01 9.907958036088172094e+01 1.073638516089232837e+02 1.053501552804838326e+02 1.136344265287701774e+02 1.232375597427389238e+02 1.211813177871720342e+02 1.189935217926406352e+02 1.107092505448858191e+02 1.189935217926406352e+02 1.267549011975118844e+02 1.100176353334712616e+02 1.267549011975118844e+02 1.320946784126535363e+02 1.138104071647372990e+02 1.320946784126535363e+02 1.346722345267604624e+02 1.263879632786552207e+02 1.254528382487476534e+02 1.071685670009461973e+02
5.690121322530078629e+01 4.137334918029981878e+01 6.137334918030052222e+01 7.437166563572124289e+01 7.179193739522855822e+01 7.011099623212213316e+01 5.011099623212071208e+01 5.197979718775687275e+01 7.197979718775829383e+01 7.204964299023812657e+01 7.553119610935220862e+01 6.069517390429419379e+01 6.646867659619086055e+01 7.279323191652805747e+01 7.986429972839403035e+01 9.141130511218736387e+01 1.114113051121887850e+02 1.143238212414949970e+02 1.167565956454225926e+02 1.067565956452132951e+02 9.847232439757952704e+01 1.067565956452132951e+02 1.032375597427375027e+02 1.011813177871706131e+02 1.089935217925359154e+02 9.070925054488439798e+01 1.089935217925359154e+02 1.184706299496793491e+02 9.847062994967792804e+01 1.077801802731816139e+02 1.138104071647373132e+02 1.038104071647365885e+02 1.238104071647380096e+02 1.196551465122622773e+02 1.063879632786537144e+02 1.100580316600994593e+02 1.154528382486266622e+02
3.690121322530008285e+01 5.690121322530078629e+01 5.220210929337877559e+01 6.048638054086870142e+01 5.179193739522713713e+01 5.964980177149646323e+01 4.255170677193590478e+01 6.255170677193660822e+01 6.833573622669696590e+01 5.204964299023671259e+01 5.553119610935078754e+01 7.553119610935220862e+01 8.646867659619228164e+01 9.279323191652947855e+01 9.986429972839545144e+01 1.081485709760373339e+02 1.196955763599558082e+02 1.088922873872629395e+02 1.006080161395858710e+02 8.847232439757880229e+01 7.847232439757810596e+01 9.675659564515130739e+01 8.909542411900555692e+01 8.703918216343866732e+01 9.070925054488441219e+01 8.070925054488368744e+01 1.007092505448851085e+02 1.097398962004846226e+02 1.014556249528444170e+02 8.778018027318019278e+01 9.381040716473589214e+01 1.138104071647373132e+02 1.137972821362115070e+02 9.965514651226085618e+01 1.100580316600994593e+02 9.005803166009803817e+01 9.851102627630612574e+01
3.385124181864788540e+01 4.958722749153623255e+01 3.220210929337807215e+01 5.220210929337877559e+01 3.764980177149568874e+01 3.964980177149575979e+01 5.964980177149646323e+01 4.577499862803753672e+01 4.833573622669554481e+01 6.833573622669696590e+01 5.794732123643280630e+01 7.794732123643422028e+01 8.912258905749843052e+01 8.912258905749841631e+01 1.091225890575002495e+02 1.276506177117305327e+02 1.154582377786323661e+02 1.006080161395858710e+02 8.060801613958444989e+01 8.646588051585392520e+01 6.847232439757739542e+01 8.847232439757881650e+01 7.754841873521222340e+01 8.340628311148168450e+01 7.070925054488299111e+01 9.070925054488441219e+01 1.068757176894098535e+02 1.010178533131403924e+02 8.145562495284299587e+01 9.555794670664812429e+01 1.038422179542508417e+02 1.179843535781250239e+02 1.037972821361327362e+02 8.551301088852891041e+01 1.037972821361327362e+02 9.851102627630612574e+01 7.851102627630470465e+01
4.738529996128347221e+01 2.958722749153552556e+01 4.958722749153623255e+01 3.486286971432912196e+01 5.486286971432982540e+01 5.964980177149646323e+01 6.793407301899549111e+01 6.577499862803895780e+01 5.333428808822234402e+01 7.333428808822375800e+01 7.794732123643422028e+01 6.427187655677001032e+01 6.912258905749700943e+01 8.912258905749843052e+01 1.059348889593533585e+02 1.076506177117241378e+02 1.013161021547468721e+02 8.717396653086339597e+01 8.646588051585392520e+01 6.646588051585250412e+01 6.180565773091025505e+01 8.180565773091167614e+01 7.750860486528559079e+01 6.340628311148027052e+01 8.340628311148168450e+01 9.899352179246790229e+01 8.687571768940843242e+01 8.101785331313897132e+01 9.030568939225885572e+01 7.555794670664670321e+01 8.970008233037864898e+01 1.074303201965258552e+02 9.551301088852962096e+01 7.551301088852819987e+01 9.551301088852962096e+01 9.609592365572044059e+01 8.781165240815728623e+01
2.738529996128276522e+01 4.738529996128347221e+01 5.787149873902352937e+01 4.900500533806057035e+01 4.640987509812204337e+01 5.795688048191496478e+01 7.795688048191638586e+01 7.333428808822375800e+01 7.333428808822375800e+01 6.276237850404331198e+01 8.276237850404473306e+01 7.841401218050195610e+01 8.912258905749843052e+01 7.765061771172202043e+01 8.765061771172273097e+01 1.076506177117241521e+02 9.303183090713287129e+01 7.303183090713145020e+01 8.038272026645844903e+01 7.577543083935618995e+01 5.577543083935476886e+01 7.196160290303311058e+01 5.750860486528417681e+01 7.750860486528559079e+01 9.169055435903345597e+01 9.063088080037572070e+01 8.234660955282974726e+01 6.687571768940702555e+01 7.030568939225743463e+01 9.030568939225885572e+01 1.038422179542508417e+02 9.914604894886245745e+01 7.914604894886103637e+01 6.884634422186105951e+01 8.884634422186248059e+01 8.781165240815728623e+01 6.781165240815586515e+01
