LEM_wLE/output/LEM_woLE_example/elevation_000001.asc
nrows	100
cellsize	150.0
xllcorner	0
ncols	100
yllcorner	0
NODATA_value	-9999
[rows 34 to 50 of 100, columns 37 to 73 of 100]
7.500660301987483081e+01 9.520420943900535349e+01 1.117348640885675763e+02 1.066460673475434362e+02 9.851810501349817173e+01 1.074010023318537463e+02 1.141558056567796626e+02 1.061988367890834013e+02 1.141669187918173662e+02 1.204482768841618423e+02 1.128173443637757458e+02 1.204470223010936820e+02 1.172554845977881968e+02 1.055146990792105868e+02 9.740706508820244380e+01 9.994819416104358822e+01 9.827774633263169335e+01 7.830616623240753427e+01 6.872289802824464289e+01 8.850816224299506985e+01 1.018263642684639478e+02 9.804110888288025194e+01 7.805110327266831405e+01 7.768704487934780900e+01 9.721503969691293889e+01 9.415084009212020533e+01 1.143189926562339593e+02 1.153275776920330173e+02 9.543123423623885060e+01 8.126764931634525624e+01 8.860348106246439670e+01 6.976229472957174949e+01 8.977606972789132556e+01 7.212850072887647457e+01 9.214086193213134379e+01 9.418159210235158696e+01 8.236314286262293649e+01
9.520437722643789868e+01 1.032602405529500658e+02 1.073198621108003294e+02 9.614434434008740027e+01 7.698111514353598750e+01 9.614786977970608461e+01 1.021408702010198368e+02 1.102798275325288841e+02 1.161401682476138433e+02 1.083751165797615812e+02 1.062121793650852624e+02 1.119445773860617379e+02 1.137948466408924872e+02 1.060473192375983302e+02 1.085933223513517873e+02 1.162696446588948476e+02 1.063319522027400836e+02 9.671239565384671266e+01 8.272524084221538487e+01 8.272705832729079134e+01 1.027591191587051185e+02 1.046836155981632146e+02 8.473688605276683461e+01 9.770330323846324916e+01 9.187705822865119387e+01 1.118580324170841891e+02 1.221102895338593015e+02 1.153307342985506239e+02 1.027047358476726799e+02 8.276154557667932465e+01 6.859109458646250346e+01 8.745125583452978901e+01 9.552572955978995140e+01 9.214087717523561594e+01 7.332699806856589930e+01 7.417605377524287746e+01 9.418664020616544974e+01
1.080322479700298004e+02 1.004938376405057596e+02 9.803444848237549536e+01 7.613186544201897732e+01 6.682211475240252696e+01 8.538187586195383005e+01 8.161880300668561006e+01 9.530018907364920722e+01 1.034853467872238042e+02 8.838783812888640057e+01 8.619173080602810444e+01 9.205552769962126547e+01 1.025241647324635466e+02 8.618793723442317400e+01 8.877730012425247708e+01 1.085933960658177142e+02 1.018786470917138303e+02 1.097677757436533028e+02 1.027326221586715747e+02 1.027668100364600576e+02 1.107844165952367064e+02 1.125573956205084585e+02 9.631758257744675689e+01 1.010943514128189946e+02 1.118717702555744751e+02 1.196251363817231095e+02 1.214985905113122726e+02 1.017269559087323358e+02 8.757388523332983254e+01 7.861415230990822067e+01 8.745126540696531947e+01 6.743663008911856593e+01 8.630097917450402178e+01 9.438391080871747363e+01 9.333839026435516928e+01 9.418662057829268974e+01 7.539453516647169806e+01
9.741655166597809057e+01 8.143739255977419589e+01 9.128239594391050105e+01 7.957520499237790546e+01 5.923586664719604755e+01 6.504445965939717667e+01 8.537945835318585353e+01 7.502483073950685366e+01 9.184665516691612197e+01 9.201355279531614428e+01 7.202550469535707123e+01 9.202580938617728634e+01 8.566528919663400643e+01 7.464457434878293896e+01 9.458146757772820479e+01 9.839638373102414448e+01 8.191263950526087001e+01 9.493781395290544367e+01 9.129008946116967138e+01 1.054335906400527278e+02 1.250669638220367261e+02 1.237610829608653376e+02 1.161844643288074934e+02 1.208202877455387068e+02 1.282146430152733387e+02 1.246736293694806790e+02 1.171638173707558792e+02 1.153305814488312677e+02 1.065533767561163927e+02 9.859796553058728819e+01 9.324827304753964086e+01 8.515722342098844422e+01 6.628606213218712639e+01 7.785717989226526470e+01 9.783553692602522744e+01 9.626675056301183986e+01 7.625859228563074055e+01
7.953332307765143128e+01 7.015194792596676621e+01 7.164329057614587271e+01 7.362807024548399681e+01 5.345691608389638105e+01 7.361322017144904351e+01 7.193519489283218604e+01 6.341731055105827153e+01 8.358550105535785235e+01 8.569864331505284838e+01 6.570052307381369872e+01 7.784452999883220059e+01 6.570040241274969617e+01 8.566535476251829095e+01 8.092713007953715021e+01 8.457731512574433452e+01 7.036162300373499079e+01 7.495069222226314309e+01 9.494130427997509969e+01 1.101749636623861335e+02 1.178773587735575745e+02 1.280881785153249552e+02 1.242018413676754989e+02 1.162503951327213230e+02 1.180515240259699112e+02 1.136239092965800523e+02 9.760564439505705536e+01 1.136219531556676969e+02 1.107355944334577629e+02 9.087006176124026524e+01 7.671251760857107627e+01 6.514213663496556705e+01 8.515725241323117700e+01 9.430071202375992812e+01 1.057859856368675082e+02 9.626674185293657615e+01 9.626680187565153801e+01
5.960435697539956834e+01 6.756046650327964187e+01 5.763078900650134528e+01 6.919850864780266875e+01 4.909006833232415801e+01 6.336019544157299066e+01 5.184701842031685004e+01 6.602888093914563683e+01 8.621095367057402825e+01 9.376941184606114632e+01 7.784455642277123388e+01 5.785840848830093819e+01 7.259623676905906109e+01 7.592779131111082336e+01 6.093723544602111986e+01 6.458770896048994814e+01 8.457806171012100549e+01 9.493783931439142521e+01 8.311770329193078055e+01 9.019350590468552298e+01 1.002297357699389266e+02 1.204007827909944837e+02 1.162504253832455987e+02 9.483938097688705682e+01 9.526399058808500797e+01 1.037195301718023188e+02 8.622544004524972650e+01 1.057013995292867463e+02 1.101231736997768706e+02 9.846934892230754599e+01 7.850599900555472743e+01 6.433786383709301049e+01 8.435309289776819242e+01 9.976138265796348037e+01 1.096408210354742891e+02 1.160325517430822515e+02 1.054804016408790659e+02
4.806919779170736007e+01 4.765216780476217906e+01 6.756041849420641654e+01 7.749121577211708711e+01 6.335889498634868744e+01 4.331288953220295213e+01 6.335271110429890484e+01 8.007648314869382489e+01 8.926192046763995336e+01 8.802084954005182738e+01 7.725561231280052255e+01 6.914315597702628224e+01 5.261192347587857654e+01 5.594080445623992404e+01 7.592830279702366170e+01 8.457721182316335273e+01 8.456210708323082770e+01 1.043479079233966189e+02 1.031098334029585004e+02 1.031099524276254584e+02 1.181270665208765536e+02 1.280738554501818101e+02 1.173107518110504657e+02 9.504430923813089294e+01 7.998060443315198142e+01 9.213732278653436936e+01 7.812117110064724557e+01 8.862833726978435323e+01 9.664474206255127342e+01 8.243749192329595132e+01 8.243732869050960232e+01 6.353618604812269410e+01 7.171846699526581403e+01 8.173493134358318457e+01 9.589316499236230129e+01 1.157741121082040507e+02 1.192992456995045956e+02
3.912315262994842158e+01 5.910040908591334130e+01 6.353090534099187181e+01 7.170367660768117446e+01 6.013641215574201482e+01 4.010772844306649887e+01 6.009593749266952756e+01 6.122644916825931460e+01 7.524429416020723238e+01 7.399205212579478541e+01 5.996240514202108329e+01 4.916143208801407383e+01 6.914318238369851599e+01 7.592782580867898901e+01 8.101560916228204690e+01 8.101965795097821399e+01 1.009104916242922059e+02 1.020527957955494429e+02 1.099962156347346962e+02 1.198005704775695648e+02 1.301471498616470512e+02 1.315026336896848704e+02 1.117933849535567958e+02 9.699875354811545947e+01 9.213660874684686064e+01 7.173475359389827588e+01 8.525883717427973352e+01 6.871134637563685033e+01 8.054949682397925415e+01 8.132830866019361338e+01 6.242190657764442108e+01 8.243732669480790776e+01 7.085498463059333574e+01 8.242399402118381602e+01 9.658696850719852023e+01 1.163650076710602690e+02 1.118505012922818906e+02
3.464841230622116086e+01 5.464191103534433580e+01 4.352394296357073955e+01 6.019664688495007709e+01 5.346580961614576921e+01 3.701906250487711247e+01 5.703544247867193207e+01 4.708158222094218104e+01 5.873675959692101145e+01 6.580767769776873877e+01 4.583150600495424243e+01 6.581261303072813007e+01 7.730948378280001521e+01 7.536850934867655383e+01 6.104874419360739779e+01 8.101970411567987185e+01 9.205289352504327383e+01 8.206295119240333236e+01 9.207024095373182604e+01 1.120432235649478514e+02 1.281970715021609522e+02 1.226526727108761463e+02 1.188629562683943561e+02 9.973651285935899580e+01 8.584467627487667585e+01 8.525886652806060795e+01 6.522926351100343823e+01 7.945965642057838352e+01 6.053389975208273910e+01 6.131278957607004543e+01 8.132832186661777030e+01 8.955988881636908161e+01 9.088293220342721668e+01 7.981729357585506079e+01 9.402589129228124420e+01 1.141610081179264569e+02 1.039476311743585910e+02
3.047588187139063010e+01 5.048027032228842614e+01 3.197036584686971139e+01 5.197585040245057542e+01 3.347045701333979650e+01 3.400168725281940141e+01 5.400867705933960394e+01 3.707694590915301802e+01 3.873926311039391379e+01 5.873676976791833937e+01 4.356735780755969500e+01 6.355003496383882577e+01 7.012522707789842968e+01 5.541365442797812335e+01 7.536851589165495113e+01 6.735739302024022379e+01 7.206481924533407835e+01 9.205721122580915505e+01 1.099962924263645476e+02 1.198003464077430777e+02 1.085712788593878457e+02 1.027490459058924159e+02 1.163316241692158002e+02 1.129335217811539138e+02 1.015725555741345119e+02 8.415522052915763140e+01 7.945968009190549708e+01 5.944387688069832620e+01 7.945968399178434538e+01 8.132811162913984049e+01 7.398471754097087683e+01 8.814129783716109046e+01 1.074274868029999652e+02 9.404444926006810590e+01 9.403055332513599751e+01 1.142397805520005960e+02 1.050037320611156133e+02
4.973944952745616632e+01 3.122259188254403384e+01 5.122752332135906528e+01 3.271973732750056740e+01 5.272579576824596614e+01 5.400869220730942288e+01 3.476576065696278306e+01 5.477325594277488818e+01 5.873677968096897928e+01 4.112303241300786283e+01 6.111335269566097850e+01 4.741313084910107278e+01 5.018110430966701330e+01 7.012535105591503282e+01 8.350458471813821859e+01 8.734139532910567993e+01 9.205290295514518562e+01 8.361145632229342084e+01 9.517235694575305160e+01 1.151275125071342131e+02 1.085712711010680920e+02 8.857893505284563673e+01 9.856713135274928561e+01 1.043741684421078872e+02 9.670712081942780003e+01 8.577397273620077556e+01 7.763875864193876453e+01 5.868862419350471527e+01 7.285388313121009674e+01 9.282902452903007884e+01 9.396550476559785636e+01 1.019520750396249156e+02 1.157624227039833045e+02 1.143914123275522456e+02 1.142426007695195551e+02 1.221094241854607674e+02 1.050085688132825510e+02
5.796391602239950913e+01 5.122750936514919573e+01 5.944969028628170093e+01 4.686948857806035562e+01 6.094552128048968598e+01 5.534677165129784981e+01 3.533873607988378751e+01 5.534675340232644203e+01 6.930791395000912303e+01 6.111336695492836668e+01 5.744850760022622183e+01 6.737313996824290996e+01 7.012521690227264060e+01 5.662422683043351412e+01 7.647638263033108785e+01 8.356821524224785946e+01 1.032794659610991772e+02 1.036012396241231244e+02 1.115215918929364847e+02 1.228083650033350551e+02 1.164268016899920468e+02 9.856721713396918005e+01 7.857138150709610613e+01 9.039016845674362344e+01 7.678600993192418400e+01 7.763874238433523089e+01 5.762282562033404787e+01 7.657603083593390636e+01 8.325578073760325992e+01 9.141309968941472164e+01 1.013444737725119467e+02 1.152582717763897762e+02 1.136557854276711907e+02 1.136516334969975475e+02 1.326912935012404091e+02 1.319797566875224106e+02 1.205322736845274960e+02
5.450986642870650911e+01 6.186843366560346880e+01 7.003441646029824597e+01 6.685088847934441958e+01 6.747487631430861654e+01 4.746858572930504749e+01 3.591244363881168056e+01 5.592100646717265278e+01 6.494655086391472310e+01 7.644328096997350031e+01 7.742001092794633621e+01 8.550870438478584390e+01 8.457933580990354017e+01 7.647879403860183345e+01 6.381593639132113793e+01 8.356824344414533812e+01 9.210554776900218599e+01 1.115911102452533754e+02 1.264927063975416957e+02 1.175440099591432386e+02 1.092815304840427899e+02 1.065434876557009147e+02 9.039688433114356769e+01 7.039811181069555346e+01 6.522655144481545619e+01 7.873728219037992915e+01 7.552142944905408228e+01 5.656004911047865846e+01 6.323932854841866202e+01 7.325555360513173753e+01 8.743154171741161917e+01 1.011438713976437214e+02 9.386794784037726913e+01 1.136558035615805267e+02 1.266977208259249608e+02 1.338532601509921278e+02 1.280502191697468106e+02
4.554893115117239688e+01 4.188119533440371356e+01 5.449114069393076676e+01 7.443743620349303569e+01 7.566480986462509861e+01 6.413402246632354320e+01 5.592098364000779753e+01 3.672618793849692054e+01 4.828290581518650271e+01 6.828195864292736417e+01 7.944401940951993879e+01 7.129364378345375997e+01 7.944442500747872771e+01 9.089376361596661980e+01 8.356822859747128973e+01 7.251661143191877557e+01 9.211308801116435063e+01 1.001518418032479616e+02 1.193553846491290358e+02 1.055141975302439477e+02 8.830925090051925963e+01 1.048125530159687742e+02 9.515478067014112185e+01 8.739521700712730023e+01 7.873631947627004024e+01 5.872652947696111880e+01 5.550540115810898811e+01 7.552145048354299206e+01 8.325577217292541832e+01 9.141310766613956673e+01 9.514149629401379116e+01 8.121907795064835511e+01 1.011438732972452357e+02 1.143499537584582129e+02 1.071821088402583086e+02 1.211761287215537806e+02 1.400437936250613689e+02
2.554798172090738007e+01 3.449478038166937210e+01 4.863904346643086996e+01 6.862060335409634604e+01 7.168993999831319286e+01 5.169592519400830355e+01 3.754201465787352276e+01 5.673545900073866477e+01 5.895062770080404135e+01 6.715650019740608911e+01 6.060260745867062582e+01 5.129251972369580415e+01 6.284844863422037520e+01 8.283005955125530306e+01 9.627180654296451223e+01 9.211309213475313129e+01 8.448865399407041821e+01 1.007637192210480777e+02 1.160054450471669014e+02 9.341711018003968547e+01 7.620590909539114932e+01 8.620355442730895845e+01 8.706225913401780758e+01 6.766061211544597143e+01 7.354298379356492887e+01 5.445437059643180078e+01 7.447048563876255400e+01 7.552140465946868630e+01 9.543538891348703146e+01 8.961072447588394141e+01 7.518358052239216249e+01 9.514149775022855238e+01 8.878204834533009659e+01 9.455664634962022319e+01 1.060858571146424225e+02 1.200824771774564113e+02 1.389636057157833307e+02
4.409357693906307674e+01 4.787287043963556954e+01 5.187293080896769482e+01 6.009534946497011276e+01 7.159639015822656916e+01 5.755185648214168737e+01 5.755201026234827566e+01 3.835993940770600830e+01 3.893953893703843505e+01 5.895064743569664500e+01 4.059022136962194338e+01 6.060259238475036625e+01 6.963527415500439588e+01 7.640843617136671639e+01 7.640843905469738218e+01 8.359318118156964772e+01 9.165871261712266005e+01 1.030396613418994320e+02 1.079146557367344741e+02 9.929267331082353110e+01 7.945359966898635662e+01 6.575749845246129155e+01 8.077893861096201533e+01 7.261942603128299822e+01 5.352657743911598942e+01 7.354297303745873648e+01 5.655498007261521565e+01 7.656865137945146671e+01 8.681087659957294989e+01 6.962989883113284861e+01 8.961043201435485628e+01 1.030972252580717168e+02 1.086427275085500526e+02 1.143499439411883714e+02 1.219481027966296693e+02 1.232988712648821803e+02 1.230613394654979373e+02
2.409360508023609171e+01 2.787418410052288564e+01 3.187517878121106563e+01 4.342377270441519244e+01 6.341582344761356893e+01 7.751317180683064123e+01 6.657760600739337065e+01 4.991786990157620352e+01 5.895068780276487530e+01 3.976099577070669966e+01 5.977276766254566809e+01 4.142307943693138839e+01 6.143604570512282237e+01 5.641514102603226632e+01 7.205501111443405193e+01 6.360853920351311075e+01 7.516238277675246593e+01 9.510998026820679740e+01 9.989957066595850677e+01 7.981129238244413671e+01 7.951209462522210458e+01 5.930568153110041862e+01 7.169983040455112189e+01 5.260272572844323946e+01 7.261851075644679554e+01 8.169820949428032009e+01 7.656864240382201103e+01 5.867312744564579674e+01 7.868400208647318550e+01 6.591031971910452114e+01 8.590339065956490572e+01 1.010051603048702304e+02 1.010074181453743591e+02 1.088956392363611201e+02 1.135496511485762881e+02 1.031236126815690284e+02 1.030988324224419870e+02
