LEM_wLE/output/LEM_woLE_example/elevation_000001.asc
nrows	100
cellsize	150.0
xllcorner	0
ncols	100
yllcorner	0
NODATA_value	-9999
[rows 17 to 33 of 100, columns 37 to 73 of 100]
5.839578765545464734e+01 6.976173135994892505e+01 8.978394538892683840e+01 1.004718090385202487e+02 8.066014830366964361e+01 7.174418965442868057e+01 5.170577192014948054e+01 7.174685407522491687e+01 8.148444106089979755e+01 9.552861339133042407e+01 9.835419371771324393e+01 8.157346684995340524e+01 8.157306997267787096e+01 6.759498480537465070e+01 8.734857279889610027e+01 1.033469973706368421e+02 1.138847645311741843e+02 1.089359225314514248e+02 8.945141815288508269e+01 7.474673562585256548e+01 9.540293186717373430e+01 8.835200571725478369e+01 1.026592208033939784e+02 1.235814833341998025e+02 1.245584104942933550e+02 1.369235580349746328e+02 1.302314437675032934e+02 1.215457615338701061e+02 1.137370047058371796e+02 1.033465634292947897e+02 8.341935876883174217e+01 1.000858035778596076e+02 1.033443445524867599e+02 9.536212367286680092e+01 9.429364603483671203e+01 9.322857957897464587e+01 8.977102130988563999e+01
5.339304308002670751e+01 7.343581729379805267e+01 8.575829340705381298e+01 9.395780590567467527e+01 8.067201594735014680e+01 6.064476219030060378e+01 5.062466643078158057e+01 7.066315914960536304e+01 8.117962805495923817e+01 8.699634491390266078e+01 8.447828658839416960e+01 7.057058524137504207e+01 6.170187266525526582e+01 8.157309249848066202e+01 8.294639377276004666e+01 9.859579267417743154e+01 1.056943575235313091e+02 9.416010515633617217e+01 7.985237044636977544e+01 7.043358834571895954e+01 7.682207245686770136e+01 9.729566420236521651e+01 1.168430162315613501e+02 1.236949039659401848e+02 1.106774454949222672e+02 1.277200328357426997e+02 1.305365876361819062e+02 1.278599530863506004e+02 1.198713339989539719e+02 1.094518294316047360e+02 1.033465963797482772e+02 1.112000100716864353e+02 1.154083377981761345e+02 1.074274077457038317e+02 1.076823736513127301e+02 8.977101760878052517e+01 6.975212014373123282e+01
6.525227986145378622e+01 7.141849118438678090e+01 6.552353807397678054e+01 8.575072005563107780e+01 8.374869891749015949e+01 6.372397878123645398e+01 4.955307728685665580e+01 6.808090589769054191e+01 6.115793974831218804e+01 6.702215163697385947e+01 7.639036416878133195e+01 5.644479961416215730e+01 7.639013435165760768e+01 8.959294861475700600e+01 1.006548622402011404e+02 1.011355123387196500e+02 8.947794419172791436e+01 7.587840007471383785e+01 6.547575868616291928e+01 8.583428201362555399e+01 9.726493662717436450e+01 1.056197726327576589e+02 1.175534104303091141e+02 1.041253985968185987e+02 1.006873578913830727e+02 1.203475872050395310e+02 1.109206408693857355e+02 1.109206506899001994e+02 9.890299086670485451e+01 1.154651838378334077e+02 1.169730662363685383e+02 1.143186410706228457e+02 1.037759426975151200e+02 8.727160388492340815e+01 8.812683802033166103e+01 8.821394612131405211e+01 6.910592889474378353e+01
4.522519335889533920e+01 5.107188004541170301e+01 7.116780890664755077e+01 8.145755902255906733e+01 8.956039678727415776e+01 6.958891272225326929e+01 6.808086348100781038e+01 4.804856500604255132e+01 4.699229975060951148e+01 6.553538530080408009e+01 6.853807295981644643e+01 5.306006319036679031e+01 6.720266213669688682e+01 8.712791997837149438e+01 9.517996832688142206e+01 8.512973526186772233e+01 7.124503395114747661e+01 6.093065182849068151e+01 8.118251577101437988e+01 9.415867842262997556e+01 1.073434488876509363e+02 1.151710482614760735e+02 1.098625863545535850e+02 8.996441545799685002e+01 1.020673710458225258e+02 1.097527288267073686e+02 1.109177108972665451e+02 9.076213394075584517e+01 8.702701228114177923e+01 1.062007889904161146e+02 9.740168981591291697e+01 9.742028862278839085e+01 8.674372175000712559e+01 7.568268003122136633e+01 8.735181572457786103e+01 6.819352783412826113e+01 7.011222972563764699e+01
6.327441921263152125e+01 4.324923856523371768e+01 5.325719924485337486e+01 7.329375993296876857e+01 8.672297194982485280e+01 7.862863269153648105e+01 7.626959586763962307e+01 6.808020007084303415e+01 6.413577550516602344e+01 4.550889948777525973e+01 4.852619845178919178e+01 6.853804835395817463e+01 8.116384820517376397e+01 9.062034789898278575e+01 8.106042858131650064e+01 6.693609312994870209e+01 5.670675917915594511e+01 7.686818975558375655e+01 8.947803096101388576e+01 9.308983373809789441e+01 8.721982884881236942e+01 1.073315694869899914e+02 1.175264591074999458e+02 1.020673699701765287e+02 8.209050431299580453e+01 9.537883311080007331e+01 1.033830398852038712e+02 9.814909013904740220e+01 7.801221568889073410e+01 9.814910246485135303e+01 9.742031136895813859e+01 7.743330565457267767e+01 8.588648009666077598e+01 6.672145229382171294e+01 6.733036019937252092e+01 8.735180551711989949e+01 9.012408947059876141e+01
6.000897327269384363e+01 4.189399926440923849e+01 6.191830066099930718e+01 8.145277215333051402e+01 7.798155384350926056e+01 5.861655733498862020e+01 6.228790590846174524e+01 6.274134570623164109e+01 4.411126505756025296e+01 6.413578544866381037e+01 6.853806762960715560e+01 7.670792265587999736e+01 8.461331888273181789e+01 7.062370935059487920e+01 7.283158384215354886e+01 5.274211934872601404e+01 7.283136941027643729e+01 8.511452403482910256e+01 9.296251856389962143e+01 7.273772061680909928e+01 9.203640048355771341e+01 1.000449147135975210e+02 1.100914540452964019e+02 1.099235053597965788e+02 9.541636152488659661e+01 7.540483774297528896e+01 8.952114318849586994e+01 8.559835387886266744e+01 7.265152653419576723e+01 9.273798579415938548e+01 1.053438208712134809e+02 8.588649633351805335e+01 6.586352673655456158e+01 8.588649269162327471e+01 8.735182556979009405e+01 9.542263370180582172e+01 7.588153203251307843e+01
3.998614629100327278e+01 5.911718043334655448e+01 6.733129175376822673e+01 7.798155930792992763e+01 5.797645541174457406e+01 6.164888237246796621e+01 4.226614845437268997e+01 4.271873599142443112e+01 6.274135870761914902e+01 6.397468307093502204e+01 6.448649951745387909e+01 7.268474355462944914e+01 7.465845630050736759e+01 5.645336076497579825e+01 6.698875381700727871e+01 5.009109790856302169e+01 7.013059289614567149e+01 8.607806582036278087e+01 7.795938463822660935e+01 6.501303547408164718e+01 7.210125978101294208e+01 8.214885987619257435e+01 1.022213334926060213e+02 1.143708338251810659e+02 1.033829964468033182e+02 8.952202745403772610e+01 6.949476619371831987e+01 6.556610484294192531e+01 8.132226664588368692e+01 8.940704236886075762e+01 9.252589190363273985e+01 8.443230753525348575e+01 6.525968094984365564e+01 7.682952317807429665e+01 9.683127803290878433e+01 9.799192982874539837e+01 7.802655537970895239e+01
3.865278152426502345e+01 3.909596237669559571e+01 5.911728030981419124e+01 6.795692162406517411e+01 6.101041480237293513e+01 4.162689082885983538e+01 6.164886756692242642e+01 6.274135601299197873e+01 4.344034430032876770e+01 4.395142494871493710e+01 4.446300499467572109e+01 6.448652409838392430e+01 6.573117928399555865e+01 4.644258334710112024e+01 4.696381414182415881e+01 4.748558488868190608e+01 6.750939580271817420e+01 7.192066884822597217e+01 5.793026806215436864e+01 6.950324540123091310e+01 8.961458337477320413e+01 1.002121684513541453e+02 1.100911295281288744e+02 1.066372871010243273e+02 8.673587999240164947e+01 9.038787681198127189e+01 8.862514140099051474e+01 8.050413274060873903e+01 6.129638579145952093e+01 8.132226983943334631e+01 8.443212958825402836e+01 6.440807022483737398e+01 8.443230293621262206e+01 8.528330652047137050e+01 1.047828840697714270e+02 1.059355210335066317e+02 9.217253939126001683e+01
5.807968050472351251e+01 5.911725642542415926e+01 3.972332485185457784e+01 5.974461886838751212e+01 4.098873447287431304e+01 6.101040292346635141e+01 6.985342110624387146e+01 7.166473898380978369e+01 5.499966958853330112e+01 6.397467032840307866e+01 6.448652930919915605e+01 4.518767761147143602e+01 4.570695804214768998e+01 6.573118359458415227e+01 6.698874799065720254e+01 6.751080026476513751e+01 4.823956066264091902e+01 5.189366871062728848e+01 6.190754973422944119e+01 8.194022535791100381e+01 9.776761345322057650e+01 1.065058520270733879e+02 9.845334543245800774e+01 1.064995100640336432e+02 9.038788727240948617e+01 7.036975371664912871e+01 7.968735039603251380e+01 6.047802719155688322e+01 8.050414225467312690e+01 6.213171543529550434e+01 8.215724267780085199e+01 6.380728426637592321e+01 8.383195752683691637e+01 9.750415801155500617e+01 1.128973941307387747e+02 1.196982577611615284e+02 1.090080953145490810e+02
6.629627143626703401e+01 6.795699338328215333e+01 5.974463946279441018e+01 4.035133166579741015e+01 6.037276487604152209e+01 6.101038394694882072e+01 8.099305192594236757e+01 8.313886254027734424e+01 7.501811935524337116e+01 8.164517161840137760e+01 6.841678956537981549e+01 4.839223184377060960e+01 6.573117082181553883e+01 7.391630722699802902e+01 6.902773326695290734e+01 4.900226827868797841e+01 6.826494303979310985e+01 7.192070327244086059e+01 8.009048368577253996e+01 8.194076270840275811e+01 1.018450974851467805e+02 9.651850290579976388e+01 7.828518012840036988e+01 9.645545298549534152e+01 9.841487495111033468e+01 7.968735652043939410e+01 5.966108188976761539e+01 7.887393270452962213e+01 8.700520831053930237e+01 8.215724045393818642e+01 6.296819031603092753e+01 8.299331558083683547e+01 6.936296444745678969e+01 8.941229515987862442e+01 1.035734477400231697e+02 1.134425406688734768e+02 1.227060926211419201e+02
6.803490436086718773e+01 8.035358193736585974e+01 6.037235742351176526e+01 6.037275953207316803e+01 4.416756849965391041e+01 6.418302515917038420e+01 7.775616164021080579e+01 8.985075263325850869e+01 8.715865690931764220e+01 7.350082948303899855e+01 5.347657020735099564e+01 6.841692472868324160e+01 6.105901617548460081e+01 8.107901790206940973e+01 7.720330787946679152e+01 6.902777281255467301e+01 4.976610521066091053e+01 6.979167991503337021e+01 7.873274689158657225e+01 9.276965177779362648e+01 8.813219316990654306e+01 8.833570760031585678e+01 6.825083914567012755e+01 8.829538656864903601e+01 9.085780374932136283e+01 8.620158479866515222e+01 7.806583421977580883e+01 5.884756416292620429e+01 7.887393024938835140e+01 9.102467799678736071e+01 7.716828556263794781e+01 8.275148850740276885e+01 8.941747900696481111e+01 7.540522604375904336e+01 8.544440502811076499e+01 9.969544104597726175e+01 1.196013581645215709e+02
7.620493445763155194e+01 8.412397755001177302e+01 6.989633477223249258e+01 4.994537577427819031e+01 6.418303200350241866e+01 4.951685605584320626e+01 6.111306516410165557e+01 8.150106489629325779e+01 7.905215070924961651e+01 5.903048197726531043e+01 7.350083779610774570e+01 8.135953708530543338e+01 8.107911583510050946e+01 8.107915614777505198e+01 8.247451180979382457e+01 6.243316532700504951e+01 6.979171698164118709e+01 5.053219160987615055e+01 6.469551729296516385e+01 8.214080273412396593e+01 6.812165959981165031e+01 8.159651263185946846e+01 6.157268752415046009e+01 7.612705351064126091e+01 7.083395881275041006e+01 7.725934222843775956e+01 5.803941241144445229e+01 7.806574340420790747e+01 6.702460527442313776e+01 8.706314842297415169e+01 9.747132435184433064e+01 1.018792543783020079e+02 9.546854792328885253e+01 9.550930111797879363e+01 8.327628948502494666e+01 1.034724286485270284e+02 1.216361783375637202e+02
8.454342299488179435e+01 7.613335836251602018e+01 5.627533424131129181e+01 6.407980095644128937e+01 7.768552806242495024e+01 6.956721617809243696e+01 5.569694236633715434e+01 7.577169622910635383e+01 8.715844801194431568e+01 7.905217164649373274e+01 6.521353748963322516e+01 7.678991081937073204e+01 9.680276598798668886e+01 1.009397267604508244e+02 8.247455008071946736e+01 8.246597972655922604e+01 7.106526283619344042e+01 5.107469697399188391e+01 7.110046190066482552e+01 7.319989060454052776e+01 5.395647866930197978e+01 7.398257236601025966e+01 5.553576030929558272e+01 5.610072344099675945e+01 5.666637333512398556e+01 5.723294233687720833e+01 7.725882606602286273e+01 8.575270344108442089e+01 8.706319669013835494e+01 7.647419996710010537e+01 8.806406007586564044e+01 1.080957390253727937e+02 1.152623011424956729e+02 1.114855091610945550e+02 9.756155175763593945e+01 9.336288589237366864e+01 1.035620146088714080e+02
8.376694854578052229e+01 6.411675887453479561e+01 7.613335581655091744e+01 7.252806837178117405e+01 9.190814328400311695e+01 8.393684443142225859e+01 6.572987553768834346e+01 6.327750042650957596e+01 8.342090733300942418e+01 9.007226222876316513e+01 7.007478753868440435e+01 9.007227335996330453e+01 1.047899700464740675e+02 1.101926369002616042e+02 9.808268697682647996e+01 7.814788974847355973e+01 7.164364201572713853e+01 5.161780386349276029e+01 7.164364058993662354e+01 5.317387414857628869e+01 7.319988989371101695e+01 5.474058451781684198e+01 7.476680362769367605e+01 7.612706578573330773e+01 7.669277232923545284e+01 6.431315566602714284e+01 6.990368029809235395e+01 8.991791765031967998e+01 1.044823471590607085e+02 8.806403100332725842e+01 1.045354787616757761e+02 1.159088341716080066e+02 1.105856038705751274e+02 1.183496557942582967e+02 1.177391176954250653e+02 1.137476715781570533e+02 1.216538121670509156e+02
8.956298644678821574e+01 7.012899063662760568e+01 8.956305751164110518e+01 9.217515082488195333e+01 9.996451557517922026e+01 9.390484673041731867e+01 7.995270047016242643e+01 6.907811146928492008e+01 8.927972755108376646e+01 9.608551905585275676e+01 7.612058496516151251e+01 8.643334730243493880e+01 1.062707472574934400e+02 1.057295028781465618e+02 8.574734116334255418e+01 7.815429140193396051e+01 5.811299024200869212e+01 7.164363312894366231e+01 5.239246054424961585e+01 7.241261886085378308e+01 8.136194387818001417e+01 7.476679522625191510e+01 5.966903090105035545e+01 7.969733267008855648e+01 9.242319983707369602e+01 8.433789165510039254e+01 7.699010763523325807e+01 8.626793528504551034e+01 1.061592754991569336e+02 1.080939621262546808e+02 1.158953901464771548e+02 1.069811829051363929e+02 9.051120612002515031e+01 1.069824513004704443e+02 1.184294001026974712e+02 1.198830905937200555e+02 1.274114259199223795e+02
8.912600755289918197e+01 8.956338043682511341e+01 8.064633592994837841e+01 9.169274805331146183e+01 1.096585295571879186e+02 1.078737667395533322e+02 8.997717386687770613e+01 7.615717725915395420e+01 9.610697495278215285e+01 1.027986699516486340e+02 8.280693781113038199e+01 1.026938673428845306e+02 1.139572469362500726e+02 9.993788348764667262e+01 7.987018824432713870e+01 6.568425749538008063e+01 7.815445742429015752e+01 7.677567795183281874e+01 5.676046940211335112e+01 7.087702635940432572e+01 9.052043156148002367e+01 8.782160325354152519e+01 7.383994361383443561e+01 6.502182952258038995e+01 7.918503079000463174e+01 9.898880134364915762e+01 8.856697056543359281e+01 1.048871709166760695e+02 1.138888068513772822e+02 1.138406723911434852e+02 1.060412121084903703e+02 9.887456711213540927e+01 7.867245667694180611e+01 9.095291704522838927e+01 1.036702913252771765e+02 1.000537164997960389e+02 1.195103255781487093e+02
7.507048965196935342e+01 9.575975420341625011e+01 9.407968523604000666e+01 1.067632053990033114e+02 1.150062994427260605e+02 1.190873315789122984e+02 1.042349868769847063e+02 8.609761191132275826e+01 1.042354236258364182e+02 1.106815721956612748e+02 9.285008976535839054e+01 1.105536341928218178e+02 1.091765616938038193e+02 8.887466984252017710e+01 7.726412569116804718e+01 7.987055663940206784e+01 9.384312808297858055e+01 8.188655260558216753e+01 6.210253666940070616e+01 7.318639083712041327e+01 9.355968842170723576e+01 1.018056519951684749e+02 8.951602716517940905e+01 6.950206727621392133e+01 7.770594732054679810e+01 9.774404990675094496e+01 1.084440536795266752e+02 1.160864516244393343e+02 1.091849303459866860e+02 1.012519137027339724e+02 8.612185963305813630e+01 8.977451265407428593e+01 7.093966453331547939e+01 9.093050576371470584e+01 8.370306034643310511e+01 1.036842121599670605e+02 1.023476767276326314e+02
