LEM_wLE/output/LEM_woLE_example/elevation_000000.asc
nrows	100
cellsize	150.0
xllcorner	0
ncols	100
yllcorner	0
NODATA_value	-9999
[rows 34 to 50 of 100, columns 37 to 73 of 100]
1.053373656299273042e+00 4.797826159640702359e-01 9.143293318253759017e-01 4.118056962107851104e-01 7.249434216225321137e-01 5.856924818170710090e-01 3.410188061729363951e-01 1.092075954610781219e+00 1.094309911125271428e+00 6.076215617669035174e-01 1.217560273479204147e+00 5.250441554884207607e-01 4.053341009272615203e-01 3.735408685477253354e-01 7.302152931910781408e-01 8.573786606723430292e-01 1.350814005730839096e+00 1.326101953519591925e+00 6.156622324222469356e-01 8.332052126212229348e-01 1.277375761206049010e+00 6.570937832406991141e-01 5.834727301221288576e-01 7.944410854068082450e-01 1.174583636106680595e+00 8.542223808806603813e-01 7.748480274636062592e-01 8.755237656250770550e-01 9.081516451505816656e-01 1.336011861906873044e+00 8.213698385837751026e-01 5.980671935644449322e-01 7.145647769560321549e-01 8.124266642591932985e-01 9.327764242182343679e-01 5.818524500408752687e-01 1.266788443216740889e+00
8.332214218025925101e-01 8.285365923923864173e-01 5.631343511902509036e-01 1.022798504770705552e+00 9.494385454705377425e-01 1.073756748328614785e+00 6.281146495088888448e-01 1.231770057188770418e+00 1.140897618675643876e+00 1.179900285748272104e+00 8.194425730115423301e-01 5.884416532532393829e-01 7.021860289036874203e-01 1.162238326404214428e+00 8.206506762639719232e-01 1.079775963363596158e+00 7.569154204515210482e-01 5.061006070424309833e-01 1.084929019258093374e+00 1.083656150036166776e+00 1.247326252685217352e+00 6.377401321984963456e-01 5.524345996330246589e-01 1.032496429026867890e+00 8.511066543772300985e-01 1.254610627775787801e+00 9.951507067687047625e-01 1.188448166660274863e+00 1.306637327980238350e+00 1.011220712198817706e+00 4.688596547116911650e-01 6.850094624090526940e-01 6.975918606191180427e-01 1.281918267105607967e+00 7.794016282613771551e-01 6.634735271174031501e-01 1.280536782637698545e+00
5.240426752669647970e-01 9.399187176110188613e-01 3.425838253091639252e-01 7.916830521206562610e-01 3.340738424349002922e-01 9.382321036351868315e-01 4.108216999669874192e-01 1.027877956638756141e+00 4.687765285853395802e-01 5.156932424249937030e-01 6.769642228776375781e-01 5.010933071707959208e-01 6.985141131283443272e-01 6.014976514883924041e-01 4.080301257949089377e-01 1.024993182611829701e+00 9.047717773569520228e-01 8.548933801418934220e-01 1.292126916349355170e+00 1.059406602371440353e+00 1.187510765804742352e+00 8.419501250558798500e-01 6.339248173006354348e-01 4.811337475190539670e-01 1.062695076238308944e+00 9.861797546231911848e-01 1.292829640115574552e+00 7.795777846713121129e-01 4.632997147241729730e-01 5.658829990541799360e-01 8.789842665975995395e-01 6.771026554831118816e-01 1.159657306667351673e+00 9.109336441030841947e-01 1.348381594008343010e+00 8.394390524156432054e-01 5.691131407204196302e-01
5.581510445162732870e-01 1.012212318029721114e+00 9.419373991379089706e-01 1.023795916451513799e+00 3.286283354975877424e-01 6.840829790175678715e-01 6.065617843824483435e-01 1.034172589451446411e+00 1.158824900668092628e+00 9.202565641516505801e-01 1.253681603303455683e+00 8.470552450003157041e-01 1.151743548048800747e+00 9.241229844044999142e-01 1.261093374460486638e+00 9.631817801104823884e-01 4.860736164981672158e-01 7.254899971115046364e-01 4.579802602817428792e-01 7.449013880572871171e-01 1.251047904791023901e+00 6.130855673607262801e-01 1.068038196866955225e+00 1.073915469377974663e+00 8.651520712535367696e-01 6.014533558412890057e-01 1.064092747203404521e+00 8.770861763514069542e-01 1.348198726604762809e+00 8.747905401281981241e-01 1.363449692760768883e+00 5.656565261072009632e-01 4.571962475164608186e-01 1.293985685500879335e+00 1.071743942825673424e+00 5.700145023477918294e-01 6.997731016852314356e-01
7.715808842678901769e-01 5.112577434498566387e-01 1.089717927223357030e+00 5.206147806854589666e-01 3.364145132725254728e-01 9.531598375480110352e-01 1.135641524038669470e+00 1.011077808301491077e+00 5.253870998892802291e-01 5.599610641597458915e-01 5.425382476513984642e-01 6.570972905414164122e-01 3.726263647229668408e-01 4.656804130913861361e-01 9.467411857805193565e-01 8.588432815055887515e-01 5.699846191698462183e-01 6.011681894520226610e-01 6.896279184245304172e-01 1.206924109500186137e+00 4.618777569929374827e-01 8.506893716366277225e-01 1.014758830827425573e+00 7.021795746670206340e-01 1.142697624476810336e+00 1.402014310448323808e+00 7.521184888411555081e-01 7.313202058346378598e-01 8.825998226313546136e-01 5.783663103275302753e-01 1.077943966280069388e+00 6.969843633984581510e-01 9.607367009591396556e-01 1.023101330036553458e+00 1.277431132939133018e+00 5.359095936724546094e-01 1.178008910874464243e+00
1.057053779865710252e+00 1.268773609014963943e+00 4.274773560216690860e-01 5.292153183848645748e-01 5.643327920671157294e-01 1.264963320153248638e+00 1.039047623235933804e+00 8.658934065396085566e-01 5.259766345314291769e-01 4.473405703939428713e-01 1.245160329554575895e+00 6.443121087204427555e-01 1.165597563152489968e+00 8.963283578601349832e-01 4.513974525179815789e-01 1.138697342617307928e+00 8.728022875067841246e-01 9.210074452541501255e-01 4.361645135323486411e-01 5.377416329727362498e-01 8.932838014040924701e-01 6.038541082285457939e-01 1.321046971112739499e+00 6.842162736681028923e-01 5.339727391121219524e-01 1.213559929701286677e+00 1.202245664533081237e+00 7.271262726898305440e-01 1.289568896915365581e+00 1.136314749575263461e+00 1.378442214350920292e+00 6.818451440202559777e-01 9.449192741898677639e-01 1.003681005791312586e+00 1.441625694450840767e+00 9.707292774418440073e-01 1.271096599634924385e+00
5.904436269767886492e-01 7.286890521395398279e-01 1.047088465015139525e+00 1.263022298448572167e+00 1.092520424022018988e+00 1.120666135174619882e+00 7.413583991812909835e-01 6.822806134121850441e-01 8.678586074464227362e-01 6.842396179420546787e-01 1.255032823007223408e+00 4.900162726424800441e-01 3.657060490061952995e-01 1.269668820823299127e+00 1.013077885194674677e+00 4.926760408308178407e-01 1.342367250363351916e+00 8.726845179906306260e-01 1.134705372456959127e+00 1.197063557389707933e+00 7.128911465779691481e-01 4.120841299390723966e-01 6.667508915140615278e-01 1.043383587452984207e+00 6.683994533727226628e-01 9.851599601923229921e-01 5.178122579975796835e-01 8.640803032281773044e-01 9.205358671018931682e-01 1.171557925459992378e+00 1.268388320978844463e+00 5.949886623699401911e-01 7.779575935165731204e-01 1.397182793282206514e+00 8.617350468516216111e-01 5.007556956006342652e-01 1.323421561034740401e+00
1.038736072090134632e+00 8.888014787935404337e-01 5.363464914155927632e-01 3.622165103021510735e-01 8.908909510158680156e-01 7.907226641352287366e-01 7.143063383592016535e-01 9.966191134606324775e-01 1.040436196138329938e+00 1.297948575816312289e+00 7.955824806323553711e-01 4.825363904337508503e-01 9.484629599907614672e-01 1.062225980240058210e+00 9.752580367118892646e-01 3.909799606195329957e-01 1.144849509065250182e+00 4.853013740408624876e-01 1.168990586964655520e+00 1.081558998588499243e+00 1.176428861014420457e+00 1.183577919548061574e+00 5.640623877199598679e-01 1.174982753083516629e+00 6.707577175584842344e-01 1.372011961056709195e+00 6.612149957167817726e-01 6.265706254735105007e-01 1.352453896048597892e+00 9.318927584167666645e-01 7.602447633804058080e-01 1.223538863292039647e+00 7.040727473018050242e-01 1.197312420220526974e+00 1.445018223861526341e+00 1.283568834217914345e+00 8.414007921833144277e-01
3.722258709799247667e-01 8.417281896583908019e-01 1.285614168395033730e+00 9.071768974660702201e-01 8.411901982892359131e-01 4.204764627275523470e-01 6.583601698574298444e-01 4.821228701353841295e-01 6.945172423198642253e-01 1.213878302355126060e+00 4.121022043140695201e-01 5.846825784333892218e-01 8.181317709827251594e-01 8.856445879859364823e-01 5.132813062333501097e-01 8.204407116588186000e-01 1.177905315810347187e+00 7.030256985772108669e-01 6.957535881570966474e-01 1.068999430571962117e+00 1.343714183764264769e+00 1.129619850290438432e+00 1.043223107304893205e+00 7.216711380108774554e-01 7.491952850486439663e-01 1.265592910169137442e+00 4.471430338542204397e-01 7.435900734077208751e-01 5.888359352312733108e-01 6.900730417754193935e-01 1.228681095767655274e+00 8.135192482099971034e-01 1.184894136117247809e+00 1.395109152785974693e+00 6.895951786272584982e-01 1.240737716454597406e+00 1.060628969197481952e+00
4.274673348432481701e-01 1.042798658453723881e+00 3.004457418135169644e-01 5.474975259279449835e-01 5.818345869924649305e-01 4.695459980293208435e-01 7.056106220946226637e-01 3.424700396293194338e-01 4.726491090590922983e-01 6.887714935210759171e-01 5.497314963405105503e-01 5.529325538854945599e-01 7.168526408147462003e-01 7.374258241371396405e-01 9.737762126931579498e-01 4.710351020659006016e-01 8.870147603122368052e-01 1.363185836646946258e+00 1.020167434716370725e+00 1.355055567033842001e+00 6.630745707984410098e-01 6.648311857597404284e-01 8.643780478562927971e-01 9.183631452676374041e-01 8.115657238189826206e-01 7.079309662343176157e-01 1.273937224396631596e+00 4.474164135191200375e-01 1.361579311404627735e+00 6.736948599585076414e-01 8.964197896064808324e-01 1.144492067172078187e+00 8.995895204334461992e-01 8.147458870200139369e-01 1.112686345471694427e+00 1.180013331170153279e+00 1.367534907945217482e+00
5.215851218601678108e-01 3.864802313615295359e-01 6.801934574720316373e-01 3.135540650616134850e-01 8.598837955492361074e-01 1.046031368592916344e+00 4.584519751285273670e-01 1.171482186274711790e+00 1.077253563481178622e+00 3.373778207592461054e-01 9.702884400659216313e-01 3.532863069440114190e-01 4.894861351758335033e-01 9.479716998297360586e-01 1.049317612756556217e+00 1.291759420690291815e+00 1.266917425768719463e+00 5.140536062372133008e-01 1.282185311361840885e+00 8.372239606016829150e-01 7.399284854978102066e-01 5.941335442360544672e-01 7.779239494734910831e-01 6.657986582410172494e-01 1.056821854222916635e+00 8.253843573421757451e-01 1.096129817873986667e+00 7.668133667306197276e-01 6.245072855184681249e-01 8.100049177278036971e-01 8.268038032687177186e-01 8.545615136221694774e-01 8.156750748156158526e-01 1.078175462967483345e+00 6.241850361422802695e-01 1.161028422660043136e+00 1.162889347434519660e+00
5.849588325445442827e-01 5.317874271105366146e-01 9.735960639919527537e-01 7.713061184600822351e-01 1.283697029473191753e+00 1.248264870953213812e+00 4.067694531410901981e-01 8.381552288744831269e-01 4.832061981355161295e-01 1.290737352878150945e+00 5.503207383395444241e-01 4.810966481505720704e-01 4.952650585013766982e-01 3.622862310281363407e-01 4.380600213993384173e-01 9.750143914547714230e-01 6.874421457739995356e-01 1.286452489193676163e+00 1.168956053485538549e+00 1.174341840615623411e+00 7.415372957995888248e-01 9.992878612380736714e-01 4.081195029844180699e-01 1.144870565165767795e+00 4.463919115011405481e-01 7.332088422409424044e-01 7.109890275177085384e-01 1.050543708841673363e+00 8.735690058351198717e-01 1.312358154196250126e+00 1.021283141370758596e+00 9.735072443695983457e-01 1.039863414282849563e+00 4.948431610343985709e-01 1.177670916168936044e+00 1.277143976037405482e+00 9.583201460536763250e-01
1.067678239014960839e+00 3.424968627201022686e-01 1.224425547744048659e+00 9.071769060275565177e-01 7.472809573107900283e-01 1.017666004769563370e+00 4.109276712981465018e-01 1.234763152982228496e+00 1.129556373060703667e+00 1.316848859221189771e+00 1.118175056669857614e+00 6.533992888044773961e-01 1.203952898601706956e+00 1.101169536940268312e+00 7.939240563314993171e-01 8.997745908656861191e-01 9.364564483298918329e-01 1.103018201842347334e+00 4.306223562663618054e-01 7.302434997463395083e-01 9.913154087784101787e-01 7.462062526891900527e-01 1.054648441725732466e+00 1.380883131370505668e+00 4.481554056183373325e-01 1.263914626963227095e+00 7.263367113617368309e-01 5.035220671829335748e-01 5.947611074471105264e-01 7.398853170852651706e-01 6.512067965513933521e-01 8.398934168733412919e-01 7.708320062955670293e-01 1.447387264952780139e+00 9.420051863227046907e-01 1.005544248396139428e+00 1.164631248823953191e+00
1.144861843723080197e+00 6.114265646649809094e-01 5.390765660351924948e-01 7.671651108803460017e-01 4.845688609932061741e-01 1.218808704450115243e+00 7.217676421094709749e-01 5.591117125309043034e-01 1.323960888515802736e+00 7.430919361596274308e-01 7.627668711138460012e-01 8.644809262908514924e-01 1.083035776226860314e+00 1.105024801072888030e+00 6.179321377150159833e-01 3.874288267349723647e-01 9.964196856845467520e-01 4.348548439944475152e-01 5.846942456184490711e-01 6.684381927722237160e-01 6.742121613972956728e-01 6.594001900540608085e-01 1.084123743436560039e+00 1.276613421417071903e+00 8.884246836290944360e-01 6.927834447424340292e-01 4.767763795059898890e-01 1.196914243182502169e+00 8.201978385694840279e-01 1.331669018499332280e+00 8.317858867374789966e-01 5.568823623244574250e-01 8.825832141853802160e-01 1.308838415225472840e+00 4.692148584456297122e-01 1.341843903596745102e+00 1.065742087434180085e+00
5.631453370638584977e-01 2.963708796219812758e-01 6.616334452239168717e-01 6.913885714249419223e-01 7.453881022801607248e-01 6.114744110614901418e-01 5.044698908625183664e-01 8.011537459300880348e-01 1.318509965628502201e+00 1.207379857158809244e+00 1.159224061731681132e+00 4.181465347941505373e-01 8.357536449164852943e-01 1.332541983760505033e+00 8.525948924935652373e-01 1.102840013502770722e+00 5.721779088122991297e-01 4.056578719155266022e-01 8.470752733019768499e-01 1.158519385808114199e+00 9.683178668794832911e-01 7.704960710232061638e-01 8.480862078475281951e-01 7.279853100881693573e-01 1.004482210105744011e+00 7.370336848261475060e-01 8.981968450057251641e-01 4.416810496574426481e-01 1.300460238932625412e+00 8.847217154196984623e-01 6.077643724802678227e-01 8.711094138100148321e-01 5.394434041310566252e-01 7.393928901336085380e-01 5.317354823465030300e-01 6.458378903651256220e-01 1.374392697040691447e+00
1.226620837850697310e+00 1.111755540065778369e+00 1.127308803467428122e+00 6.651611840798692388e-01 3.716187646749176121e-01 3.296142373478265220e-01 1.235923420497499148e+00 5.623793196491315705e-01 3.792292082608504922e-01 4.686288871505214781e-01 3.712961147044214760e-01 8.204674322948242171e-01 1.097083670585082160e+00 8.798430805708452596e-01 4.940654565691917632e-01 1.017223886635932217e+00 1.088457154678614369e+00 1.311522559276296684e+00 3.832220042658479597e-01 6.474168476007869932e-01 1.239241415533372193e+00 1.160262301577374311e+00 1.144178553931177733e+00 6.778779114310330423e-01 7.685077402036529781e-01 7.657094777354209736e-01 5.755931459483337731e-01 1.268075687386068351e+00 6.726486287868372882e-01 6.959958580812634077e-01 1.220422259747197202e+00 1.207743848024811051e+00 1.228773476385982555e+00 1.222182703923149205e+00 8.084043988964630945e-01 7.366853110080477940e-01 1.275974600756692112e+00
5.746138267289535584e-01 6.859338819667731846e-01 6.044547033138431003e-01 8.344254216952151637e-01 4.008889381126213847e-01 1.280271822740204346e+00 7.214850197007426358e-01 1.030045467116556646e+00 1.251792522357122017e+00 4.413404865908338581e-01 8.501155303634801985e-01 3.952477442643529404e-01 1.117445162374591794e+00 6.418614289419427577e-01 1.195079083984465163e+00 4.609544518115614720e-01 8.694224637189582605e-01 1.048628460751697355e+00 1.065240478650316458e+00 5.296113442603359589e-01 8.762446988634408074e-01 4.051468986721243892e-01 1.109139967722545750e+00 4.113470021035750546e-01 1.088774225339057322e+00 1.006857655206320423e+00 1.038725991900416812e+00 5.651240638640179226e-01 6.284061212017665321e-01 5.554819961554596786e-01 1.218977836016832850e+00 9.663859556390084204e-01 1.225501122330381332e+00 5.848791576402132542e-01 7.730115446832425130e-01 8.580257681624195998e-01 1.344952605458478390e+00
