LEM_wLE/output/LEM_woLE_example/elevation_000001.asc
nrows	100
cellsize	150.0
xllcorner	0
ncols	100
yllcorner	0
NODATA_value	-9999
[rows 17 to 33 of 100, columns 0 to 36 of 100]
4.336683913182175498e-01 8.598634174674296915e+00 1.859863102846713900e+01 3.274043376694852014e+01 5.272530711312067808e+01 4.482999264834390374e+01 3.660053763097654667e+01 1.803390882735073930e+01 2.104805742796730783e+01 4.102976254050837923e+01 5.117120601438308825e+01 5.936487337625652572e+01 7.015364334903851784e+01 7.341367481731523981e+01 5.381596505134713482e+01 5.078880831073438884e+01 6.992043122272515632e+01 7.151276256210321947e+01 7.087891052588535956e+01 7.302867677152654835e+01 9.403136495342319279e+01 1.038257186240406611e+02 9.768170997109966436e+01 9.011040729194543530e+01 9.768158248598946614e+01 1.078668213789018324e+02 1.040975487176021232e+02 9.591732827240544168e+01 1.019932552685823879e+02 9.916376541911023423e+01 7.825522451391096013e+01 7.252605765171809082e+01 5.692776580058839642e+01 7.470969249050303063e+01 8.288301301574895774e+01 7.030553059400824623e+01 7.844768931893069919e+01
5.385724909496417689e-01 2.053767776878667917e+01 3.381908986543869844e+01 4.207079368510826356e+01 5.205170945195164478e+01 6.170488865067179773e+01 4.395026427410474668e+01 2.406076131162254939e+01 4.102933175697577894e+01 2.546440344223215391e+01 3.145008008667127797e+01 5.117367952748016080e+01 6.891495173243090733e+01 8.152849676686057023e+01 6.327356824246803058e+01 7.135766099401955387e+01 6.448142940382280131e+01 8.554367690129670621e+01 8.978293350552549157e+01 9.393964273229194362e+01 1.022854131091440024e+02 1.024360035064899108e+02 9.396083740426912811e+01 8.594663767015758538e+01 8.891598750062985346e+01 9.728729303961175390e+01 9.229637989578083079e+01 7.550380744419203438e+01 8.185019449060222030e+01 9.587986316165338962e+01 9.905308403934056116e+01 8.515227751839086068e+01 7.470965068291545208e+01 5.465879702856308597e+01 7.470682146885877728e+01 5.872579685061489130e+01 6.725002542264448380e+01
8.336531950628578436e-02 6.750031986170789366e+00 1.382109980799378768e+01 2.382110574102539857e+01 4.381960731253089136e+01 5.365725490753895599e+01 3.400373197451093432e+01 4.394818601453672358e+01 4.926879181171552347e+01 2.917933287119312524e+01 4.927653846587662656e+01 4.163509627161371185e+01 5.508227415593866283e+01 7.465248214948928762e+01 8.250663262452717106e+01 8.061860642691816281e+01 8.208209947798096096e+01 9.419620887545707433e+01 9.804004981308600009e+01 9.905282090619066082e+01 1.048552307024236683e+02 9.281010134422217561e+01 7.447026367512914646e+01 6.598915460544192513e+01 6.862030401280283343e+01 8.894864376309323006e+01 8.323553923569092206e+01 6.388984842792487484e+01 6.761290746228031878e+01 8.774964309421567066e+01 1.031530859772617390e+02 8.471110702989101071e+01 6.464353444006418670e+01 5.307954412161299018e+01 6.875135370626369991e+01 4.871855261148819238e+01 4.722013776439351318e+01
4.524162703296725763e-01 1.045241624812850567e+01 3.045058470916065119e+01 4.206756999310227485e+01 5.205131814017827452e+01 6.150389090689629512e+01 4.792099871664338906e+01 5.292402689760814383e+01 5.755321601458776115e+01 4.401093925921840366e+01 3.512034117041186931e+01 5.539764117516856601e+01 5.572176863315907980e+01 6.825412097390287158e+01 8.728545083967577511e+01 9.902890854521039898e+01 1.049781935058442173e+02 9.158231662092640590e+01 7.742157206251529544e+01 7.891893855318556916e+01 8.481597892083530610e+01 8.475181943290618847e+01 6.474301352671930943e+01 5.442415303778612667e+01 7.437650262327058215e+01 8.787553875750138843e+01 7.500971560530588533e+01 5.492669801785582706e+01 7.500581320402397978e+01 8.344251709424257513e+01 8.344219815009608965e+01 9.280029985479897903e+01 8.130331672506041230e+01 6.504558491486568528e+01 5.087989258663920822e+01 6.875132718884711380e+01 6.525229334928715730e+01
4.402443450947634007e-01 2.043936889594233008e+01 3.045055037288215871e+01 5.043199239237343789e+01 4.778238152448020060e+01 5.598377669588981576e+01 6.754358243961809194e+01 7.136014063426721066e+01 7.469156309803493343e+01 6.323643616186549821e+01 4.331648481628177905e+01 4.266068882934005302e+01 6.342407216657996116e+01 7.594218251936098341e+01 9.204441349113817239e+01 9.818476070638109832e+01 8.815855299964947278e+01 7.990802498359087735e+01 6.315018197725456872e+01 6.470234499878434065e+01 8.481301332803927551e+01 8.311301383591711556e+01 6.841343644930076096e+01 4.838653576337407713e+01 5.973552937887298242e+01 7.975898921734955138e+01 6.963569475602855618e+01 4.957478560886714547e+01 6.963495439840248480e+01 6.349173781781189518e+01 8.344255036267820458e+01 9.998556210824320090e+01 9.316795559404096139e+01 7.910454418639318419e+01 7.091814820441578604e+01 7.910305042912185058e+01 7.345463230002971500e+01
4.237187090225543740e-01 1.456584575486151678e+01 3.456300684886060282e+01 3.372843745624009415e+01 2.790710401146987252e+01 4.778215934359707973e+01 5.659950359635216444e+01 5.658694264776976013e+01 7.638998011874144822e+01 7.152085401560653111e+01 5.434308717563706637e+01 6.342128675325727727e+01 5.143878618836944128e+01 6.263710311969991551e+01 8.459171127699751480e+01 9.001720313238203630e+01 6.983601126673141835e+01 5.980603962293133691e+01 5.312876300932661167e+01 6.682791379750884175e+01 7.507525754628622394e+01 7.496838428170707402e+01 5.494324641803180498e+01 4.338115762745421478e+01 6.340651579431825979e+01 7.386381256702883036e+01 6.475518667756074365e+01 4.471892379877926516e+01 5.082853100015244507e+01 7.082482868474258453e+01 8.005240900846177965e+01 8.005217210541333372e+01 9.492414556648627411e+01 8.687664066997065504e+01 8.987656410410205865e+01 7.999678866414335232e+01 6.000904606228343141e+01
9.142864485297492738e-01 2.091334956854619875e+01 2.811609729345100916e+01 1.380629119200486166e+01 3.372843818460879106e+01 4.521248208197257412e+01 3.689524497125744062e+01 5.080430234952510204e+01 7.063053674179349173e+01 8.174479898327020067e+01 7.360062769233604740e+01 8.094966795375228230e+01 6.228384136869296128e+01 8.116252511653107149e+01 9.343074856597667122e+01 9.817985264157397296e+01 8.815754436482804124e+01 7.990740324893896229e+01 6.684739757618257272e+01 4.679648562088888042e+01 6.105539704151595259e+01 6.929183308389754359e+01 5.931675130955837005e+01 3.929372311689231623e+01 5.386825171255009082e+01 5.386813909402299316e+01 5.479965552043245225e+01 4.012548364219827590e+01 6.015583976321035209e+01 6.736607545524452689e+01 5.999329775264929765e+01 8.005239751989834929e+01 8.346276642326245110e+01 6.684828252919167824e+01 7.584549897675363184e+01 6.181134424015670703e+01 6.000897353263869860e+01
9.064013007315497861e-01 4.498506862182443555e+00 8.149983310791791169e+00 2.811585125366925908e+01 2.046734532392918382e+01 2.545688817115829750e+01 4.521349655926823630e+01 6.422391595450218915e+01 7.484556916261936976e+01 7.953328427721021399e+01 7.640306201376267836e+01 8.536192324899317896e+01 7.730270042231798300e+01 9.227315852452399270e+01 9.910370881153731659e+01 8.857558160977700368e+01 7.999718513245242946e+01 7.321900838349101548e+01 6.739363045574113187e+01 6.105494827755288867e+01 4.101647275111860580e+01 6.105493295681277033e+01 6.753112975188022915e+01 5.386563977763291433e+01 3.384177807643622060e+01 5.073410485008034954e+01 3.477232663142364544e+01 5.155108882800148251e+01 5.734125999832826892e+01 4.732042051239058367e+01 6.736597307108451105e+01 8.051568420028715423e+01 7.531335773871069250e+01 5.527869087465067821e+01 6.374327597888964902e+01 4.764772811946083664e+01 5.807968856280825065e+01
3.063610709598194592e-01 2.030548149403587743e+01 2.811613292073694126e+01 3.635479626738704440e+01 4.030434729885269007e+01 4.521248974202468673e+01 3.686051504418197311e+01 4.804851183844985485e+01 6.630221425645810029e+01 5.660251014424267879e+01 5.471048762266593712e+01 6.994764383848168166e+01 9.204802789367454352e+01 1.073132599941613563e+02 9.047177517271346403e+01 6.982142555983679699e+01 5.978207763986759460e+01 5.310483352195696227e+01 4.732433876093352865e+01 4.215455473130882780e+01 3.729739563753052067e+01 5.319537019682288559e+01 5.798902011323081496e+01 4.975579905697972549e+01 3.029876896756001159e+01 3.070564520920348173e+01 3.111300477918403118e+01 3.152314278873360109e+01 3.730745041287113395e+01 5.147049193918370236e+01 7.150324066319571159e+01 6.051447609747460632e+01 7.454604757073290955e+01 6.374093427614862151e+01 4.371751135351176032e+01 3.763799690621332417e+01 3.805811066862801795e+01
2.739570439748240105e-02 2.002652409287588497e+01 2.406484867168069286e+01 3.820588140398402288e+01 5.818005034108047369e+01 5.735012698216594629e+01 5.621386978197404716e+01 6.142376276906473009e+01 5.311762090577624917e+01 4.145667416850793785e+01 5.631828781255193661e+01 7.804022982860044522e+01 8.037645760272231144e+01 8.974504383718740996e+01 9.891495104258768833e+01 8.855684705816653945e+01 7.999624194459846649e+01 7.321897603955974887e+01 6.739360694780445726e+01 6.220073708255449674e+01 5.319539038312420587e+01 3.316446884512023274e+01 4.918539409271859597e+01 2.972732683798085063e+01 4.975597562760570725e+01 4.227138646916739617e+01 5.114125456416102367e+01 5.155109523132526306e+01 3.210509450764810424e+01 5.213251558298583888e+01 5.370999537064660956e+01 4.635116610396327275e+01 6.637271920252952384e+01 5.706648181234466932e+01 3.704443290042726744e+01 5.647464577742547220e+01 5.807967318674399593e+01
1.758338105654860817e-01 7.735123270712582766e+00 2.187726177729512500e+01 4.187433792387440690e+01 4.075448635884506388e+01 3.702372881286652273e+01 5.735011733341620754e+01 5.311267753999974417e+01 3.225351236119997367e+01 5.223671014084257536e+01 5.758299624309335485e+01 6.369670155215360552e+01 5.705807468611678246e+01 8.022649558958690363e+01 9.729039103974743341e+01 8.551105636978303437e+01 7.608247813474802967e+01 6.809120515305868082e+01 7.660025025729126469e+01 6.824114038739560328e+01 5.685533226384110606e+01 4.862119206844337072e+01 2.915671606550731099e+01 4.918544937686755247e+01 4.975611439409380665e+01 6.229452111441651141e+01 7.048654573725939088e+01 5.254380206210573334e+01 3.251681127472927102e+01 5.254378268247855743e+01 3.368441195022682422e+01 5.371000683331076431e+01 5.470815951008709277e+01 6.293311047732298391e+01 5.588371388430131503e+01 3.645217455121978389e+01 4.801200276239645603e+01
4.683972685643240652e-01 2.046749404153296936e+01 3.598700637235124589e+01 4.009934476959463012e+01 2.052159346026775921e+01 4.009952687777413871e+01 3.953478697342092829e+01 4.247740815946097115e+01 2.677679725260184185e+01 3.126481990645828546e+01 3.617745933341036135e+01 4.166178744555160307e+01 5.937594217652180362e+01 8.435594745504683090e+01 8.822003499941141058e+01 6.558734708354742793e+01 5.525553519958621251e+01 4.781524315177591689e+01 5.889593106277935419e+01 6.003296269518445172e+01 4.015699192676148499e+01 2.859261414323719919e+01 4.862114829837290841e+01 4.551247301517893362e+01 6.552843871541919896e+01 7.787450631871740825e+01 6.669993625582264940e+01 4.668016426962758914e+01 5.254370647743336775e+01 3.310010539475740643e+01 5.312641971032376631e+01 3.426970350383734853e+01 3.468381555798454485e+01 5.470813364311513283e+01 3.586070165784035169e+01 5.588370111838440124e+01 5.647474411113177695e+01
2.051881798473268459e-01 2.020430271521839316e+01 2.583616892945864407e+01 2.821141807980747984e+01 1.150028964948760368e+01 3.170647859786153333e+01 1.912259482967849067e+01 2.196637537472182444e+01 4.247780204593404108e+01 5.227108117212081595e+01 5.758306497555811632e+01 6.362965091793549988e+01 5.479595352490777316e+01 7.800343396356772985e+01 9.598727875191539738e+01 7.709821287873022300e+01 6.017437749901675659e+01 4.899023471845055866e+01 3.927033231603411423e+01 5.211702163889166428e+01 4.765973885223369422e+01 2.819437926565820973e+01 4.235877174232198428e+01 6.237982380931725856e+01 7.369047561977794203e+01 8.174382903207859385e+01 7.486716759071583738e+01 6.669991801008831089e+01 6.135432831932757836e+01 4.311479129063254589e+01 6.135501568225610214e+01 4.843100460413891284e+01 5.470815605007491200e+01 3.527002161627543586e+01 5.529367048727127099e+01 5.002018064143090470e+01 7.003849206463479504e+01
8.187695587851057111e-01 2.081787684898857549e+01 5.744075404278520480e+00 8.075146888605855722e+00 2.821145154897815743e+01 1.518670217882245765e+01 3.548115824464696999e+01 4.247517709718259482e+01 3.066245937254456067e+01 3.986939350844257746e+01 5.218152309048628723e+01 7.533726282248039752e+01 7.155737257768143422e+01 8.546898795120532100e+01 1.001252422927055505e+02 8.679120844700983639e+01 7.564707871061260391e+01 6.659836610209984542e+01 5.211784300847398299e+01 3.230533629867061052e+01 2.763172345065256863e+01 4.765975019300892512e+01 5.646124584300852689e+01 6.865739065612437741e+01 7.576446560350173343e+01 6.180197381631015219e+01 6.770855441728392066e+01 6.983925078443390078e+01 7.133197734149283065e+01 6.313864804328981251e+01 7.133347958535512134e+01 6.845048993714755170e+01 5.873013531201945625e+01 3.870523486006931790e+01 5.873015340954338370e+01 7.003879987210953573e+01 7.818794824000590893e+01
2.311624522989861319e-01 2.495913385512014138e+00 2.253022122480884804e+01 2.821140174622435381e+01 3.655801319165865237e+01 3.548116356299240692e+01 2.946651852914328984e+01 4.913906031243083561e+01 4.266497238269118952e+01 5.338217869999423471e+01 7.078314396544944032e+01 8.336669521474468070e+01 9.268476871317236032e+01 9.419324421816416759e+01 9.449681021007010884e+01 6.890088638474912841e+01 5.415153600714695159e+01 4.470964258424748294e+01 3.779246391305579778e+01 3.164944609974964962e+01 2.723558866391787703e+01 4.670506105583253031e+01 4.044682749131455779e+01 5.455252324223408777e+01 5.951751673229492923e+01 4.764369038273365220e+01 4.764592763602023240e+01 4.983471476465299332e+01 6.983926080958134719e+01 7.593701602970523368e+01 8.403578593840224187e+01 7.289032837775471307e+01 5.286499966970838216e+01 5.873040053561948071e+01 4.425732113481205232e+01 6.429213784563015111e+01 8.010154544112999986e+01
9.845726073866658545e-01 4.179008412265576844e+00 2.386873763573067819e+01 3.584772741139740049e+01 4.263668067353326308e+01 5.038182958517172949e+01 4.961117190383816222e+01 5.798133086168873973e+01 6.487098613428943850e+01 7.430906544399771008e+01 8.441348084531509244e+01 8.738385050482220606e+01 8.414599216982485075e+01 9.585279770476078909e+01 9.999655839529864920e+01 8.792079576754782977e+01 7.240961057934744360e+01 6.288642144741282181e+01 4.258532290312771806e+01 5.204347038686386639e+01 4.670504270267507252e+01 2.667784272907582022e+01 2.628413653164020047e+01 4.575379203759171531e+01 3.949665989604354621e+01 4.496771408609953369e+01 3.348157218297819071e+01 5.350584645203185374e+01 6.179118003725190533e+01 5.593178974202942300e+01 7.593702373140827433e+01 8.103116574537143890e+01 7.289029214923432676e+01 7.062568321402959270e+01 5.058803397601652563e+01 5.182463554682861684e+01 7.189205396090821409e+01
3.295302290958179725e-02 2.003210138482008418e+01 8.771700752119294009e+00 2.794911496301906340e+01 2.436100591301373797e+01 3.721596501480599528e+01 5.570518279285839469e+01 6.700307438502503032e+01 7.440735828348717007e+01 8.517160882267010891e+01 7.898623526052395505e+01 7.171368392005112469e+01 8.738381028199557932e+01 9.751057086792421558e+01 1.018334632116023926e+02 9.634853748846343535e+01 7.943695578845996863e+01 5.895780321341035801e+01 5.726334671541348342e+01 6.086659423776815458e+01 4.084109566427789417e+01 4.670430977799249916e+01 4.575379353514485103e+01 2.572784217821359576e+01 2.533521836749230260e+01 2.494292801344000310e+01 4.441352278369386397e+01 5.108750671610375349e+01 4.176934684752735194e+01 6.179121396258834409e+01 6.634963278591446567e+01 7.453834254559664885e+01 8.449109034714093980e+01 7.771526655098429615e+01 5.766909226402771083e+01 7.189200273896437920e+01 6.078587836242252251e+01
