LEM_wLE/output/LEM_woLE_example/input/large_rando_initial.asc
nrows	100
cellsize	150.0
xllcorner	0
ncols	100
yllcorner	0
NODATA_value	-9999
[rows 68 to 84 of 100, columns 37 to 73 of 100]
2.590994937880054527e-01 1.157580538431455031e+00 1.193519463022457039e+00 1.130963718436220011e+00 4.042407095352911206e-01 9.111096385990795632e-01 1.215925756491152310e+00 9.880657433577835214e-01 3.171068049435988856e-01 6.701742121815126296e-01 8.628996801459505317e-01 7.149555607783634192e-01 1.041612919778913682e+00 3.238278799423623400e-01 6.010094655538047448e-01 4.959414680411324827e-01 1.101798241661024358e+00 7.815177439248383040e-01 1.252693394495031143e+00 1.172248850511045992e+00 3.597502492435886157e-01 4.564793845839602016e-01 4.361420837634421566e-01 6.496070229077539615e-01 4.109423011247903545e-01 3.867821156441291208e-01 3.702477928852263012e-01 4.749957684210304731e-01 6.602140458094625242e-01 1.111493229126668814e+00 8.045418411010487603e-01 7.887031014817245111e-01 8.286617174396999630e-01 7.448342674389922813e-01 1.296233482534213000e+00 6.405540153070374831e-01 4.012125024217382818e-01
4.043055021228638690e-01 6.191492874997238660e-01 7.116343495220192050e-01 7.940702498445921798e-01 1.011662023267846600e+00 1.164494567058445895e+00 2.858407907109233315e-01 1.080103927965987864e+00 8.405509115741904846e-01 3.425268411809078706e-01 1.139137124543118107e+00 6.613143754113255390e-01 1.107383358534179241e+00 8.040826097193511934e-01 3.334337880060165293e-01 7.847602921239706930e-01 7.703578765191132494e-01 4.741220764738165450e-01 6.293519171146576552e-01 4.456783494850386496e-01 5.297993188990133273e-01 6.989035687886672177e-01 6.189852946421208202e-01 1.105387374188826266e+00 1.301600864313582129e+00 3.499304623494432498e-01 3.510633673008916600e-01 7.463077040065368983e-01 1.256625789062837173e+00 1.262931639375606041e+00 1.019228330829973883e+00 1.173582064049900842e+00 6.329735044707233138e-01 9.222286144392155549e-01 3.826907302281153944e-01 6.847333340738496199e-01 4.890306284276955684e-01
1.090825497244436004e+00 6.810511339330810321e-01 6.264914318131493687e-01 8.934909758455171769e-01 4.991993747843334051e-01 7.206301151708984776e-01 1.162277887759784134e+00 1.058160308034770569e+00 7.609942413005872375e-01 7.633685685333595483e-01 1.040121478971394620e+00 6.711497389167349059e-01 4.510466350415005543e-01 9.502283511452327414e-01 1.121793848350025824e+00 6.389684333862716281e-01 9.106143388989333953e-01 6.140357159009621757e-01 6.780834891926329488e-01 5.313958901495825504e-01 1.223002298134826082e+00 9.978893870555640699e-01 3.929926318752990366e-01 4.625754215291692506e-01 5.307747828508879717e-01 4.472276205989906828e-01 4.583989535641359025e-01 1.095665497320150727e+00 4.906927687152513595e-01 1.069024534562078577e+00 7.595653378460363037e-01 5.708301651797013099e-01 1.304940856798262772e+00 1.120786046613902132e+00 9.819955488351009842e-01 5.135424623657927068e-01 8.099748111682190110e-01
7.743628602443770603e-01 5.278201382297483812e-01 1.063999413406542027e+00 2.053927328563666388e-01 8.954949847650638395e-01 6.395739564561688795e-01 6.526301805622767294e-01 2.485834076780008006e-01 1.211224369119143107e+00 5.518468704812065084e-01 3.932751523946693695e-01 7.720195527742442776e-01 7.892893755020335966e-01 6.493404322350850855e-01 4.982412601024378551e-01 7.349738440787955129e-01 1.050677709923725223e+00 1.149552010548934966e+00 5.542681296828230186e-01 7.815995348246138619e-01 1.196793686418908598e+00 5.592755701717609940e-01 5.921675763762401790e-01 9.118413064429273795e-01 1.023174623322779642e+00 1.137526594652653600e+00 3.617461953936988439e-01 7.695292176923262950e-01 1.146214162877497333e+00 3.508860863459677959e-01 7.613312333606154780e-01 8.148200014147214398e-01 8.611130838379723595e-01 7.529904548576045187e-01 3.840436339368614727e-01 1.243873899829743390e+00 1.257919110431015230e+00
8.714857422016444310e-01 2.066623762065449010e-01 7.381822715510317767e-01 7.766957727325961569e-01 5.982079591044013878e-01 8.537160670480916647e-01 3.251259426052499069e-01 3.426846106925345303e-01 9.901380595113900007e-01 2.358832854250924593e-01 6.128398423235993375e-01 4.517768146336658130e-01 4.566159653170620558e-01 4.992370753906529290e-01 5.736727032222046496e-01 1.005201720359815809e+00 4.065884685536196863e-01 5.412164483223231848e-01 4.870321901710550350e-01 9.844731327585376501e-01 9.331948953114230783e-01 1.220843635615251221e+00 9.260645905596529559e-01 3.715430264536820348e-01 4.801363741691503373e-01 3.691902956879814512e-01 1.033089742481660744e+00 8.939470947407153201e-01 4.652641348419525036e-01 6.283627838444376668e-01 1.017461853479763256e+00 7.033906617826989338e-01 5.386154398006124389e-01 1.004871594305551064e+00 9.372596163652509027e-01 8.516187756641524498e-01 7.787672374203040704e-01
8.009856466268159281e-01 9.351252718714714307e-01 5.729126073909573957e-01 1.014492799785169597e+00 5.540183969392988850e-01 1.200990145212345706e+00 8.409707266092243394e-01 5.783116767579878914e-01 1.044572114540982533e+00 3.853576466090647412e-01 4.905758299055685834e-01 8.696324209852857035e-01 1.121151021296442840e+00 1.064953988109750282e+00 4.281010477460802655e-01 1.227530444708484492e+00 1.039699007887349147e+00 3.511276397130891347e-01 3.453486816008549676e-01 8.324540124711143907e-01 1.283220583869139730e+00 5.831708914144722034e-01 6.703736138741516193e-01 3.198491040273253039e-01 7.568426117165688582e-01 3.251805547682751207e-01 9.257148203541569753e-01 1.291380251350203068e+00 5.780202777208405251e-01 1.221020342281151860e+00 1.330613699637187342e+00 1.193471835717987872e+00 8.729297770553321456e-01 9.859346421474566302e-01 9.685047968441276023e-01 8.301670960088313178e-01 1.236883580530884430e+00
5.152655958965670635e-01 4.409101468795312284e-01 4.855726622636247769e-01 7.418969737376188700e-01 5.087570234504767974e-01 9.944947136810603494e-01 2.667872801363195268e-01 7.829242651721602941e-01 5.560287887031419851e-01 9.821289016979515285e-01 8.561576551878558039e-01 1.005695531952184307e+00 1.237642295409765225e+00 4.727007155999267130e-01 8.300202999123287295e-01 1.028121196610630728e+00 8.850788079225659910e-01 5.693031888761492798e-01 6.627236985021909277e-01 6.666712527950267031e-01 1.002647023569510853e+00 1.077551045153838150e+00 8.887689405644452201e-01 3.933017307898652448e-01 3.350012939968626258e-01 1.172930453043845578e+00 8.547436938940362605e-01 7.332564863371773267e-01 1.244022998925991219e+00 6.122229580174596286e-01 5.521556887777445688e-01 8.228579581421844313e-01 7.053796747757915542e-01 5.410988376858552051e-01 5.325958358050538743e-01 4.974477630569344999e-01 1.169290613774785825e+00
2.642395553801305530e-01 9.373304213192007461e-01 6.174156989468813084e-01 1.077734818828513408e+00 1.047879555024085807e+00 5.015755205900522817e-01 7.284962855354391031e-01 1.184488284215625464e+00 9.468674992401215906e-01 5.537986093803972665e-01 3.414588652384310530e-01 1.117138882315246828e+00 4.153011713410323935e-01 2.753085776033758481e-01 4.628458934362057464e-01 3.520735196059295857e-01 5.329743026698190445e-01 1.180964560013038955e+00 1.175132096269912552e+00 8.008818083021789214e-01 6.507001093631559208e-01 4.767860213850059203e-01 4.567814679226958607e-01 8.838327870499775862e-01 7.525659038479871610e-01 7.470249405529832964e-01 5.911195917720071247e-01 7.386421872167963087e-01 7.899037743232187880e-01 3.753385673086392926e-01 1.146316818654953273e+00 1.141134072259763599e+00 1.160703215037884650e+00 9.713435227115427839e-01 1.312917663821483227e+00 1.183749848350661882e+00 1.201703641210460027e+00
8.194449118341334826e-01 1.046506837879126461e+00 4.824651024783289111e-01 6.670613370544332676e-01 8.466250615658800216e-01 4.762679738066338819e-01 1.002329444392817015e+00 4.908015467704189838e-01 4.996308773627928801e-01 1.140348889751039207e+00 7.134388400553483001e-01 4.060678401714977737e-01 8.122403780845254273e-01 9.763361310167157914e-01 3.029711354195323558e-01 1.100173280730131875e+00 4.512832894244248050e-01 9.020572181501623765e-01 1.191474966547868997e+00 4.537964924482246754e-01 7.066871281973494678e-01 1.017793243969365768e+00 9.729126347519125861e-01 6.433260051669851265e-01 4.101957237598075068e-01 1.127681026192157709e+00 5.973785140642382530e-01 1.299863698375600674e+00 4.515995354980151255e-01 8.918866642732052874e-01 5.858799393744105188e-01 4.657899260494444693e-01 3.546405177446447787e-01 5.344548612790434028e-01 1.061250235858776536e+00 8.321971997557419121e-01 5.097486110142708249e-01
4.659812052754322975e-01 1.145753293285777019e+00 1.045413584981246702e+00 9.666748127306589167e-01 9.030701556764203497e-01 1.149173736547464575e+00 5.343826750865767750e-01 9.719017485756189512e-01 2.776615422604434835e-01 8.196534995805946355e-01 1.072509212638175891e+00 1.235964600642677880e+00 4.650519394425822739e-01 6.603118600036606001e-01 9.651554487853132303e-01 1.234529982516757496e+00 5.115480869109316764e-01 2.848839501981922373e-01 1.209972384569300896e+00 4.300294912498393018e-01 6.801991758440495417e-01 8.500787122294021225e-01 1.102996486452627156e+00 1.227915487853601606e+00 1.116761667708535022e+00 5.421963587045827149e-01 1.010083578274808991e+00 9.559004155228014721e-01 1.104931380577406586e+00 1.252124702102000997e+00 7.988713725274332322e-01 4.299864549444369910e-01 4.350816887345940742e-01 1.303019498278668031e+00 6.066445098893876731e-01 1.173970185667952526e+00 4.767309081846493046e-01
6.870792953535171943e-01 8.461802575876717913e-01 5.684546965832397714e-01 3.236030432728688178e-01 8.195069302673712031e-01 3.806707642835904792e-01 8.231048536834544294e-01 1.115959944449940178e+00 1.167881889314280608e+00 4.136211808661031664e-01 4.644990929060666129e-01 4.535493179106306894e-01 3.702638265463710221e-01 4.936412130974922596e-01 1.098938319187756418e+00 6.193837675491810080e-01 2.785395478391567425e-01 6.647756604094317012e-01 6.199662798652101348e-01 5.904583091366779612e-01 1.167963528789258465e+00 7.003013254956069744e-01 1.134606068630369391e+00 8.483887711440167845e-01 1.214666010306613142e+00 5.855038860035621795e-01 7.576533757662886615e-01 1.212509296009631088e+00 1.225980160206005420e+00 4.242350550367211537e-01 1.066800032473800952e+00 1.272268691123493722e+00 6.089837763196974674e-01 7.117827378790664294e-01 3.588458456677118269e-01 1.099345452972698256e+00 5.681852336386767899e-01
5.347971053667278651e-01 6.566208017418173615e-01 9.323751789803633727e-01 1.021255659222437551e+00 3.676947711934265284e-01 9.644482868409421927e-01 8.076820480272495217e-01 4.916502036591542391e-01 1.128188132709716296e+00 4.232882135283456138e-01 5.658529580909587020e-01 8.179989708916058921e-01 4.055248956676511529e-01 3.459130769383374493e-01 8.205243163402915485e-01 7.940437907539804607e-01 7.112910590842327352e-01 6.725305509527073067e-01 7.997140020177974096e-01 9.510982956059208515e-01 7.744171773253443192e-01 6.457389963854357484e-01 8.882067119000509603e-01 1.056714711913540050e+00 7.400233741555740652e-01 1.143805210707970366e+00 1.215856428800098588e+00 8.071917923289890773e-01 1.290445612836917944e+00 5.583737131841060020e-01 6.321765058072439381e-01 6.354151686932699716e-01 1.033427810886633935e+00 1.035888532924142513e+00 8.409541343803899061e-01 9.308051415528653116e-01 1.093473230025551191e+00
6.256041028212487864e-01 2.365607594178200379e-01 1.136309565417492617e+00 5.072308615805800613e-01 6.158446679725211315e-01 5.133642845934545118e-01 1.042170607906664825e+00 6.707632985716560636e-01 9.855732564545900409e-01 3.811189786392973899e-01 7.086018897709993603e-01 7.478633567184451714e-01 4.912274196018850958e-01 5.663844245303542024e-01 5.104444639607756962e-01 9.792596856579861564e-01 4.813106840311360268e-01 8.971344234684026642e-01 1.059197967357439651e+00 9.708117358269174879e-01 6.555831892997456833e-01 6.387384038000932795e-01 6.332321020631088704e-01 7.446796744350061559e-01 6.826980772527764252e-01 9.128960075991301437e-01 8.952624540470965897e-01 6.956611127467893230e-01 9.451430054689419213e-01 8.334307075673252907e-01 9.424356236287856348e-01 7.910963022612090834e-01 1.078880124595708700e+00 1.306371669742670161e+00 1.290593342106274966e+00 1.186286655792842648e+00 3.892914178518567803e-01
3.251666531700873053e-01 4.673623747958801644e-01 1.186508711728335497e+00 5.184634600388624559e-01 3.115334971444448930e-01 4.880153534326556741e-01 5.783768503438384556e-01 5.204223097622968641e-01 4.640272721598528438e-01 6.606670142812247626e-01 4.132532936308580540e-01 7.076358466475277664e-01 1.100897269269707657e+00 6.666612288440023626e-01 8.231721476957496453e-01 1.144065537679356481e+00 9.564483808012755883e-01 1.132317493611593173e+00 1.238238369648650750e+00 1.185820296507723803e+00 3.355796334518031387e-01 7.978108205180308721e-01 6.769948171367867751e-01 3.725539763125648718e-01 3.366602259934442509e-01 4.776307963735105799e-01 1.080386237012692874e+00 1.139836467873426518e+00 1.243352305393732093e+00 7.302015427295347472e-01 8.473210658501959536e-01 1.304666311809413948e+00 7.607311485501373483e-01 9.973101848676890757e-01 6.561575202199561030e-01 1.303404035787771864e+00 8.306551967589637098e-01
1.081907156986238627e+00 5.227379762186151746e-01 7.385132674094321281e-01 1.072706630390006133e+00 6.909768981168126212e-01 1.142492455357530412e+00 8.298976073749462223e-01 1.025192987647998599e+00 5.210722315165686735e-01 4.948222223138342701e-01 3.426822496712199628e-01 8.149512363106384827e-01 7.162589353643308288e-01 8.837787526704878882e-01 1.062491133985542735e+00 4.381382503339125156e-01 7.803423894313832321e-01 3.674600510980848833e-01 5.530476861966706625e-01 1.035350684318862236e+00 1.187597697761001880e+00 1.060739783668237513e+00 5.177368595330948953e-01 1.091273966602508860e+00 4.217379284609514833e-01 5.124379355854603579e-01 8.605460304892154078e-01 1.017315509552106034e+00 7.816976331783308529e-01 3.787876271947511753e-01 5.505983016005211450e-01 1.192141391203222600e+00 9.037199034801794983e-01 5.055487427767868525e-01 8.084030438844772570e-01 7.256441475944570563e-01 1.242995583251535363e+00
5.687490189289969855e-01 1.071471608785298013e+00 5.364487625272771343e-01 4.562074223173194776e-01 8.872373365592443051e-01 1.170781023889285510e+00 1.036609392788196082e+00 7.187811251793713163e-01 6.200557528088492809e-01 7.264662287869736446e-01 1.011028750842515533e+00 5.776010021856544663e-01 3.741140157374059916e-01 3.069486650257944871e-01 3.249289934391904611e-01 4.238292820246816195e-01 4.812715378797075005e-01 4.910877518401944863e-01 1.038600867579890785e+00 5.702798721248150127e-01 6.119751489227303054e-01 5.536380562505335279e-01 1.223849739211164911e+00 7.192474102337491626e-01 1.255045329388457365e+00 6.638409226358278348e-01 4.389899648833566759e-01 7.714727721570115992e-01 1.322056622007505844e+00 1.030680438136369670e+00 1.066006517754833682e+00 5.353448429577501999e-01 3.769421693060615031e-01 5.979533822982159297e-01 1.350857829787027509e+00 1.335880987453580193e+00 9.203597312659081986e-01
6.356980544782426801e-01 7.103053262705105730e-01 4.551682681142004694e-01 7.675228313653355006e-01 8.009924654113713682e-01 7.688660246708945989e-01 1.211138252639823776e+00 6.506916621899766495e-01 2.897759736681865261e-01 6.504153289080905065e-01 6.702270654115826121e-01 1.094361747975688859e+00 3.708567961214211950e-01 4.555177901166516663e-01 5.404260583096339721e-01 6.516878631557072588e-01 8.383629554656131244e-01 6.516472952835378196e-01 4.466105670737509081e-01 3.419752399337289694e-01 9.235426289700958691e-01 5.417635913232815570e-01 8.804049195771428415e-01 1.279211506496554351e+00 5.972047906249529081e-01 3.390452300406057162e-01 4.481280843936574221e-01 7.905968935776244155e-01 1.000930721471160467e+00 9.940472680296721375e-01 1.284408630093148318e+00 8.625770452635979080e-01 6.703169960979065145e-01 1.100726950341217147e+00 9.261003242758295562e-01 6.696053185916704953e-01 4.425258547098629980e-01
