LEM_wLE/output/LEM_woLE_example/input/large_rando_initial.asc
nrows	100
cellsize	150.0
xllcorner	0
ncols	100
yllcorner	0
NODATA_value	-9999
[rows 0 to 16 of 100, columns 37 to 73 of 100]
5.421431409570055537e-01 8.749239168921152388e-01 7.848089167099348007e-01 1.155388096522152130e+00 2.884018870172410098e-01 7.284802969905891379e-01 6.276487519840923124e-01 4.553197790263107114e-01 3.521190048554063701e-01 1.115225414807140769e+00 1.178471356886310328e+00 2.942558645329816924e-01 4.554793215080037427e-01 7.330271814699804711e-01 9.136763738636909382e-01 5.009521070237320517e-01 3.887692935331465427e-01 5.675871733313222478e-01 5.504738869329681705e-01 3.065267296897207783e-01 1.104208848069726523e+00 4.274273095033258585e-01 1.179458151656612719e+00 7.909934544308563353e-01 8.808255281636160339e-01 9.597538022542055902e-01 7.523281505345960074e-01 7.681335943283627010e-01 4.690556903228861874e-01 8.171259296374155934e-01 9.651465653893818164e-01 1.074689992161014684e+00 1.178988159614523523e+00 4.026097762462871876e-01 1.204292187489849564e+00 5.129933131768100729e-01 1.314744198857711321e+00
1.089559127039163577e+00 3.929172019324280729e-01 1.014788333950715327e+00 2.561635182206247752e-01 4.135067235491588500e-01 1.149541785449598841e+00 6.916842625204604467e-01 8.471813118535045373e-01 4.819393681637705873e-01 4.829608739498332803e-01 4.665206355965640928e-01 2.644691864351108590e-01 2.718706271653499318e-01 3.858939566686648281e-01 6.289575536398475109e-01 1.080108146356035359e+00 8.250798133154966241e-01 1.053804377479362175e+00 3.157292141144759645e-01 7.029423058663486490e-01 8.526414825919963469e-01 1.046878314397560406e+00 6.390029221900099810e-01 1.121889461275840993e+00 9.173597921084102325e-01 8.316201364948766495e-01 1.296278710483225627e+00 1.068975938403483594e+00 1.288653614673556769e+00 9.430185433325632971e-01 6.841105500507351778e-01 1.068170441074872912e+00 6.670911190453183703e-01 1.016240975390313883e+00 1.048823403508531760e+00 7.601538408513838219e-01 9.105122364869973062e-01
3.651876144594269347e-01 8.597957955106881878e-01 6.032470688913045276e-01 1.005047031614387354e+00 6.581464890626552711e-01 7.008114643272086441e-01 1.063932602893433499e+00 9.404467709897973426e-01 1.136748917714144103e+00 4.813082739706658342e-01 6.737428798925648721e-01 5.761474582611828543e-01 1.132014323803462341e+00 1.054480870211777610e+00 5.661374615751229022e-01 4.954454159969287064e-01 5.293076944918344573e-01 9.957046048098048274e-01 7.866448170712692090e-01 6.878009347714892918e-01 1.258308500421966070e+00 1.156326984167400873e+00 5.730404493351672901e-01 9.865661523428281843e-01 9.390867833263865094e-01 6.422679006616804909e-01 4.806428264701319564e-01 7.274978530020219658e-01 7.610843138278875486e-01 9.429743214721209021e-01 1.126456574075232808e+00 3.479965506804703068e-01 3.603698034014702900e-01 1.019171697097181362e+00 6.689596376324439264e-01 6.189149903397136443e-01 8.466614129335692240e-01
6.135680259766032041e-01 1.112237626682800462e+00 2.295184107901119819e-01 1.155232155311777031e+00 7.289763085723265368e-01 1.027641366206307305e+00 4.375019502099430357e-01 5.375460892632778487e-01 4.437075428376150432e-01 3.633556168826518884e-01 1.193069422298722371e+00 7.469271620374640097e-01 3.672427464740445346e-01 6.423843630831818086e-01 4.062476045874214847e-01 9.165497538978127912e-01 9.825624114829170086e-01 6.042434973140295984e-01 7.364404671559044990e-01 3.967730348610883362e-01 9.777019285453398822e-01 8.940454167666255225e-01 6.200709910555770588e-01 1.033678982731110807e+00 4.480172389739891514e-01 8.056077867596767028e-01 4.652594783520365707e-01 6.608681613698774715e-01 3.793845411605916151e-01 7.035569986197942605e-01 7.055468441421421932e-01 1.207101487075574742e+00 6.879927404888875886e-01 6.127064715538577122e-01 1.317913727520900302e+00 6.588291805051790240e-01 1.138187491444883515e+00
1.027224239805372363e+00 4.938687361629224837e-01 1.010078601456872116e+00 5.943368479307004071e-01 5.571060309543764966e-01 6.849247998442461460e-01 9.941366806183467020e-01 9.214201541028428366e-01 1.009206248336961043e+00 2.544078385079579507e-01 3.728544535737624566e-01 1.158554033840024200e+00 1.174819397223505923e+00 1.156377100062959462e+00 2.821978084091787409e-01 1.016870664952499004e+00 7.455041387966017119e-01 1.081734381056133731e+00 6.689053390538346466e-01 2.886900934568003563e-01 1.043509332298824477e+00 1.144297208387049514e+00 6.025898145694041919e-01 5.697563885935408301e-01 8.001663568308371444e-01 9.494296158256079199e-01 1.011668996642306917e+00 8.046213981109009428e-01 1.209967591555766830e+00 7.907157918138203456e-01 8.312035440322844693e-01 6.701762355958986728e-01 9.941898692436600404e-01 6.209953927084743697e-01 3.995500931592369520e-01 1.217536754891635375e+00 4.590680943088827903e-01
3.949332931441466021e-01 3.422014353588912483e-01 1.084343879579895198e+00 7.601697357176518954e-01 4.184753201590638572e-01 2.294661043807388612e-01 8.800185596270599930e-01 8.630250109362319622e-01 6.820257625864631912e-01 3.167920759221077298e-01 3.082903270822379138e-01 8.703962499453808954e-01 9.935382162961017283e-01 1.243202420554148313e+00 8.091997253927433187e-01 8.252342425508789603e-01 9.807896814540348895e-01 4.587911655966621094e-01 8.960581981756109426e-01 4.915439393767502829e-01 9.531428855164434388e-01 8.356053670964549429e-01 8.847781010114552647e-01 7.277428242234136313e-01 7.631866999375214178e-01 7.537392968914998770e-01 1.020042003705823763e+00 1.151115723166917126e+00 9.517033796506153553e-01 4.284687572141035461e-01 5.511897325026018368e-01 1.024871144048966620e+00 9.803836934497499600e-01 1.131674180538792207e+00 8.884899968465862496e-01 9.626353039448799498e-01 4.511377952042230910e-01
8.211318016202389103e-01 8.552124992497893707e-01 9.553434031520378067e-01 6.582977628457855612e-01 2.351957918030639361e-01 1.144546528981289502e+00 9.376870876667733334e-01 1.092879959991579053e+00 7.624648348773153117e-01 9.350937932504879146e-01 9.412380122055313825e-01 6.850167026351307031e-01 6.318579581499835784e-01 1.143226064096950045e+00 7.137322860399618607e-01 1.260394946947543726e+00 2.796560116077610458e-01 4.676880068349525965e-01 5.941595508964495620e-01 1.126080146158895845e+00 9.738477250102026694e-01 3.424389757169025161e-01 1.109731946973920858e+00 1.003459661408057091e+00 1.077488450096996342e+00 5.258877307686439240e-01 9.924435874997645790e-01 1.142195304810020406e+00 1.177609236296947914e+00 6.662345146176817945e-01 1.290378897070435738e+00 7.153791902430398641e-01 6.834955705533607428e-01 6.369557706227428895e-01 5.108378957749842852e-01 6.368042954382258092e-01 7.253622998988817905e-01
9.380886993173380706e-01 1.942584511060960473e-01 8.459794453626592325e-01 4.616890941240840984e-01 9.482174558822108468e-01 9.510949333660643212e-01 3.322916480158640273e-01 9.248241400773652421e-01 1.107186575689798724e+00 9.872078593701281157e-01 3.475606365503878248e-01 6.876059108071644888e-01 3.736673975858942898e-01 8.704397397364107558e-01 7.925107058198533894e-01 8.267969435887873031e-01 1.128262101167030851e+00 1.071750223757525600e+00 8.030834689645403035e-01 1.187158869410791517e+00 1.195626277057812104e+00 9.715945881298575504e-01 1.226966474702974041e+00 3.295830377767391961e-01 3.301493905577904675e-01 1.118334701578336254e+00 4.576838134026872118e-01 1.078961029643394687e+00 1.057636105594904841e+00 1.257658246177007166e+00 9.247125287124577930e-01 1.321004566102168098e+00 3.567177646345411901e-01 7.843970097713528489e-01 5.992845988505272059e-01 1.079077710409981794e+00 1.331640952508451159e+00
9.720317324697369532e-01 1.142270554126595394e+00 8.212413050997096065e-01 1.008175415460474733e+00 8.429132007289431572e-01 1.163004414549509757e+00 7.731183543104143130e-01 8.061892599949348481e-01 1.194158365574219394e+00 1.028185287322932462e+00 4.822616897627544086e-01 1.005891329372921028e+00 7.797027645853548128e-01 5.814311761846460147e-01 4.995766417313449725e-01 3.803584255993872620e-01 8.627465810579497685e-01 7.732064040900483715e-01 5.909490837471556013e-01 1.200200547896220327e+00 5.811442888043663046e-01 6.662784481261163627e-01 1.023031738582370842e+00 5.643084337711585796e-01 3.132566578674497171e-01 1.200282675440282887e+00 5.388109379473327021e-01 1.155494623149014632e+00 7.737822570558293700e-01 7.812764958982572061e-01 9.076144191304642561e-01 8.188206834455301619e-01 8.112852241459506120e-01 9.316271256103856313e-01 7.446749493874911252e-01 1.071877244270371232e+00 8.528717053231522627e-01
7.015794116768330202e-01 4.744475053895588212e-01 6.040402636429165195e-01 6.332228692389489932e-01 4.908811958088222793e-01 3.688985789552162720e-01 1.038820284904893310e+00 4.835312441156024432e-01 3.061191166541973319e-01 5.895829324398735860e-01 1.094243400467241667e+00 5.639510440868152896e-01 4.165498160341982725e-01 3.576677709894932611e-01 7.672255586024345764e-01 4.272073212316480628e-01 8.060951763242960588e-01 1.261138564522692906e+00 1.052055880664698240e+00 1.271221742783288366e+00 4.436353187507163232e-01 5.156723905489579707e-01 5.058556436687042801e-01 7.394810409916572347e-01 1.098324405621355471e+00 5.557511506999927020e-01 7.751541820665561744e-01 3.331148614794790519e-01 1.205561744388472301e+00 7.863288099412590881e-01 1.179681159163175508e+00 1.065661042176145212e+00 6.704888997553440921e-01 5.691488618748812289e-01 4.076175258050206418e-01 8.090239563434018510e-01 6.617908092817121890e-01
7.967509781070247765e-01 3.007647447111559957e-01 7.088458617736921319e-01 4.784723691341236096e-01 5.497861093875369143e-01 2.535367127429647427e-01 3.021591285183781728e-01 5.573509990523386470e-01 2.354368689118253311e-01 1.220421485829916275e+00 5.122996270672363073e-01 1.172126116466318813e+00 6.616283499413678770e-01 1.110220541630857705e+00 3.339206964634254815e-01 4.658529323127563737e-01 1.014501911186104000e+00 7.804449912046484972e-01 7.983862940595843893e-01 9.586697789442657491e-01 7.996328087603352675e-01 6.244891475101734812e-01 1.119614263838759616e+00 4.578420094369115012e-01 9.716099194801723904e-01 4.688601875584365031e-01 1.020127681635798478e+00 4.754077700100847736e-01 1.084513766719752415e+00 1.081290051821589993e+00 1.176457673192948805e+00 3.702946954040214900e-01 8.874720750077438325e-01 1.210055519455743855e+00 4.756114012893277732e-01 6.122897298282057310e-01 6.768499657621818155e-01
3.286114115815383929e-01 7.870705254384656735e-01 7.299082721602958568e-01 2.994730083240867424e-01 3.998102603762994089e-01 8.559712879885648107e-01 7.244193517951713623e-01 2.721780101637099047e-01 4.279476107193720402e-01 7.968285765240199492e-01 9.261630071924187302e-01 7.771887022788226407e-01 1.212260758576161113e+00 9.201383504082074616e-01 7.079822037874208274e-01 5.539625327207389205e-01 1.232830360531900871e+00 2.954127958047438884e-01 7.511970344491932794e-01 8.607078861694306138e-01 6.946064618924354672e-01 3.585468258742009473e-01 3.934166215444278580e-01 8.629484582705431173e-01 7.321397399943391227e-01 1.101795519877590834e+00 6.014793247189018643e-01 1.105660732927551848e+00 1.006360944602689766e+00 9.467427418819127638e-01 1.173582109995751965e+00 1.339506939835159560e+00 1.207598230668714523e+00 1.073406753528322044e+00 7.587828615308681579e-01 1.010382139977178850e+00 5.600325431266324205e-01
9.882825355738037443e-01 3.646778693450741793e-01 9.845570704464854384e-01 7.159851650582162996e-01 3.689425576706844012e-01 8.768902572895970193e-01 1.014201770423373894e+00 4.647238712289767371e-01 6.115384834153464455e-01 7.535187084379171285e-01 7.274675691373753139e-01 1.038861281238948386e+00 1.137732996951105857e+00 5.715620834501344838e-01 4.743754531010739850e-01 9.859396107745310722e-01 3.735626050967391643e-01 5.567903307649239020e-01 1.170668361210125408e+00 1.071766200534490343e+00 6.761533505857726389e-01 9.535315931792354149e-01 8.511252042046157928e-01 4.714840986218449825e-01 7.714627386176017287e-01 1.140394506331560809e+00 3.599779228735904835e-01 6.328388544156324791e-01 9.295239001084653063e-01 1.032471532939465586e+00 6.159189520194290335e-01 1.132242390556235101e+00 6.357778723605814752e-01 7.141227805347101221e-01 4.627277950410314533e-01 1.197133102743497712e+00 6.498229614673403098e-01
1.133155727032107096e+00 3.699204513591861643e-01 8.294333893768397470e-01 3.561157949513890086e-01 1.148415477103910121e+00 1.003480637372573536e+00 8.048417176133477735e-01 5.224374672368740091e-01 1.216298501213891603e+00 6.039570841005734714e-01 1.104005324927884057e+00 3.310044146895620987e-01 7.358870826774140950e-01 7.353787577240247231e-01 3.634234806486182912e-01 5.162140609193327512e-01 7.708319971041639462e-01 4.737791834908630095e-01 1.170701569505100181e+00 9.249349747957507084e-01 5.357386589820372080e-01 8.748779459202294939e-01 1.185430776479119430e+00 1.157366577400957386e+00 6.438226002207507737e-01 6.254260193166043535e-01 1.274878927735278333e+00 5.409285851483436325e-01 8.113606020565113930e-01 1.280017611180881199e+00 1.014824367755413403e+00 8.060114131322420050e-01 7.530405734042049382e-01 5.851384743160044088e-01 6.054723866250886211e-01 1.019113430434449352e+00 1.281766969577085025e+00
7.202674885353357315e-01 7.116691874887587366e-01 1.037625589274142168e+00 9.457767504721933394e-01 2.592056605151827897e-01 3.313351514622757676e-01 9.407535012534409269e-01 2.627824957881947920e-01 2.855354114470781690e-01 6.971795644696630045e-01 2.643244990491177004e-01 9.986674604369228936e-01 3.373695149802149462e-01 6.050270290752957081e-01 5.818210083207367989e-01 1.193292069524718002e+00 4.419504846675221255e-01 1.250848822452914400e+00 9.955284723619227671e-01 4.368078945593953377e-01 3.988860418622735549e-01 6.586929820460584173e-01 3.312775860536781303e-01 6.698246149028490581e-01 4.995838084498380738e-01 1.088727519308103187e+00 8.741447644505124792e-01 9.954468893486734249e-01 4.613808024038084099e-01 3.334411680761132923e-01 1.327738419081727406e+00 4.791576066347266183e-01 1.056915534321335226e+00 1.217168590490351532e+00 1.350599110800144054e+00 1.151321945730281682e+00 4.942130548323047656e-01
8.015457643876642280e-01 2.672053062422570235e-01 4.258900301851375469e-01 2.374164231698004113e-01 7.256204428608288293e-01 1.071125991992588178e+00 1.203850354652427956e+00 1.005133647148791942e+00 4.582444625858547171e-01 1.077678491244171033e+00 2.839080784042397054e-01 1.169870056868440589e+00 4.826943643284342667e-01 7.719105947743207796e-01 2.995265533934960978e-01 4.871178688685073865e-01 5.970138310508730228e-01 4.379700406359338105e-01 1.218091877762461639e+00 4.931539284910443910e-01 6.102890148614277255e-01 1.061271731148214492e+00 5.722570362222976215e-01 8.158444036263508004e-01 3.824195497830031876e-01 8.712540853354995285e-01 5.201697686472501747e-01 1.060275859714844504e+00 6.213487117523577297e-01 3.805922976661437196e-01 1.080669042630878041e+00 1.041954489150835883e+00 6.609182023836414066e-01 8.772766053805980402e-01 5.898139452636480540e-01 7.783444629647484625e-01 1.178950262936833360e+00
3.985995661116112920e-01 4.837308610374573270e-01 9.129171089943317607e-01 3.098916510580677075e-01 5.901003458124299828e-01 8.109250284498338290e-01 1.005509689878810065e+00 2.943607492507360757e-01 6.315539862889275602e-01 7.858435764045585969e-01 5.204020170447819504e-01 9.541626933308563485e-01 2.914257404155696785e-01 9.173192014228805924e-01 8.819299459920023621e-01 1.067968784673874350e+00 7.495543288877828392e-01 7.547533371360115595e-01 8.342759136455566438e-01 1.189719389739631206e+00 5.234508905985870708e-01 6.478569535851936845e-01 7.878759668388972681e-01 7.223161705854235226e-01 1.187558912026269509e+00 6.429678176762049224e-01 6.588040389043643419e-01 3.765612489212553649e-01 9.965548110169721863e-01 5.155224128070123868e-01 1.155143023595358587e+00 4.895441040851447045e-01 1.169403028856162319e+00 7.414538664229151088e-01 4.319779749960838133e-01 5.644109024890550108e-01 5.147500587166491393e-01
