LEM_wLE/output/LEM_woLE_example/input/large_rando_initial.asc
nrows	100
cellsize	150.0
xllcorner	0
ncols	100
yllcorner	0
NODATA_value	-9999
[rows 17 to 33 of 100, columns 37 to 73 of 100]
5.910222201720589652e-01 6.264857123212993484e-01 4.861450273750715367e-01 8.866047976419999532e-01 4.100107298133743861e-01 1.086819920427857245e+00 5.212885127420234799e-01 1.134946936001966833e+00 1.017442423486836889e+00 1.046125755125495882e+00 3.783554801753978847e-01 1.032631233259282411e+00 7.589933616713452347e-01 5.038726009279412832e-01 5.898803328484475417e-01 1.034110521613856193e+00 7.162031442973382234e-01 4.663531007240641069e-01 1.009149220771123900e+00 1.006397411853371393e+00 1.069285448275021810e+00 9.168876987800210765e-01 1.014608212692313938e+00 1.067901205027434353e+00 1.244964749532806003e+00 9.523499350476501979e-01 3.369288991569079905e-01 6.405216671411169127e-01 1.001711949569103588e+00 4.529268631022145830e-01 5.791408580353891722e-01 4.162693138746088595e-01 1.017642498234294202e+00 8.473720101269182070e-01 1.354205352577436905e+00 1.153116402580770750e+00 1.024113918123185751e+00
2.401638365932849128e-01 7.317622523270325141e-01 4.351978527628755367e-01 9.584462455388650381e-01 6.146146235629245114e-01 9.024965461419154344e-01 5.131649878978945534e-01 8.611477766331735451e-01 8.098440098594796854e-01 1.226804069267612318e+00 6.673313064879153877e-01 4.513553869463159396e-01 5.351444830352065640e-01 8.669685589226514555e-01 3.934878299709186900e-01 3.395333482607825193e-01 8.214109856099418572e-01 1.001053212825372185e+00 3.688138142926590257e-01 9.931324125191234309e-01 1.014170680307414862e+00 6.846249106661588257e-01 8.591306640326719091e-01 1.126874491908771869e+00 3.889532308489263013e-01 1.036146197064925278e+00 9.493106981344554551e-01 1.190333256476288293e+00 9.102319396943258090e-01 4.622961668754049236e-01 8.707511635285531959e-01 8.648968203220568363e-01 1.165321271454289542e+00 5.910129883254529037e-01 5.517506779468858147e-01 9.405209152060250988e-01 4.356648601271760346e-01
4.910942800837057032e-01 1.048719793903742703e+00 5.195908592635389844e-01 1.101391428365392944e+00 5.201239238718274871e-01 1.098080604584463549e+00 4.834994936858943437e-01 9.807582471951473702e-01 4.732931843948139372e-01 6.242204670215913964e-01 1.166735211644238657e+00 3.435803146633950034e-01 3.352286287259238495e-01 1.077096773989570710e+00 1.210315824025167686e+00 6.664112943297003655e-01 1.024105020297063406e+00 1.061817210123391586e+00 3.038398138025264483e-01 1.272842790938720547e+00 1.110889291693314629e+00 7.715959836708413677e-01 1.272713990426670438e+00 8.583870224313379094e-01 7.063643506317766052e-01 1.102064503038326482e+00 4.312006647673076176e-01 9.791971409157749218e-01 1.030600657999335645e+00 1.066798945478768967e+00 1.073271453015187449e+00 6.983746453471209037e-01 1.120321616323713743e+00 5.622367493364901492e-01 4.114750213174351856e-01 7.170569852326782456e-01 4.390287355754992071e-01
2.131986888990367313e-01 2.020173772733823980e-01 1.047737504568907241e+00 6.106689066057267024e-01 9.294343421532664795e-01 3.909098595613827998e-01 2.981701880528784820e-01 2.269365514936514394e-01 3.093776152610554497e-01 2.762994802264811534e-01 1.013933854486203101e+00 5.743356453364403258e-01 1.185480872990021251e+00 1.077474012194182373e+00 4.769719111746156814e-01 9.863237129179668328e-01 8.193126562094519283e-01 2.975177317747604855e-01 7.807042450833796554e-01 3.565530825054529784e-01 1.020226786341172920e+00 6.697479960452428216e-01 6.140888825779780014e-01 4.319537139752553379e-01 1.269473994167379605e+00 1.271899462910717649e+00 1.119908813927080526e+00 7.840621236851987863e-01 3.750225193528251566e-01 1.071311226183701226e+00 7.019170486497263717e-01 1.169345868669395827e+00 1.037977636005132709e+00 1.326313804392367679e+00 8.292895094832798408e-01 4.105052014134110694e-01 4.184269542711810952e-01
9.775823694452049351e-01 8.839573853940670967e-01 8.658007507303826511e-01 1.138130193038996429e+00 9.164538436803902899e-01 1.097778118119351776e+00 9.200415186905721576e-01 1.120468754129464006e+00 9.287251104573809313e-01 4.422183313171433316e-01 4.844996027085433088e-01 2.628981829766425804e-01 1.127208177755193441e+00 6.127883304727188563e-01 1.084044605000019423e+00 2.733098152067433562e-01 9.770779048154414337e-01 5.775292603129449365e-01 1.122856755632032133e+00 6.468464258736372763e-01 9.594061393901351931e-01 6.848169690989183156e-01 1.236452869591646131e+00 1.245179500420008800e+00 5.171134302061664023e-01 4.239227695549624420e-01 1.165238316246878236e+00 9.159631052298351506e-01 4.725326539010007432e-01 1.030755791349851069e+00 7.646861331136636242e-01 4.081794704959252895e-01 4.680883772429670353e-01 4.327397742446190132e-01 6.569715038639762916e-01 6.024546905400538499e-01 9.112487301656895244e-01
5.896138850482359750e-01 2.173833461888592111e-01 5.333801147927299535e-01 6.566966806982529326e-01 6.523373585752221260e-01 8.934529838820214342e-01 5.820024734376136877e-01 5.124752724695729178e-01 4.942680969146093783e-01 1.153308530417850752e+00 8.882072867657643256e-01 7.264881123647801697e-01 9.587581547945410732e-01 4.179855708574791717e-01 1.009628240528729126e+00 8.062236887592694190e-01 8.316965047125666199e-01 1.202006142782003018e+00 9.732769674822489003e-01 9.297279825555422317e-01 8.190277816491973173e-01 1.010515817868430588e+00 7.145516302955010612e-01 1.038946143262390098e+00 1.225488675823848794e+00 3.517804824005306141e-01 1.282055537563805414e+00 9.295973939482222725e-01 6.956660949723862952e-01 8.280457732927983816e-01 7.380360783832304872e-01 6.918439804645543090e-01 6.282038781607198752e-01 6.688796788503093005e-01 1.051653055282100180e+00 7.481098624141109266e-01 4.720611444314270488e-01
6.022258766688207698e-01 1.110398501634657586e+00 8.768943389138565969e-01 7.715065928296539477e-01 3.268392726860314124e-01 1.045437129588902891e+00 4.351116100690325950e-01 6.447713413114429803e-01 7.966332897270689273e-01 1.086559817177989551e+00 3.999165496056317215e-01 1.214429423383251105e+00 7.108105618487507993e-01 7.874953857279796132e-01 1.204499496348851117e+00 8.775102028185908232e-01 9.902453868763783085e-01 4.916941912767585077e-01 8.445643824653999987e-01 7.861051486153223244e-01 7.182960304286096775e-01 8.086504398564200446e-01 5.389804619906719552e-01 7.650795895743043307e-01 8.665069078595650787e-01 1.039388882571165018e+00 8.500928216049283836e-01 6.626067679515870168e-01 8.633582560765240554e-01 9.091688160366235838e-01 5.759566869319205917e-01 1.299440053114799820e+00 4.124162311172882012e-01 1.198266187464586796e+00 9.529954348049206603e-01 9.047408192153865159e-01 6.459146704203904132e-01
4.846790465932772074e-01 3.704317590139210026e-01 9.165643181779541404e-01 8.892373197173347732e-01 1.119375214494410242e+00 5.663484365642378338e-01 7.119487310664851520e-01 7.325995437090843110e-01 2.799448119287172299e-01 3.694825582798333952e-01 2.934433529012031583e-01 8.042609628301650160e-01 1.068602727003167718e+00 3.737571545768480497e-01 3.773126524558731987e-01 3.152713564711013827e-01 7.325239504342697661e-01 6.967271682557869550e-01 7.108694540012813201e-01 1.006965176324237321e+00 9.158964297107987651e-01 1.034979422177322750e+00 5.607270956364749370e-01 5.169924083864487763e-01 4.690860449019479406e-01 7.493595038950436882e-01 9.021376231553077663e-01 9.619658734296296920e-01 4.633575710546424808e-01 9.354876355534544885e-01 6.206345460435636063e-01 5.720177902112080215e-01 1.195566311025757056e+00 1.201017968608754316e+00 7.391810128763913745e-01 1.100454124596045080e+00 4.136586336848108725e-01
9.811035913142489573e-01 4.596388194860253629e-01 3.137714655665067576e-01 6.638608474464878784e-01 3.499202966360932532e-01 8.510787341320661392e-01 5.324948988262854233e-01 9.155238838547142821e-01 1.083164050664296774e+00 7.987575300499698550e-01 9.219522155197374946e-01 4.218695945508427192e-01 4.260323189792275533e-01 1.165961498039685962e+00 1.072905803017655035e+00 7.833597971902361845e-01 2.785050133993154931e-01 8.918740627645561636e-01 4.737849417824849807e-01 8.525253712553857444e-01 3.816504479319246523e-01 1.122609154522284491e+00 1.285996780170659548e+00 1.199252076353407803e+00 6.641727159562331728e-01 8.428758145304591221e-01 1.024536632369826616e+00 6.317767293937870399e-01 1.176850130093289870e+00 5.570866142980437363e-01 7.132071918910958264e-01 4.298669028724696473e-01 1.341159059378601359e+00 1.310431656257239341e+00 1.343545616673871734e+00 1.111191992338085743e+00 1.082992467980390394e+00
6.891777661654080456e-01 1.078583368370520157e+00 1.129005248179939747e+00 5.557077396940700575e-01 1.126018876243926270e+00 4.526023291406856552e-01 6.738165348901703489e-01 7.883143773835120660e-01 7.442019047555392675e-01 2.563051170852375660e-01 6.439848219811247221e-01 5.440035273689063366e-01 8.774762872502683830e-01 5.094682849466349861e-01 3.347016717041824130e-01 5.898172768653963116e-01 1.191132529400843021e+00 1.125615336431726732e+00 9.054112766545979740e-01 6.306802043979149452e-01 6.931410848683430270e-01 4.500313701237002029e-01 4.446295759161915107e-01 1.002961373511952248e+00 1.204080643506274306e+00 1.162862224697422509e+00 5.027789865034346661e-01 9.734065198234880256e-01 9.889816295938953505e-01 6.747747821367657828e-01 5.341194998248037784e-01 1.080452023531828232e+00 7.558782707348581376e-01 1.136473974545115562e+00 1.017034207947373758e+00 3.693114524656762043e-01 4.574502105867081503e-01
9.540649873605647757e-01 1.130345442451216265e+00 4.174437983651715922e-01 1.005320233370870620e+00 2.092299478462361639e-01 5.774401372922203235e-01 1.065720583815790379e+00 7.510260032525077900e-01 9.587608627985887422e-01 9.495543846780998276e-01 4.335131689049435133e-01 7.134340619858056121e-01 4.911865472763874418e-01 6.888893161285345457e-01 4.662500715257633654e-01 1.054895314066417678e+00 5.007475586772645038e-01 4.561498601658156016e-01 1.244798040080176360e+00 6.788719165807313161e-01 1.221149909217044804e+00 7.302179524197363047e-01 8.108404044496395624e-01 3.907990862252071484e-01 1.246999314913705525e+00 5.771325249626010345e-01 1.255049847221369808e+00 3.445536895388045528e-01 9.179548027435298074e-01 3.491833831134322774e-01 1.219438107271579419e+00 9.315298664833082665e-01 1.153028380700572342e+00 1.105070625241671101e+00 3.996650097286843506e-01 6.272014682238308270e-01 1.140209970946545415e+00
6.885023104179258668e-01 1.119935992300042260e+00 3.864909009013002827e-01 3.228932465487363013e-01 7.320259303107291560e-01 2.494896079630220809e-01 5.252686456417154925e-01 4.911277929079390647e-01 7.674522583381757634e-01 6.439421098705466751e-01 1.137313004359546520e+00 7.421805273299554306e-01 1.026863705691323680e+00 7.426156146153344295e-01 1.131596339628722969e+00 1.056279262271583974e+00 9.267819366789662450e-01 2.839601613903451893e-01 1.004482033785883743e+00 7.066586625119173348e-01 1.190059817657207031e+00 6.910301873576427667e-01 4.494647588060988741e-01 5.023040473423392438e-01 8.913486875870473281e-01 6.593649160993774183e-01 5.068230111774350011e-01 1.195629174095172331e+00 7.412880596576041370e-01 6.383408144308813092e-01 3.911959295822520777e-01 9.936041290716444152e-01 1.176051601872631469e+00 1.339982424614521994e+00 1.296845375977976111e+00 9.373977986480799274e-01 7.742813669750636674e-01
1.024718832494453835e+00 6.035698677529174327e-01 3.429528103001045491e-01 3.103047040746877983e-01 9.996743768174061184e-01 6.235753222484482494e-01 2.485274437828352556e-01 5.740922052978106871e-01 7.461533604791048546e-01 1.180414317742124020e+00 7.287342131675109691e-01 6.819252847801887674e-01 1.234325519442378782e+00 1.028718510522464546e+00 3.591495695991484549e-01 1.130556993830315271e+00 7.171617163669985473e-01 4.799735544218736161e-01 6.741840051801410993e-01 1.066108315345262403e+00 5.486662362972685170e-01 7.878610629528545184e-01 4.164491362520962858e-01 4.943861159343260758e-01 3.769420328109245322e-01 5.705524085463391515e-01 5.321424397175620324e-01 9.265900279702068421e-01 6.450833692614705850e-01 6.322950969526059950e-01 1.090379965049653732e+00 6.876022130740283567e-01 1.043563141142172412e+00 1.324329456181332354e+00 4.004261995672806496e-01 5.895828399132901909e-01 4.245146363170348436e-01
6.287544358983986337e-01 2.631727721939549625e-01 5.465262590741915005e-01 4.907864052069914607e-01 1.133160621111552135e+00 8.814652297875897879e-01 1.042494292652455856e+00 5.148158939586517935e-01 6.093246415260035187e-01 8.005991285863616191e-01 5.447415270959696798e-01 9.021621582634438141e-01 1.074636375602925131e+00 8.836587583088173492e-01 9.733509034393807990e-01 6.702602311086722775e-01 7.970469133070490209e-01 5.406348360433861355e-01 7.648440683656719807e-01 5.492936341962171287e-01 1.050053550143872361e+00 3.320101415284677504e-01 1.189469789170009673e+00 7.542210981469745779e-01 1.185434062584764803e+00 7.299746759728173995e-01 1.048613561305541397e+00 9.573400412804713433e-01 1.099834546789792089e+00 3.527467173143768453e-01 8.977936370539931765e-01 7.312964237147236979e-01 9.492560917271115617e-01 1.295082218703584198e+00 1.047404506573951233e+00 1.092159473171093076e+00 6.801924108888819376e-01
4.049004507931019958e-01 3.778566044003150992e-01 1.182040407662232395e+00 4.428184647135384733e-01 1.004108025996345077e+00 4.674376052553890215e-01 7.053281198258862794e-01 9.823931153139101591e-01 9.504961402546341365e-01 1.182251894830168126e+00 6.547471596021878781e-01 1.176577439159914196e+00 1.178360866011050723e+00 1.067581863722970148e+00 1.095995512674421413e+00 2.665513816778778411e-01 7.373847526680674669e-01 6.543545761441228459e-01 6.135836354238025647e-01 5.749856944756515098e-01 5.895425113404515471e-01 9.997151819185886579e-01 3.738725917332204607e-01 1.017009161496687408e+00 1.104745814065110965e+00 4.836792056746380686e-01 6.357258872496356350e-01 1.127800979626248923e+00 7.679383953341850644e-01 1.281340238199070170e+00 5.956293930275540216e-01 8.363293564244345113e-01 6.569286497399544622e-01 1.307296299533737605e+00 9.409081218287430604e-01 7.996346396903232234e-01 5.477422840357568656e-01
9.840923985386632600e-01 7.223288799734697285e-01 4.683998076147210532e-01 2.080677262018438001e-01 7.399520229588892883e-01 5.325658176891422402e-01 6.950407497431687620e-01 7.878486735867715751e-01 1.043577567014025043e+00 7.378602720957037064e-01 6.569201153121271286e-01 7.707301182573379483e-01 1.150225130979862787e+00 5.640875546603110191e-01 1.092235106490305530e+00 9.251920287620265526e-01 1.056506223537339251e+00 1.123660890975070714e+00 1.217806239254638712e+00 8.895317065065551088e-01 6.216308928119378407e-01 1.209875132667328046e+00 7.154959343421753992e-01 7.076885294976440477e-01 6.250079073176780797e-01 4.198903788919267077e-01 1.118950975044454177e+00 1.288119020869080256e+00 6.085668641464048179e-01 6.682354824517773295e-01 3.991078229223724017e-01 8.793989701029086836e-01 1.313830117096793426e+00 1.341400723827855579e+00 5.783157100903161263e-01 1.020423524540795768e+00 1.160783617282441504e+00
8.551750017388601854e-01 1.001217649605455451e+00 2.179625012076100155e-01 5.015971472602503978e-01 4.892750139255718222e-01 8.770992430872471823e-01 7.101662803704131832e-01 1.066113503486596503e+00 3.544817116449990868e-01 3.277893025135079630e-01 3.759425327903220815e-01 1.098022180352665300e+00 3.161167144870166146e-01 4.987246163205732441e-01 8.802741882722707745e-01 9.096087309159682777e-01 1.009381007929166518e+00 1.220700766705459239e+00 1.128159251112819783e+00 7.740574813368332752e-01 9.780298338293307303e-01 1.141265958253496748e+00 8.382556007974291123e-01 9.719520007355173519e-01 1.046107973326698248e+00 1.099146933242503454e+00 9.648914967462938197e-01 4.109188477301852216e-01 1.082408315741242966e+00 7.912870209205260519e-01 1.143108239403334725e+00 1.253983834812304243e+00 4.561843080089764690e-01 1.344752549621165860e+00 1.226243081612847785e+00 9.195691929566901512e-01 1.315294596844806652e+00
