LEM_wLE/output/LEM_woLE_example/input/large_rando_initial.asc
nrows	100
cellsize	150.0
xllcorner	0
ncols	100
yllcorner	0
NODATA_value	-9999
[rows 51 to 67 of 100, columns 37 to 73 of 100]
2.114944968509418211e-01 1.138924600436430179e+00 1.140460594977529940e+00 7.371540066280612979e-01 2.959199080441649032e-01 8.945129481737751354e-01 6.702487450014402715e-01 1.157355778350609210e+00 7.915971918777267025e-01 4.209296019754513174e-01 8.313943947088661135e-01 8.211302783873293265e-01 5.093984938013234043e-01 6.143556094967892456e-01 2.698614169399181639e-01 6.797500986719726690e-01 1.248917083019716712e+00 1.042556644287182310e+00 7.785339528605320636e-01 7.849875128418526415e-01 1.247940020264446837e+00 1.254496561448381620e+00 4.093394764237843764e-01 8.538670416941216423e-01 1.227185570837290296e+00 1.114644528325440032e+00 1.202988414424666974e+00 1.062026806186859407e+00 4.960224281577010341e-01 4.081258946753756889e-01 9.984716647838385306e-01 5.921591580012074418e-01 7.853120943233493634e-01 9.923551139312649649e-01 1.254568150718665231e+00 1.250375827350105329e+00 1.037539445461425514e+00
9.005505691878699093e-01 6.202372768641619682e-01 7.712205739856157205e-01 4.730532666732164548e-01 3.605378241350113422e-01 4.397875571323414112e-01 5.880710588608983880e-01 1.161623919197270816e+00 8.507378776276477428e-01 7.031906733187034408e-01 5.394517966000288434e-01 1.037910591858103970e+00 8.779340659297503180e-01 3.688300758211284225e-01 7.260108190545050411e-01 1.226168842124798708e+00 3.036448844557980142e-01 5.226498407067545759e-01 6.224314473742957876e-01 1.093454096185635604e+00 5.052840379296816842e-01 3.039830562923148127e-01 3.546733899927916878e-01 9.813805215363784473e-01 7.735605070502497016e-01 4.520079629295047363e-01 1.127039620418836208e+00 5.095539683940799591e-01 1.054524594203076759e+00 3.960217858340905894e-01 4.941648414057915883e-01 5.837594008202632301e-01 8.042178448631651655e-01 7.904399912261719230e-01 4.150322776052741691e-01 6.326021349291955920e-01 1.196171426804119031e+00
2.209048128554268742e-01 6.831052219705622264e-01 9.084972987285386825e-01 5.738840806877456568e-01 2.189655639232354067e-01 7.722107296445431812e-01 6.510029585963488241e-01 1.059200900482620611e+00 4.282934383800689471e-01 7.652027785462933718e-01 1.227233581212216373e+00 1.119603561613916831e+00 7.169151802946731600e-01 7.891783016427651454e-01 4.645616384499929863e-01 8.643234157005427187e-01 6.523873716626065189e-01 1.187724855470839724e+00 4.169854942882863513e-01 7.629361388581217263e-01 3.181055116512088721e-01 1.060066338018279986e+00 1.039716073392484841e+00 5.700129272048661822e-01 1.178323136726414422e+00 9.992549831176430475e-01 8.972418861286501901e-01 7.673744216094853243e-01 7.157868853772783035e-01 1.042314411136470387e+00 5.113890325623025035e-01 8.189400007239096002e-01 5.760815824534838425e-01 5.016584913799102541e-01 8.859008870184676976e-01 1.247077604731752221e+00 1.137846449821842798e+00
6.643263505353362852e-01 5.379135099048598656e-01 4.855272300319765644e-01 3.056777581564024127e-01 6.976592128092333756e-01 5.134939104665852128e-01 3.934506775790460043e-01 1.178147523812021813e+00 1.123266231306588203e+00 6.180663588596582159e-01 8.976082157357004876e-01 2.641849953183079691e-01 9.066345356154562607e-01 7.272384299150045361e-01 7.088518051153179789e-01 6.404241597204758385e-01 3.501128875492470205e-01 5.814877836878313833e-01 6.401780541228748733e-01 8.791806490440738919e-01 4.339002776860167443e-01 5.304854460060343113e-01 6.175069011509930483e-01 7.727888457001053091e-01 4.479839682842230442e-01 1.030086939204721830e+00 4.937347496122848622e-01 9.461799904809367057e-01 6.410959619778588969e-01 9.050868390658053375e-01 8.431823224465448963e-01 7.536802873149999193e-01 4.655401570523423072e-01 7.777428099591467969e-01 7.928573820281813456e-01 4.673855312538329754e-01 1.102010793487887330e+00
1.874476443288878580e-01 8.086489895942349238e-01 4.326251242854684542e-01 2.105178893125251582e-01 8.984869214352408928e-01 8.778272411043671619e-01 5.132976274307627929e-01 1.215541448643989941e+00 8.606806390664758499e-01 4.071974456445070500e-01 7.740680542900661987e-01 9.196381697849821402e-01 4.318849480155182441e-01 6.628761528152908866e-01 5.995645955316998288e-01 3.802632331402060473e-01 5.974643423875947157e-01 1.151209345101781301e+00 4.665267894850468888e-01 1.094232009049697529e+00 6.584285021654254777e-01 6.765720184851662378e-01 4.126447233687102201e-01 1.091952449111276646e+00 8.873727280815705276e-01 7.695647197295691910e-01 3.439936465842753921e-01 5.104976006277353040e-01 1.106830644949652775e+00 3.734184603091871835e-01 1.022603121259554104e+00 5.074283338949079347e-01 6.526460762578073505e-01 7.824141553194945420e-01 1.151764434735184972e+00 6.256591677943424967e-01 8.123642354379820851e-01
9.703492291489017596e-01 1.154871684276191912e+00 4.984602317799923799e-01 9.797161162834727710e-01 8.635393053063872282e-01 1.158682597032602013e+00 1.073215028737240839e+00 8.344705086788442028e-01 2.927386027539443658e-01 2.356985621478706050e-01 9.750594973037062241e-01 5.306272686491356749e-01 1.187096955586275593e+00 7.334363594431578814e-01 8.450891020528960018e-01 9.126741202798253072e-01 7.882273110032447239e-01 1.084518293823567792e+00 1.269382520471767251e+00 6.120573871169512348e-01 7.442820297294636678e-01 8.986127330979893912e-01 3.946344375092193935e-01 8.593983388358661379e-01 1.068689656343039029e+00 1.303259933604927978e+00 9.975807029129293291e-01 1.258699502250766544e+00 3.705164079494276397e-01 1.183137961034101737e+00 8.309320800122450557e-01 1.288103803565564309e+00 5.350688735602817658e-01 4.945371767994908851e-01 9.326965942053336844e-01 7.133885429439238424e-01 9.164930431071929284e-01
1.112223709852641296e+00 1.132536559608510185e+00 7.283382996286100752e-01 9.506241088356983671e-01 9.237147786808825867e-01 7.079885056995667281e-01 1.105395679830412758e+00 4.570957467111141925e-01 1.044247889914758476e+00 2.531433378943289125e-01 8.839858759431504787e-01 3.725145922263027876e-01 9.259476495548391028e-01 6.336578037037536859e-01 1.022522254807345599e+00 3.447049262435287753e-01 3.764956954874954520e-01 3.182214038369929332e-01 4.790198965164739198e-01 6.244800141112973879e-01 1.055262797940867525e+00 1.059377725293839667e+00 7.996428348899020655e-01 3.834424164133582447e-01 5.009124220734217925e-01 1.291649653632171324e+00 1.261430460817898336e+00 7.207323867134189932e-01 8.509474542376158634e-01 1.032975229920543914e+00 1.081130874948148746e+00 3.478772596083370416e-01 1.249502840289434591e+00 1.054569054506294234e+00 1.293205457624439170e+00 4.320487773169768841e-01 9.504902264108621157e-01
6.336495682151768172e-01 6.806879350364299919e-01 7.694204290918931211e-01 1.151768634677619696e+00 5.284011269002649724e-01 7.772858825240767100e-01 9.033030260394807609e-01 3.204610049369348568e-01 1.130659373642770804e+00 2.979117529851666446e-01 6.010238803882398395e-01 1.200972142235768647e+00 3.881854258579828798e-01 8.346522490610530642e-01 6.934124803700206785e-01 9.128460812751809650e-01 1.116351314129435890e+00 9.107242570458600195e-01 7.445599267757376793e-01 9.690257442433050095e-01 9.777510997862270958e-01 6.649486760148596298e-01 9.379065757410554038e-01 1.171900472387824355e+00 6.685201290420624831e-01 7.087442091617279782e-01 1.313598050742652568e+00 1.288412724631945006e+00 1.128309600039968830e+00 7.335585524681553782e-01 1.280480463960973037e+00 4.067080173245622987e-01 4.751153312721738686e-01 1.061021602903273742e+00 9.525864350123695035e-01 1.259609609278070863e+00 4.964431585235517530e-01
9.523762347489893587e-01 7.590887020998234869e-01 1.123625749080530589e+00 1.092724715491362408e+00 3.494623719803811035e-01 3.667820208370056179e-01 2.412754793108900508e-01 6.896097333693663733e-01 8.419980019878137156e-01 4.376672862587330237e-01 7.301611863387066359e-01 6.845081057600399532e-01 5.608986424478528132e-01 3.870638051427805482e-01 8.380518265607036499e-01 6.959996762066005260e-01 7.604110448808683032e-01 9.473363048371401529e-01 1.073574532274853777e+00 1.192669902415442351e+00 4.725061172767475726e-01 9.211662055716297592e-01 1.164177343614193116e+00 5.640434050255627163e-01 1.273926212342589404e+00 8.040261959500364375e-01 7.303362135242195130e-01 5.427013550657688867e-01 5.202823582757476473e-01 6.038450320289547868e-01 4.861148394731851785e-01 1.098935136338476060e+00 1.282951689436751419e+00 6.053072426644745541e-01 7.809265771384735766e-01 1.273861463115333326e+00 1.060853762291517510e+00
5.121852119472886100e-01 1.072385970851371217e+00 3.355859263730550102e-01 4.554402356365053750e-01 8.788214243510308332e-01 6.961855863007802014e-01 5.914938349856464495e-01 5.879949416269621976e-01 8.002945274938815245e-01 1.111334625830002309e+00 4.384652579517434035e-01 9.578999871594132687e-01 3.732930451826964591e-01 1.215021161603034860e+00 6.369022489516791286e-01 4.138417919223578156e-01 6.711893972595679436e-01 7.499981836742013463e-01 5.369205049109905259e-01 3.131924823874195352e-01 4.555066531315796197e-01 5.242359858833944841e-01 3.474498704937505900e-01 9.831937563768977650e-01 6.035282653942546371e-01 5.259707275899487833e-01 1.169962529590973910e+00 1.051328445265980349e+00 4.831797537203293968e-01 9.468224773329583233e-01 1.049748849593552746e+00 1.309165626416207928e+00 7.034922540125037038e-01 1.099518736513779960e+00 1.268911488263564591e+00 6.809890798350715091e-01 1.152099702424900673e+00
9.006480831775675044e-01 9.636260150384717837e-01 2.558184666906335170e-01 5.906989049155518812e-01 8.101031403116862872e-01 3.685524034146600014e-01 3.874831938164318701e-01 6.300523733157035178e-01 5.249440165077704501e-01 7.705142691584523362e-01 9.308493729453598542e-01 3.232675535011571011e-01 3.360484271571777537e-01 4.418965084807046639e-01 1.191149094317211832e+00 3.560871874815026983e-01 7.504158079404912307e-01 1.135016511567436437e+00 3.895450447239051650e-01 9.453214259118716267e-01 3.011748779083527894e-01 1.166472544235564346e+00 1.146045443701568578e+00 6.955503829101330471e-01 1.304729913218452886e+00 1.112198794102768229e+00 9.340885303834955966e-01 6.347455857805670565e-01 1.007438179855355109e+00 9.646993844091913406e-01 7.106771284737631866e-01 7.578108327619100804e-01 1.306569850226464879e+00 6.284847722320123786e-01 8.087089750561990975e-01 5.045659735206370344e-01 1.232917399976587225e+00
9.972442360721672783e-01 4.591663956900428056e-01 2.122450991743913273e-01 1.053023823577861506e+00 1.179860754700416958e+00 5.610133036468738510e-01 9.689145069101374741e-01 1.019244336797130446e+00 1.185726500387516369e+00 8.735453493157347982e-01 7.299871605203606117e-01 7.205303214981110260e-01 9.262877576922633471e-01 9.533069862398939609e-01 1.054587651454476749e+00 4.145004002739327564e-01 9.835322105139197024e-01 7.730205545125573563e-01 3.731153531742912310e-01 7.665116822529838281e-01 1.247781867948480450e+00 8.890823546144472900e-01 9.204348590955144793e-01 1.238635802259362650e+00 5.562950357081100083e-01 1.020114320764113014e+00 1.003340510746613568e+00 6.216891232685761715e-01 4.227545589885625121e-01 1.146687938101326854e+00 1.059461042203251768e+00 8.345679138950287124e-01 1.277357309994250345e+00 1.206144929331468774e+00 1.097883538793836156e+00 1.146318694343052558e+00 1.359058703565203086e+00
9.534798924653968832e-01 5.096186205120489809e-01 1.120519325313759085e+00 4.344920654799420134e-01 1.038739682279839815e+00 1.105815376954438545e+00 4.612336421141431386e-01 6.288334533873253251e-01 1.027933212939277308e+00 1.215601174873149448e+00 1.005561674976625630e+00 2.978648732724736847e-01 3.920842256551364535e-01 1.114476240013201780e+00 4.151446804207579167e-01 1.043943784349191883e+00 1.059651005135858970e+00 3.435530291812041170e-01 5.093597753110679083e-01 9.707083592995697785e-01 6.082656307367038107e-01 8.733750550584932215e-01 5.527826474738570806e-01 9.669400603463056409e-01 4.079817290251797068e-01 9.439002465631810557e-01 1.234083562162574310e+00 1.171736419613229385e+00 7.453359731592722470e-01 1.246562676359995292e+00 1.170185229506203184e+00 4.392290052308326365e-01 8.367739229569882697e-01 7.468737027798595385e-01 6.292535541975396995e-01 4.867197483759330146e-01 1.358903408746000352e+00
3.960258620967750387e-01 5.934763469875270481e-01 1.188890789469888132e+00 7.762301591639979570e-01 5.658811258812674883e-01 1.179500034719791923e+00 2.707293817373633282e-01 6.180559789248675218e-01 8.893782693869132228e-01 5.708035549811276699e-01 9.285391078463868242e-01 8.222048136699369181e-01 1.241455792129392943e+00 6.046350022214697084e-01 9.137510223619917937e-01 5.286296771193383925e-01 1.101202485142017018e+00 1.189472264251170364e+00 9.062528334629318394e-01 1.057948194609023007e+00 5.187745285234870440e-01 1.163215582581239360e+00 6.245860590803278267e-01 3.902160905771666077e-01 8.043104548340729298e-01 5.961471121286869845e-01 9.924906323468978275e-01 6.602613368918548442e-01 1.317447002172976056e+00 4.121957080000570595e-01 3.846480184630440280e-01 9.918799480372587629e-01 1.023697785620162559e+00 9.397433448004539613e-01 8.434189735536535837e-01 1.184163960247020864e+00 1.162891028549804862e+00
1.883128811392635049e-01 4.165050834180720196e-01 2.926428830316513685e-01 6.921754570335882928e-01 2.934028725597490617e-01 2.792740212310401704e-01 1.134725350983801340e+00 4.791644831846952890e-01 3.992666037194684270e-01 9.056935274746651388e-01 3.725359216481675118e-01 5.680852117587485983e-01 9.524123324903424059e-01 7.614851686222299243e-01 1.256036530885088709e+00 6.228611958660413839e-01 4.811055072234608487e-01 1.231282471487531005e+00 1.166134949211268923e+00 8.732649533621021920e-01 1.048881415545013240e+00 1.186668909654483794e+00 3.221750702956684420e-01 7.431964965056061523e-01 3.894229891217678707e-01 3.845358840773691611e-01 7.478467393545866759e-01 1.219004755041272592e+00 3.319422029456901013e-01 1.101281753567741495e+00 9.043143859257294359e-01 5.279217465759009631e-01 1.300509312399940276e+00 7.765635581551777467e-01 9.207962992622502618e-01 1.057215267139889114e+00 1.176843597779143824e+00
8.129276269975161950e-01 2.975681761348550891e-01 4.984684721847554845e-01 3.284250582760211978e-01 3.901259184066444563e-01 6.028042593883105038e-01 9.187511874236273801e-01 4.827897489543275800e-01 3.066448875564738996e-01 1.075935029155083100e+00 7.568150887902156398e-01 3.149116603957318183e-01 2.610023637834073540e-01 1.218192252819700006e+00 1.021033637021579343e+00 3.510910152243478244e-01 9.166370170976094744e-01 9.404746526513959592e-01 1.176290540584947086e+00 1.017308071952228055e+00 1.186531106000214386e+00 1.231574910006906887e+00 5.560974933134321674e-01 3.388187936867757544e-01 1.242310170665373192e+00 7.738704961372921964e-01 6.124370884457841502e-01 8.928319029232103521e-01 1.013576045805079096e+00 6.336457360386233972e-01 8.276547242506553381e-01 9.542116405619578412e-01 1.117963577116253493e+00 6.882600166586247958e-01 1.335467283827461937e+00 5.057128887794105632e-01 1.006752615504373782e+00
6.247685123995075918e-01 9.527030248348090646e-01 9.706984799643532114e-01 1.107323574052806014e+00 9.021104225384297681e-01 7.595764950449255259e-01 6.870386355424729086e-01 2.901183370653673821e-01 4.364167310590293392e-01 7.310212756752381136e-01 6.074909054878172565e-01 5.712889327972708875e-01 6.414256499967374570e-01 6.302279663393846043e-01 2.966178928772595924e-01 1.212207832042227595e+00 1.086575091904918855e+00 6.759543016768172485e-01 4.736520233718288786e-01 1.016062511772492849e+00 4.417291717074061652e-01 1.155249536828268031e+00 1.003746995621873639e+00 9.160760384528616740e-01 5.734963958597838474e-01 8.437527378840463665e-01 3.391482545314801755e-01 4.154015661188041331e-01 3.467361543376390465e-01 7.174196564282830924e-01 1.302599370610322271e+00 1.048385944275305848e+00 7.665619623650354875e-01 1.057185230439215307e+00 9.624992154517496568e-01 4.534593126911875549e-01 4.936865440114846515e-01
